y_prob
0.3500992
0.032983985
0.6566236
0.99671626
0.9950406
0.9984131
0.096954145
0.9901973
0.9982153
0.99530977
0.9881813
0.9865254
0.0071660546
0.3155907
0.8352996
0.7278557
0.9965546
0.99440753
0.4815231
0.9893708
0.33715266
0.99950826
0.9999361
0.99288297
0.9965927
0.031700615
0.03163454
0.80030817
0.8972241
0.9953784
0.99016285
0.8733648
0.99945337
0.008952335
0.4819291
0.9927039
0.96789795
0.9962368
0.9940825
0.13874209
0.99674857
0.22825344
0.014018033
0.99995625
0.9862054
0.7254444
0.9907522
0.9662026
0.98332787
0.8813699
0.9906577
0.98083293
0.98653865
0.9537384
0.9995384
0.99935275
0.06791622
0.9939427
0.9993125
0.85419244
0.9972939
0.9921137
0.009689291
0.96151227
0.99701047
0.998553
0.00979158
0.9549305
0.983642
0.53783363
0.99438804
0.015815265
0.1083305
0.008044359
0.98516375
0.24877888
0.9907718
0.98840106
0.99634486
0.9978377
0.9919626
0.9974305
0.99615246
0.99636334
0.0038166796
0.98969686
0.9974088
0.98932403
0.99189514
0.99818075
0.9985567
0.99575055
0.6907784
0.998417
0.9857799
0.009954247
0.9687792
0.99775046
0.76678073
0.9787386
0.9995666
0.9760637
0.06892618
0.9976676
0.017081203
0.99561703
0.96472335
0.997846
0.28174165
0.9985031
0.9983858
0.99417603
0.999201
0.14905211
0.89375144
0.9998822
0.9373023
0.99419653
0.99921525
0.9485767
0.3942333
0.9890015
0.99747133
0.99617296
0.99610305
0.9957634
0.9788856
0.15825497
0.99810433
0.9979786
0.9998547
0.88903445
0.9565355
0.998664
0.8698076
0.8523033
0.99464685
0.5099487
0.08342534
0.99166286
0.9990476
0.99850994
0.9934736
0.99593204
0.9926732
0.9990397
0.39282307
0.52836066
0.9861535
0.12560014
0.99771833
0.99494714
0.9969867
0.9975394
0.010395817
0.99219257
0.95452064
0.99581194
0.30115274
0.91150343
0.99284196
0.9472223
0.9985794
0.9904661
0.99731725
0.9456173
0.9972025
0.9927543
0.99188095
0.99856913
0.9932592
0.008232204
0.9901517
0.6886984
0.9982381
0.035011895
0.9991461
0.004303411
0.9212921
0.2944754
0.99413955
0.9974746
0.9970673
0.9957052
0.036053114
0.9979303
0.9717335
0.99601126
0.9487824
0.9957781
0.9928209
0.9953774
0.99882346
0.7003463
0.99969184
0.95197624
0.99449134
0.99677914
0.9890703
0.9234853
0.9968491
0.9990693
0.9968988
0.80127585
0.98695195
0.99481934
0.986388
0.9984724
0.9957307
0.99297184
0.37084043
0.9694344
0.54242605
0.997341
0.99329716
0.004694149
0.8629102
0.95420045
0.99717796
0.987528
0.9961027
0.999297
0.008291485
0.14776273
0.86954224
0.7955792
0.98634726
0.99810034
0.01643344
0.9963331
0.907973
0.99080557
0.99739516
0.691793
0.998662
0.0233287
0.0085524665
0.99676335
0.9965779
0.99499977
0.9979938
0.9968575
0.9931908
0.99982435
0.99866474
0.997523
0.012480511
0.014377821
0.9977088
0.85891473
0.993178
0.9895069
0.018973127
0.30505338
0.99710375
0.9980463
0.99217916
0.9956365
0.07911309
0.1987025
0.99960595
0.98294926
0.9887783
0.9999068
0.9965321
0.9951432
0.99537635
0.97021097
0.99763083
0.9981982
0.98063344
0.9939732
0.18449657
0.99436957
0.57017046
0.9991411
0.95579004
0.7993282
0.018795332
0.98901165
0.010799977
0.99237096
0.9099267
0.37559292
0.98741895
0.06676483
0.9833302
0.9987748
0.41267288
0.990774
0.086932234
0.9985109
0.0059545874
0.9959396
0.9933101
0.8380128
0.99559057
0.9848273
0.74136794
0.9992046
0.035608858
0.90017515
0.9902379
0.96540594
0.99276733
0.9963811
0.99792045
0.9998958
0.9898991
0.9938638
0.6421745
0.9979892
0.98962665
0.029932516
0.9937436
0.9998611
0.7434184
0.9988188
0.9998178
0.9992818
0.99732226
0.99670804
0.99925894
0.9947296
0.9961825
0.4511979
0.99728525
0.9998878
0.06710281
0.9935375
0.9982558
0.99886596
0.98974305
0.938235
0.98186284
0.17836769
0.9914282
0.9987929
0.994031
0.9966955
0.009334974
0.5849346
0.9952329
0.99636745
0.99156463
0.9977284
0.99627125
0.55620587
0.9972947
0.99989855
0.09443304
0.063734174
0.92124206
0.007213362
0.998591
0.99548125
0.9953892
0.9985342
0.065727435
0.6611514
0.9974597
0.99988997
0.87665725
0.99959344
0.997577
0.60689366
0.14099069
0.99048716
0.9990404
0.831401
0.9963386
0.9951439
0.9761271
0.9596081
0.05951558
0.99720216
0.99820614
0.99687505
0.9848622
0.99905056
0.9982003
0.99679995
0.35154366
0.9340563
0.1607478
0.13136359
0.83067137
0.8642406
0.9956483
0.015455432
0.995006
0.9995628
0.80898297
0.25117773
0.9985927
0.19496292
0.99061805
0.97408265
0.8212603
0.9645016
0.002815843
0.9978236
0.97856355
0.99612087
0.89240795
0.034833122
0.9982424
0.2547348
0.16728114
0.99719304
0.99506605
0.07991025
0.9885434
0.9774735
0.9914076
0.99845314
0.9186172
0.99549615
0.99810284
0.022247277
0.99800307
0.943811
0.9974705
0.99115455
0.99904364
0.9985384
0.9971193
0.98715657
0.98957205
0.051673986
0.98489076
0.9559259
0.4453562
0.9964238
0.98078996
0.035311326
0.99542964
0.9886157
0.9049812
0.059249416
0.9832722
0.9972838
0.02214664
0.9783932
0.020318743
0.9942614
0.34865737
0.9752964
0.9951787
0.028105471
0.93702525
0.04597012
0.9892992
0.9975369
0.99900997
0.98385227
0.9963781
0.9991252
0.9939029
0.9973814
0.99843997
0.9371248
0.99818027
0.9449282
0.9964406
0.99858546
0.041218303
0.99703884
0.9479079
0.99819916
0.99741566
0.9968201
0.99910337
0.8620625
0.98182184
0.6871998
0.7996235
0.9938572
0.99559844
0.36999977
0.004273969
0.99286747
0.995747
0.9956285
0.9961133
0.99735165
0.99929583
0.90486354
0.9672997
0.8983782
0.9843158
0.88980603
0.9019602
0.9935874
0.9986053
0.9836414
0.99484104
0.99872595
0.9981351
0.98592836
0.004344182
0.8697204
0.026452344
0.99628687
0.9993519
0.044905998
0.99855703
0.06977406
0.9980136
0.9892435
0.98910147
0.99764246
0.9991597
0.9264351
0.9966133
0.99866974
0.9740709
0.99814713
0.9945399
0.981645
0.99853265
0.21919397
0.15535545
0.9947535
0.997528
0.99969935
0.99937195
0.99585056
0.9870525
0.7646999
0.9002965
0.9847184
0.29531214
0.9991999
0.98490846
0.9985648
0.982317
0.9980737
0.9615504
0.98186743
0.99880195
0.9970078
0.93535775
0.044284504
0.9296085
0.06364656
0.99993527
0.9982235
0.656672
0.14585845
0.99423283
0.96834296
0.97577715
0.8797861
0.99989605
0.64970434
0.9997538
0.9667936
0.87974095
0.0068624644
0.5893703
0.8939358
0.73198116
0.98319674
0.9907578
0.9091224
0.9881392
0.8748617
0.07567578
0.9908824
0.9937437
0.8549832
0.8583513
0.022710618
0.9941858
0.9932948
0.931814
0.3048399
0.03615466
0.9924595
0.098941445
0.9980299
0.07684696
0.9915005
0.87757546
0.997789
0.14089696
0.98243743
0.99549294
0.9902014
0.05173439
0.99207413
0.9407661
0.9983063
0.83080554
0.84007823
0.47652453
0.96654785
0.85662925
0.9970028
0.86059135
0.28395802
0.9911753
0.9888186
0.995806
0.76244277
0.9969259
0.86861914
0.9943646
0.19791612
0.99826604
0.04807274
0.009531458
0.9930829
0.9939458
0.9914063
0.9942372
0.2210545
0.031511333
0.99768174
0.025437491
0.9901029
0.13423316
0.99796534
0.978371
0.9995395
0.5765074
0.25245884
0.9974323
0.9957955
0.9593419
0.9967571
0.8572659
0.9919818
0.9952761
0.9927409
0.9852954
0.99720436
0.7454659
0.95314837
0.95902085
0.99517775
0.9884769
0.026982786
0.9941379
0.033700667
0.99501735
0.032027695
0.018248314
0.79868287
0.044912115
0.99883336
0.7327767
0.99566406
0.16088843
0.9622076
0.99763095
0.10849208
0.9633835
0.9239687
0.62604207
0.83716774
0.9791308
0.9937814
0.8526534
0.5151777
0.99778736
0.0424107
0.99645716
0.9968394
0.9998004
0.9810433
0.99161935
0.99992585
0.9124678
0.6127318
0.984227
0.9992755
0.99375534
0.06354774
0.024463363
0.9903493
0.1538685
0.99622667
0.9937038
0.023867985
0.99282503
0.99919873
0.22768845
0.063028425
0.99752
0.99797195
0.008323399
0.08300602
0.82372415
0.015206948
0.99621695
0.98354787
0.9653206
0.99326247
0.97905236
0.9968054
0.9968131
0.73273265
0.99971896
0.99471694
0.04376342
0.9940147
0.99859256
0.99971753
0.03951399
0.027687442
0.9955439
0.9989372
0.9331126
0.030217145
0.9969438
0.9713054
0.9804243
0.008284728
0.10374141
0.99786466
0.012335241
0.9408935
0.94783145
0.99121374
0.93895036
0.97987044
0.9717333
0.1778674
0.99684757
0.03724208
0.99669975
0.998995
0.98122406
0.9856522
0.99102753
0.089561656
0.9945035
0.9636966
0.99703884
0.9794596
0.09685118
0.7469997
0.99977607
0.9986386
0.999572
0.99439335
0.99431795
0.99837327
0.70169175
0.99828327
0.985872
0.10220355
0.6787184
0.995323
0.9771448
0.9965611
0.9981754
0.8429605
0.9931866
0.9944266
0.99525166
0.99724305
0.9966564
0.2716684
0.07999668
0.99597496
0.043451168
0.99834394
0.99684024
0.9959694
0.93965477
0.99956316
0.9968328
0.99245185
0.9978064
0.23837441
0.9919252
0.9886304
0.98548615
0.99841225
0.013223462
0.9657962
0.9954016
0.9974323
0.99649906
0.9411223
0.99058175
0.95527804
0.9994765
0.99836475
0.993182
0.9991755
0.8189297
0.99918
0.041946482
0.012550125
0.9933602
0.5348212
0.99747986
0.9843917
0.9985788
0.9986381
0.9913327
0.11790581
0.95223117
0.013216527
0.9990268
0.999816
0.99793255
0.99979776
0.32078615
0.99287647
0.038209416
0.9943481
0.031004012
0.99652845
0.053824965
0.14054255
0.02380029
0.9971841
0.9970661
0.05778332
0.9979571
0.9918738
0.96779835
0.99513865
0.99753976
0.9925391
0.99444443
0.98728186
0.58937246
0.8499761
0.46295166
0.99731666
0.9233857
0.37318662
0.058355942
0.93672013
0.9612162
0.99712604
0.983888
0.14055549
0.99429333
0.9766693
0.9856602
0.96753937
0.997898
0.99726677
0.9994019
0.99788254
0.99848807
0.9541333
0.988267
0.99916184
0.99880624
0.9939016
0.99273324
0.96176416
0.9967771
0.9973017
0.99258196
0.998628
0.99814713
0.8066358
0.99811953
0.9979183
0.88660264
0.9969807
0.9358218
0.99655735
0.97478944
0.9999232
0.9978479
0.89673895
0.9954204
0.97847235
0.98372275
0.9923767
0.111701995
0.9970161
0.99928457
0.9856588
0.033824816
0.97797066
0.5864599
0.9990097
0.035420448
0.9974389
0.9988906
0.9656164
0.6419851
0.99819946
0.99456984
0.86683273
0.9537895
0.9967693
0.7798076
0.99732107
0.99036634
0.06450274
0.9947318
0.9328222
0.99713093
0.08983353
0.9410291
0.99902177
0.98503774
0.9863105
0.9891506
0.5726211
0.9944886
0.8565463
0.99089164
0.9361241
0.9064221
0.9829091
0.99798214
0.97134405
0.97632056
0.9252441
0.99935275
0.78540707
0.9883605
0.9895812
0.9470012
0.16952634
0.9748887
0.028768893
0.9954522
0.9924379
0.97277564
0.9925882
0.8358534
0.9978054
0.9939215
0.914982
0.98875487
0.040581107
0.9436225
0.27765942
0.97317433
0.996225
0.00972696
0.9996383
0.9977309
0.9990522
0.9874699
0.049831238
0.9649451
0.26921093
0.8437224
0.03455446
0.57717776
0.9985759
0.028116455
0.74793845
0.99432397
0.983114
0.9966785
0.9926266
0.92458653
0.04402524
0.051506814
0.9738097
0.9860282
0.85978955
0.9956501
0.99320704
0.99732035
0.99541086
0.9966474
0.78902966
0.99180365
0.95226264
0.985185
0.011527547
0.99820626
0.98973304
0.99639386
0.03243434
0.9867688
0.9980077
0.93219733
0.99723583
0.9965013
0.9625171
0.9998062
0.9963903
0.9151815
0.07936338
0.99861276
0.99921775
0.9843487
0.9982926
0.9968839
0.99382377
0.025202582
0.99875987
0.99156827
0.06533521
0.032903425
0.9966625
0.99859816
0.99727815
0.8595963
0.343779
0.99766123
0.99385566
0.9977245
0.9959246
0.99843055
0.9593809
0.98935294
0.9988305
0.99606615
0.06299522
0.99727386
0.018818941
0.9783197
0.9987268
0.8030932
0.99903584
0.99918085
0.9842653
0.9038679
0.40995976
0.011612622
0.19016859
0.8802886
0.9940388
0.9934389
0.97888035
0.9912691
0.16153929
0.99172336
0.06344804
0.99739575
0.99967027
0.9943222
0.06469049
0.9973924
0.9991605
0.9604531
0.16002476
0.9937032
0.99407744
0.09816616
0.9957848
0.09049001
0.9903655
0.98895407
0.48041153
0.99642205
0.035556544
0.99371195
0.9957445
0.94877386
0.17242454
0.009203402
0.9937028
0.0068449643
0.9898469
0.99938536
0.99534494
0.9997639
0.99989045
0.99534637
0.9976593
0.040085953
0.9957579
0.99787414
0.99087393
0.96155226
0.03268088
0.3438593
0.99705243
0.01853072
0.33213264
0.22561516
0.9983387
0.67268836
0.9861056
0.072400756
0.9162678
0.95311403
0.9989355
0.029316083
0.9698014
0.99681526
0.9995252
0.9790557
0.9953133
0.99935097
0.99548304
0.9270204
0.99359185
0.7839192
0.99665123
0.9981035
0.9944734
0.9943514
0.9805007
0.9964468
0.98225695
0.94283926
0.9655024
0.84571064
0.9965385
0.7941777
0.18693168
0.99909127
0.9944254
0.9978003
0.9971764
0.99480057
0.79288584
0.99349326
0.9937411
0.9989938
0.96434295
0.9948571
0.5305493
0.9887504
0.995518
0.059864715
0.9981735
0.9984078
0.97615254
0.9985592
0.9994967
0.0023570398
0.991091
0.35975662
0.024170429
0.9667617
0.99658895
0.9950459
0.00831719
0.9257477
0.03939971
0.99426794
0.99153477
0.7646433
0.97807544
0.99685955
0.012252817
0.99684095
0.26043296
0.9589263
0.99011874
0.9969945
0.90987927
0.9978321
0.7790798
0.9949602
0.9992705
0.99873465
0.9946514
0.97185755
0.9229061
0.9890849
0.9966055
0.99817085
0.7265318
0.9962004
0.99832755
0.99608433
0.9990108
0.99481404
0.99368155
0.99819237
0.9971825
0.9968945
0.9321134
0.7183287
0.0070270444
0.8795214
0.022652673
0.9998938
0.986919
0.9951756
0.9871356
0.967969
0.98237914
0.9926847
0.8810001
0.9990181
0.0629193
0.9868868
0.99160516
0.942841
0.9974056
0.065307796
0.9828408
0.71397847
0.08227139
0.9990396
0.9977024
0.9628712
0.016131865
0.9897473
0.9982162
0.908671
0.29136202
0.9969728
0.908532
0.14438204
0.8608647
0.036506362
0.9737733
0.9962327
0.0040437314
0.9993198
0.99880695
0.66081995
0.8311597
0.99599046
0.0033525832
0.74651814
0.99814224
0.93686366
0.99861515
0.008201745
0.055766556
0.93727875
0.016194254
0.99838376
0.9963142
0.9975921
0.99002165
0.98072755
0.99556977
0.9949451
0.9983028
0.9901078
0.9959971
0.020143488
0.99864584
0.9964844
0.012489277
0.9820577
0.9976447
0.99434066
0.9845879
0.9885423
0.93254894
0.96344835
0.9981207
0.9943362
0.99811757
0.99819344
0.7143773
0.9982048
0.0065325834
0.991267
0.94300836
0.99950826
0.9835376
0.9909741
0.9594099
0.06551545
0.9155584
0.9967823
0.9204157
0.9968489
0.99168336
0.9920896
0.99851733
0.9930767
0.3564838
0.99227107
0.9981147
0.9879292
0.99713683
0.98411244
0.9852071
0.7417277
0.99637955
0.7853469
0.9901716
0.94922596
0.03502734
0.9973437
0.5514784
0.99650383
0.9880683
0.8918391
0.97532076
0.544611
0.9803303
0.9955871
0.99226695
0.99032354
0.9860518
0.99618703
0.99857986
0.86798275
0.9806758
0.99104637
0.040782444
0.99261343
0.314724
0.98885673
0.02054978
0.98293924
0.9941316
0.99404114
0.8561141
0.027045922
0.94131714
0.05313745
0.99659914
0.030612733
0.010406571
0.9851725
0.9827512
0.9578862
0.028123118
0.8614285
0.82131183
0.038437895
0.9140327
0.999469
0.51659304
0.9960083
0.9905087
0.9985397
0.9998772
0.9983992
0.9841291
0.88952154
0.993587
0.047240924
0.26128927
0.99868876
0.99812835
0.99982494
0.98932403
0.039546702
0.9486702
0.9899211
0.024574568
0.9983997
0.981822
0.99150217
0.9966869
0.9994578
0.6856201
0.9779137
0.032798603
0.6908023
0.997054
0.99949574
0.6455952
0.9993704
0.9762864
0.87221706
0.7787728
0.9930808
0.99589646
0.99855405
0.974133
0.62721384
0.005986453
0.9930058
0.17420085
0.99891174
0.9972257
0.99976426
0.9420716
0.9982515
0.99289376
0.9952496
0.9992829
0.07633602
0.99347657
0.059335776
0.9958062
0.99607784
0.99751955
0.99963295
0.9865688
0.9907403
0.9114341
0.8394896
0.7599108
0.9850643
0.8299479
0.99664646
0.99743843
0.99656004
0.99984276
0.9726465
0.98883027
0.9953235
0.9999505
0.89780396
0.99387795
0.6229507
0.995155
0.9996449
0.9982926
0.841681
0.25751343
0.9927127
0.9950517
0.9998055
0.83240604
0.997141
0.9973902
0.9988651
0.99901664
0.9921618
0.99793136
0.95225537
0.9934136
0.99610823
0.9691362
0.99912494
0.9969097
0.9943516
0.9911786
0.93892443
0.9542495
0.7115004
0.9961056
0.18061075
0.9969669
0.99855727
0.995252
0.989847
0.9782582
0.9917453
0.99861574
0.09296983
0.993786
0.9843342
0.99908924
0.9994848
0.005089537
0.02054951
0.9831029
0.99849033
0.99443555
0.9900367
0.9956463
0.9977029
0.2973824
0.98796636
0.99289143
0.008087049
0.04911655
0.99795073
0.97657555
0.9900609
0.99858356
0.9868847
0.9753057
0.6755521
0.9473443
0.9949222
0.9903306
0.87837136
0.9126121
0.013553642
0.027930668
0.99969125
0.54806113
0.9967892
0.9927914
0.8914641
0.98527443
0.98538554
0.47627908
0.9506946
0.062552124
0.9977016
0.020066438
0.9752034
0.01832478
0.6479687
0.99683785
0.99606836
0.9998512
0.010938107
0.9884384
0.007466659
0.99715674
0.9967771
0.9900136
0.99332505
0.92063004
0.9968945
0.99834347
0.011749063
0.99398696
0.035863057
0.96841174
0.99766695
0.9927229
0.010699883
0.9623072
0.021192169
0.99830747
0.9883769
0.9959661
0.99511343
0.64711314
0.008101984
0.84795964
0.9967428
0.79303396
0.98748904
0.9982382
0.24001099
0.8515283
0.9727165
0.080433615
0.9856865
0.9955902
0.94335914
0.9271253
0.9135343
0.99458283
0.06466659
0.99702245
0.98923755
0.9951953
0.9984642
0.9961092
0.99287206
0.90775985
0.089409985
0.9880248
0.009090649
0.98157746
0.9960543
0.99461246
0.009677978
0.3759972
0.017967094
0.806423
0.99639124
0.99581146
0.9900489
0.10718654
0.9958075
0.9943082
0.9995913
0.008462743
0.99803895
0.23128891
0.86179197
0.92936087
0.98585004
0.82847244
0.9947037
0.99802667
0.9651975
0.9995395
0.9971154
0.9963295
0.9954466
0.44331753
0.98452944
0.9993488
0.97455776
0.76932406
0.995199
0.3908933
0.12470132
0.7408655
0.9948972
0.03693433
0.9538437
0.05918951
0.9889276
0.9978694
0.99956113
0.9858225
0.9990416
0.9983789
0.6666072
0.9870809
0.8268294
0.20788503
0.87330574
0.3105175
0.06090932
0.9998486
0.027457178
0.9849888
0.9976521
0.9971521
0.875677
0.031272642
0.90562814
0.99056995
0.9974329
0.9968093
0.9896746
0.9960674
0.92136323
0.9877593
0.9957455
0.05766868
0.03927765
0.9734022
0.955353
0.96160847
0.9838611
0.9780084
0.9611214
0.6578888
0.99569404
0.99795216
0.995445
0.9896367
0.9986505
0.9843285
0.11842818
0.009213517
0.9923273
0.99826044
0.99782443
0.11438533
0.99303305
0.9930367
0.3876874
0.021981485
0.99726534
0.99569654
0.054181855
0.9861472
0.015061045
0.9966324
0.94032264
0.999456
0.9875924
0.10829562
0.13840953
0.99447674
0.9979074
0.9967618
0.25584602
0.9962674
0.049649443
0.99915826
0.99507034
0.9920242
0.9985379
0.05723899
0.99204576
0.30765036
0.99532557
0.2231747
0.9984884
0.96602416
0.9713172
0.9973545
0.96748316
0.981899
0.9936731
0.96671396
0.94712204
0.99590474
0.9881258
0.99847263
0.9944459
0.9520128
0.8630601
0.8114415
0.9995709
0.99588424
0.9829489
0.50885963
0.99689794
0.981339
0.9878945
0.99033046
0.01886956
0.9796261
0.9928219
0.99677676
0.9996031
0.01743831
0.9973333
0.99840325
0.9983057
0.99835676
0.52316433
0.9997123
0.99734676
0.9987232
0.8614307
0.9939949
0.99181795
0.9028508
0.99870014
0.9999559
0.99567586
0.8386742
0.9995134
0.9949215
0.99834335
0.083683036
0.9948443
0.093252726
0.9950352
0.995598
0.9667801
0.96880126
0.62709236
0.55913335
0.050635625
0.99914503
0.008323883
0.9989938
0.99261296
0.99853516
0.9929283
0.9940083
0.99058807
0.9658901
0.070608705
0.997698
0.9934395
0.038358834
0.9763743
0.961381
0.018546933
0.9999033
0.99217916
0.0044267387
0.9954535
0.98908466
0.31237805
0.99988973
0.9984345
0.9976044
0.9779644
0.99789846
0.42371416
0.9999479
0.16320673
0.97092885
0.76535887
0.9977399
0.9980925
0.9945142
0.91542405
0.9983369
0.994722
0.7565183
0.9812166
0.02696378
0.9989335
0.029513549
0.99660504
0.58181816
0.9950724
0.99790657
0.99377924
0.03345682
0.9939454
0.9949764
0.09501229
0.99992347
0.08471965
0.0368753
0.6158406
0.44990543
0.9966665
0.9878736
0.71060234
0.9690257
0.99675083
0.93563056
0.036543284
0.9982015
0.99490607
0.99598205
0.99823296
0.9973099
0.99936944
0.8888792
0.38900065
0.99306595
0.010302173
0.99622226
0.9959126
0.63702047
0.011590269
0.99698156
0.97997916
0.9942368
0.9934608
0.960235
0.9967403
0.03849607
0.99979657
0.99675107
0.9983798
0.99990463
0.9982394
0.9969608
0.017295849
0.027927501
0.9980586
0.80542326
0.99802375
0.10417436
0.9843104
0.9970688
0.9988919
0.96287084
0.86135465
0.0042981817
0.099002786
0.98171496
0.96644884
0.99771583
0.8486541
0.06907052
0.030326378
0.9973936
0.9872364
0.1771735
0.997834
0.9126394
0.9902858
0.9444666
0.9947127
0.9949992
0.9953022
0.9990421
0.99032354
0.04595732
0.76937896
0.996514
0.9984635
0.99969566
0.9997806
0.037108995
0.930242
0.9969399
0.978529
0.99483865
0.9985423
0.8647882
0.98866445
0.9966628
0.9938944
0.831912
0.913752
0.99444723
0.98597986
0.9970901
0.06597938
0.1017547
0.977433
0.99716187
0.99213505
0.8995901
0.99397403
0.8797523
0.02786474
0.11044786
0.9943197
0.99252725
0.99540603
0.999522
0.031655632
0.99864036
0.044803016
0.6041275
0.99949336
0.99876106
0.0022498704
0.9889137
0.90625656
0.99839056
0.40837225
0.98155254
0.9936894
0.99973065
0.9930862
0.9966582
0.7408129
0.9983455
0.9833524
0.9987214
0.9977985
0.050309315
0.7423371
0.9930617
0.008499288
0.9641052
0.71828187
0.9995122
0.11834355
0.99627197
0.9987224
0.028972086
0.8126491
0.9956955
0.35624382
0.9823989
0.995148
0.9990765
0.99391323
0.9924967
0.99720323
0.12423411
0.9955811
0.9967642
0.99881893
0.99085695
0.9972933
0.9978363
0.990266
0.0057556387
0.99795204
0.9967764
0.99905294
0.9945544
0.9973883
0.97488564
0.98287904
0.99530387
0.98533195
0.9926322
0.9914997
0.7361804
0.03223897
0.9967175
0.8619714
0.9861811
0.99597883
0.020115381
0.9549839
0.9982426
0.08722303
0.9988354
0.9976641
0.10702479
0.9989115
0.07777133
0.98484033
0.9894939
0.9960996
0.98978007
0.02212546
0.99800545
0.99913365
0.6024375
0.9897564
0.9971486
0.9951574
0.99939203
0.9986084
0.999014
0.980755
0.90526265
0.9978986
0.99917114
0.054909386
0.9998996
0.9936346
0.97669697
0.98741955
0.9997384
0.9911867
0.99760544
0.99459475
0.7859822
0.9888101
0.99605274
0.99646133
0.99968684
0.32882386
0.74247265
0.9686063
0.11298426
0.9979321
0.99590105
0.7095241
0.9949462
0.9973199
0.9928308
0.9999305
0.89992726
0.008268611
0.47640848
0.9193409
0.99098235
0.984521
0.6619824
0.9982809
0.9088209
0.9645455
0.994218
0.44438544
0.9908388
0.42255175
0.9930692
0.8057828
0.91147965
0.8507259
0.99782676
0.97710735
0.85100377
0.9687722
0.0973808
0.9974861
0.999206
0.9981402
0.9974394
0.99786466
0.9970457
0.89453334
0.7453509
0.9098328
0.9195424
0.9885261
0.9968466
0.99545926
0.9963491
0.9993773
0.026659563
0.019842034
0.9905468
0.9853393
0.01841984
0.130079
0.9966642
0.9977908
0.28965756
0.98885286
0.93667525
0.9932172
0.034170527
0.26609635
0.9956548
0.99975353
0.039097797
0.017916774
0.9710518
0.97378504
0.99942243
0.94360894
0.99994075
0.99577063
0.99941134
0.96878326
0.9989203
0.90461063
0.99826354
0.9939241
0.9958521
0.9911205
0.020224037
0.9859589
0.9988588
0.95850277
0.8035398
0.85908645
0.47893354
0.99207073
0.059577044
0.99751294
0.876169
0.9983437
0.9694006
0.99361223
0.99538773
0.99212366
0.9884969
0.993317
0.996347
0.99622005
0.94224983
0.94038904
0.9968286
0.9968541
0.9984353
0.9938788
0.9950283
0.9555157
0.96633464
0.9926966
0.9862991
0.9973687
0.9789275
0.030760754
0.9950211
0.99674267
0.9987386
0.9158788
0.99817383
0.9982248
0.9121834
0.91925687
0.98916143
0.9997346
0.9632761
0.94656664
0.9859411
0.81824565
0.9990722
0.9970053
0.08520233
0.003768658
0.995708
0.99972814
0.9831214
0.9899352
0.98832816
0.9912463
0.98711115
0.17758697
0.6009843
0.97173464
0.98501426
0.9721467
0.97424984
0.7233354
0.7432238
0.99909174
0.57261896
0.99729127
0.7764593
0.999097
0.9908652
0.9962064
0.9752901
0.6316326
0.9856903
0.053038932
0.96587867
0.9989304
0.9942946
0.011581325
0.99497074
0.9905123
0.99668795
0.88930416
0.999243
0.9598513
0.6281532
0.998237
0.99283385
0.9844295
0.9993175
0.9996761
0.919311
0.9976871
0.99408627
0.97063035
0.7384967
0.9977793
0.9891878
0.98800397
0.9982135
0.9982205
0.98604625
0.9829154
0.9968478
0.99812347
0.9839045
0.016093826
0.9968135
0.79656494
0.01664824
0.9934656
0.8419431
0.36000323
0.9966959
0.99725777
0.9988312
0.3882942
0.0137226945
0.99010986
0.062364113
0.95076996
0.056658223
0.9965496
0.9954608
0.8080784
0.9858564
0.9924629
0.04550623
0.994699
0.99453306
0.9817825
0.99136496
0.9205838
0.9905766
0.7994404
0.96684784
0.024479283
0.9977823
0.79216564
0.9967489
0.52687544
0.99757284
0.47903687
0.60101545
0.81741065
0.99690324
0.19639166
0.9959875
0.8946366
0.8356636
0.9887162
0.015329016
0.67535627
0.012365934
0.8591493
0.99874866
0.9430532
0.99330395
0.9945813
0.029094664
0.99650866
0.030550137
0.9957216
0.9964593
0.96777856
0.99465406
0.76189417
0.9980647
0.40631047
0.99483705
0.998159
0.84891546
0.9837586
0.99451524
0.99648845
0.06049404
0.9977564
0.34390914
0.99994636
0.99710375
0.9967204
0.9996111
0.98814815
0.5632287
0.06376377
0.9997068
0.99035805
0.037607737
0.9892203
0.99274194
0.99648285
0.9984694
0.993961
0.99365836
0.99937147
0.0033175633
0.99116606
0.9836301
0.9960751
0.10084107
0.997954
0.99588436
0.993375
0.9728837
0.9920437
0.994187
0.9959331
0.996009
0.54987824
0.007996225
0.4736076
0.9750881
0.10004301
0.0098992735
0.023790205
0.027647499
0.99877554
0.9944629
0.99367404
0.99215794
0.87969923
0.9842755
0.9950466
0.9579787
0.9957776
0.07969144
0.9964855
0.96821165
0.70854694
0.9958306
0.99345654
0.94769764
0.9976497
0.993009
0.9369455
0.98917353
0.99615955
0.95947593
0.99956495
0.0069605485
0.9995433
0.018877378
0.9986785
0.71554244
0.7896055
0.9954484
0.58176917
0.09917156
0.994779
0.4384709
0.9889625
0.021274213
0.9927124
0.9793361
0.99162865
0.9964804
0.9975702
0.993644
0.96751326
0.020872606
0.99759716
0.36107987
0.9967002
0.99509394
0.9974164
0.9866807
0.9911504
0.9997743
0.9978225
0.020958439
0.008632038
0.9896165
0.996985
0.8348123
0.99831367
0.9936274
0.6194535
0.99117965
0.9987196
0.068305254
0.7236443
0.030910809
0.023397876
0.99786097
0.9939772
0.9625678
0.9975128
0.9991492
0.043406993
0.9915781
0.98949134
0.99403244
0.021887492
0.9874577
0.99128634
0.98959255
0.9939201
0.007967744
0.9977981
0.9972939
0.9965461
0.9921909
0.9880535
0.9990758
0.93281627
0.997413
0.9994529
0.99648404
0.9923604
0.9845487
0.12896997
0.007566513
0.9982632
0.9960978
0.99733174
0.9997446
0.9996152
0.9997658
0.9966898
0.019349035
0.99228245
0.9976497
0.9999374
0.99352926
0.9989675
0.005927809
0.99726415
0.46866423
0.6855171
0.9926432
0.9533703
0.8957185
0.8895405
0.98081654
0.13236824
0.91361755
0.13527282
0.9528508
0.9859702
0.95023733
0.99945754
0.9922692
0.995862
0.99752265
0.99763966
0.9961205
0.99776745
0.9922144
0.9365891
0.47812644
0.99982375
0.99543947
0.9862352
0.6404561
0.981246
0.12279087
0.31253365
0.90488666
0.99573
0.9915455
0.9954424
0.9670008
0.99986863
0.65716803
0.99637306
0.9939288
0.99953187
0.81870836
0.9594283
0.99959475
0.49704704
0.9967139
0.99800354
0.9937738
0.99038726
0.006554772
0.993192
0.96252805
0.69549954
0.8574793
0.9993318
0.8358129
0.75306284
0.995411
0.29393208
0.8868638
0.9982994
0.9943298
0.9863448
0.99851984
0.9997923
0.9961855
0.9954071
0.9969375
0.8975725
0.9990126
0.99489
0.9982608
0.9701301
0.5527435
0.9675944
0.033168063
0.99885416
0.98018837
0.9994387
0.99120694
0.9097488
0.9953348
0.9992599
0.9988788
0.9932835
0.9986651
0.99874496
0.9937581
0.94377595
0.97345895
0.9922741
0.43496826
0.9851952
0.99285287
0.9996301
0.8894971
0.9822949
0.99807954
0.05455776
0.98548996
0.9236686
0.99606425
0.97442335
0.98880005
0.99882346
0.99877316
0.9984616
0.9902452
0.9623304
0.25212574
0.99646795
0.9980108
0.99860615
0.082724825
0.9822379
0.74267113
0.9792473
0.98714113
0.9955252
0.6156066
0.99641246
0.014508126
0.8867365
0.99000096
0.9523073
0.03272655
0.99958783
0.072563425
0.74962246
0.991411
0.98329425
0.9927632
0.997051
0.9921943
0.9952799
0.9431411
0.99213153
0.9989009
0.99916375
0.84819067
0.994789
0.99739504
0.013142393
0.99802303
0.9980489
0.028555043
0.99946445
0.98004055
0.9999095
0.21447505
0.8509922
0.01163652
0.98524034
0.99681693
0.9902997
0.99607784
0.97817856
0.011836388
0.7726533
0.99391043
0.23866536
0.98414695
0.021350488
0.03682008
0.9967662
0.99839133
0.01199264
0.004543381
0.2910727
0.6207078
0.9962752
0.46644834
0.9682593
0.40104863
0.10213634
0.9990308
0.9926462
0.998092
0.9985757
0.07884903
0.6498395
0.9985909
0.9989838
0.9999101
0.19610439
0.99708277
0.9996946
0.049109187
0.990915
0.14597939
0.85047317
0.65020704
0.7629844
0.81901836
0.98118615
0.9865458
0.9781813
0.37785253
0.6528114
0.84957886
0.99545175
0.97819453
0.9962418
0.9971859
0.9947918
0.02418734
0.9990029
0.99046457
0.99985063
0.99713457
0.40960935
0.017490176
0.98961186
0.98850447
0.9131753
0.047221288
0.017134717
0.998801
0.9852276
0.91825414
0.9779349
0.74950725
0.99770784
0.08802257
0.99776566
0.95770043
0.03970601
0.01453491
0.97986335
0.0041130553
0.8660511
0.83274394
0.51470554
0.9962297
0.99834347
0.99813986
0.99697196
0.99776864
0.041309446
0.9966048
0.95706195
0.15284826
0.9927186
0.9957711
0.04464751
0.09095347
0.9931892
0.996485
0.99418145
0.010639202
0.9960759
0.93797344
0.99927753
0.99925584
0.99843544
0.99837154
0.9986681
0.9892424
0.99317557
0.9968901
0.99520135
0.99624324
0.9992576
0.96420085
0.9941466
0.089257024
0.0071730707
0.9997633
0.9546004
0.99850106
0.9856917
0.9972138
0.7804374
0.99946696
0.9531335
0.9959323
0.9997899
0.6249907
0.99903727
0.88997066
0.070258394
0.999038
0.9984396
0.9854843
0.7616436
0.9982121
0.070385925
0.99922717
0.9928746
0.99954575
0.9936952
0.9952597
0.7300033
0.07070026
0.9901978
0.9975821
0.1800894
0.73692954
0.9956381
0.0453251
0.9825339
0.9966208
0.8064793
0.0051692217
0.99043816
0.9944239
0.44966882
0.9922746
0.99989974
0.9974452
0.9983553
0.99907637
0.9549625
0.9901092
0.99838734
0.9964174
0.51057553
0.031931773
0.94636214
0.9257437
0.2711367
0.0364676
0.9979432
0.12292923
0.057808742
0.027854152
0.011816477
0.9959765
0.99356717
0.99527514
0.9983242
0.996902
0.98620427
0.9995316
0.9955154
0.013628103
0.9963897
0.9978707
0.03824969
0.9946641
0.9676894
0.026323773
0.99682283
0.997591
0.9962405
0.9960031
0.9965192
0.9986179
0.9921564
0.9967572
0.9997867
0.022194052
0.9922752
0.9836684
0.973128
0.99844754
0.9952709
0.9983323
0.8122175
0.11209782
0.9991972
0.956624
0.9977858
0.987563
0.005363011
0.9931223
0.9994387
0.9960926
0.99451786
0.53215843
0.9982712
0.9927874
0.9982474
0.4595578
0.99592006
0.9974268
0.16491903
0.9979786
0.9963793
0.9973133
0.6652
0.99809784
0.97297734
0.9934302
0.97886765
0.9954189
0.99653244
0.99954814
0.9995036
0.9995432
0.9987501
0.99328434
0.9896142
0.8557208
0.14625426
0.9969283
0.0097315395
0.013821962
0.029386427
0.99165756
0.010235125
0.04196379
0.99804664
0.9799349
0.9947337
0.97592145
0.86336285
0.97354865
0.98212206
0.7880159
0.99732167
0.994399
0.035781335
0.97449446
0.99587727
0.016322097
0.9836426
0.9907002
0.9955568
0.9943727
0.9988921
0.9976515
0.9941941
0.9976186
0.12992157
0.9999193
0.0065562283
0.9928929
0.9996598
0.5757479
0.9912101
0.9845334
0.94372815
0.13292655
0.99869674
0.079672
0.9755965
0.9979311
0.9966143
0.9967715
0.9983846
0.011412969
0.918887
0.99649566
0.9956731
0.0046023275
0.9916496
0.9347101
0.9990921
0.9999521
0.9943553
0.02512523
0.99718326
0.94823027
0.5044119
0.9949478
0.84720474
0.997349
0.7548592
0.010401298
0.98580486
0.96049124
0.9991635
0.59742284
0.9989675
0.20150949
0.9896656
0.9975586
0.9950656
0.12223662
0.52877957
0.9983183
0.9977925
0.8424352
0.996309
0.9890203
0.99471766
0.9912408
0.9979373
0.99722725
0.996505
0.04589817
0.9979159
0.99144125
0.049367055
0.48047438
0.36697558
0.07581376
0.99120355
0.9982114
0.9650311
0.774177
0.99746954
0.99761885
0.99712807
0.99870193
0.9956214
0.9864594
0.9518297
0.0055222316
0.9978461
0.7317666
0.99941707
0.9181026
0.013474803
0.9651096
0.9954886
0.83415353
0.6569355
0.9969796
0.9899094
0.9724653
0.99376136
0.02139437
0.9989611
0.99534684
0.998517
0.44494078
0.22261798
0.99558604
0.7443701
0.9979377
0.9990532
0.007711857
0.9994543
0.99606436
0.99038833
0.999046
0.9874928
0.9908433
0.99841416
0.23568161
0.9986143
0.8359305
0.030254375
0.9904903
0.99014634
0.99656844
0.99354136
0.9981224
0.24097301
0.9965798
0.98681784
0.069982454
0.99993396
0.9973007
0.9793611
0.93828297
0.0667685
0.999456
0.99003875
0.969436
0.9590713
0.038433764
0.99617237
0.9915706
0.99319637
0.92802763
0.99679273
0.9983353
0.9954391
0.9986952
0.20839413
0.5325302
0.20116118
0.99984074
0.9903599
0.99702257
0.99248624
0.9921783
0.97589195
0.9755715
0.9150194
0.99395955
0.9832056
0.9928396
0.99848527
0.0060582743
0.9939069
0.9989047
0.013222261
0.9987317
0.9976164
0.99788123
0.83076066
0.997888
0.9680017
0.9911793
0.9952524
0.02049237
0.7791631
0.99771774
0.65348136
0.4352005
0.9987212
0.9644234
0.99773324
0.72278404
0.99288154
0.9973289
0.9950925
0.24194239
0.9953584
0.991622
0.9906307
0.24809623
0.9912156
0.9975319
0.99583274
0.99011374
0.8995569
0.9978763
0.9866528
0.052436955
0.99926645
0.99844486
0.99885106
0.9951018
0.9086939
0.9949386
0.7587124
0.9961976
0.9989467
0.9616591
0.9915712
0.9979381
0.95988065
0.017927157
0.9941028
0.99788624
0.99652267
0.040968336
0.9777493
0.95709
0.99775356
0.67662555
0.9849975
0.9903348
0.060432576
0.99810934
0.86366606
0.9965759
0.90663916
0.9131847
0.9280879
0.99749905
0.99665004
0.988917
0.9954164
0.0100068655
0.9995022
0.9938467
0.99295324
0.013289035
0.99679595
0.99788827
0.9953177
0.90748674
0.9994585
0.9981653
0.97224784
0.99270564
0.9942893
0.99285215
0.9999088
0.9932126
0.98702663
0.958403
0.784741
0.8091679
0.9932197
0.9980337
0.22275491
0.28267002
0.99987733
0.39521703
0.9964385
0.9639912
0.99540085
0.99639785
0.19440886
0.99944323
0.9971591
0.108145416
0.04083985
0.9941713
0.9934248
0.9943566
0.9981369
0.9970734
0.99437475
0.9904151
0.99917907
0.99638784
0.9198385
0.62971723
0.9177367
0.5494243
0.009603142
0.96362674
0.9814177
0.9970728
0.004749422
0.9924441
0.990458
0.9925965
0.9999169
0.9951357
0.8774166
0.90871084
0.42094317
0.99743205
0.9872853
0.9966876
0.9866651
0.040719736
0.024500461
0.9973049
0.013093631
0.041451424
0.9542289
0.9981937
0.9964637
0.99583507
0.9912574
0.9917059
0.98564744
0.9955213
0.778351
0.99591655
0.027108159
0.976534
0.993411
0.03654535
0.29969832
0.99718744
0.15023522
0.7512128
0.9941818
0.9967264
0.030983761
0.8800617
0.10732125
0.9978726
0.9999243
0.8147093
0.02532114
0.998723
0.9634787
0.9809177
0.15124017
0.99866474
0.99747735
0.9953923
0.99270344
0.9918007
0.01224033
0.99735594
0.74945444
0.07253025
0.70965743
0.023852514
0.9974769
0.9729005
0.99802005
0.9851843
0.06890079
0.20365033
0.99359643
0.995407
0.7885071
0.9963446
0.24769649
0.9910753
0.950084
0.73295707
0.9991216
0.9901239
0.996833
0.9974395
0.98644406
0.9860444
0.99482083
0.9926133
0.9928517
0.99618703
0.99950945
0.99664944
0.01757299
0.9980369
0.9973808
0.99341017
0.9776928
0.9976404
0.99891734
0.99441093
0.99467695
0.98211956
0.012390633
0.9965565
0.9634757
0.9824796
0.72138894
0.99856913
0.8924752
0.75938964
0.9655178
0.9890717
0.9993894
0.63199264
0.99396604
0.9923298
0.99818605
0.9363204
0.998931
0.99380255
0.12988558
0.6864817
0.98926884
0.9971923
0.9937961
0.9957176
0.99831885
0.99450463
0.98048455
0.9903143
0.99943167
0.98084277
0.99424136
0.044254158
0.9999006
0.043631867
0.9948295
0.25809795
0.11390879
0.7842958
0.99819714
0.9711211
0.96484184
0.92196935
0.9993899
0.91559356
0.9575213
0.91286784
0.006646954
0.9358929
0.9984762
0.91688937
0.9918583
0.9905331
0.9510792
0.23578787
0.9963811
0.9954169
0.98200315
0.1730953
0.9852131
0.9971169
0.06941187
0.99147356
0.5813007
0.99420506
0.9926617
0.008883014
0.999688
0.99940884
0.9974227
0.707266
0.9925271
0.028838923
0.9912567
0.9635433
0.9841324
0.998577
0.024524154
0.049155533
0.9640127
0.99713624
0.9726275
0.99878734
0.97655267
0.097992316
0.9955427
0.45179638
0.99250376
0.9774714
0.9978143
0.99334806
0.013915714
0.9980471
0.9955545
0.9978198
0.4514544
0.968369
0.99188274
0.9987835
0.97778785
0.96124727
0.99641657
0.9965339
0.9938141
0.9965918
0.8699668
0.9874888
0.99758565
0.98884124
0.9457446
0.9504193
0.93961054
0.027295282
0.99871945
0.9972536
0.021980412
0.9993957
0.73015314
0.9942536
0.99883527
0.99589276
0.9364487
0.9962381
0.0073893196
0.9971222
0.99802256
0.62517333
0.99938333
0.9985973
0.99781525
0.99965525
0.9685952
0.3339058
0.9937304
0.99501026
0.9989611
0.99481404
0.012215437
0.022520335
0.9982917
0.9965635
0.47941408
0.9999126
0.99267066
0.9824594
0.9949555
0.9961939
0.014456872
0.90871835
0.99715173
0.9937698
0.99914455
0.98609316
0.017612126
0.94403094
0.9391807
0.9363103
0.9951191
0.98882306
0.99706393
0.9958916
0.99575835
0.99676836
0.040473733
0.11740831
0.039331473
0.9944918
0.9988587
0.9923947
0.9953702
0.955412
0.99779236
0.9872953
0.9930298
0.9937303
0.09075917
0.038354382
0.9981654
0.9975122
0.98977834
0.98111284
0.982249
0.99499184
0.9831602
0.6490593
0.99276143
0.9971752
0.99865556
0.9413928
0.9948974
0.91034085
0.99661225
0.72659963
0.33474994
0.9875207
0.99888736
0.99832517
0.9907352
0.50083417
0.8517289
0.9997167
0.9832023
0.17213371
0.99645823
0.99760985
0.99808
0.9988555
0.996415
0.9980773
0.9984377
0.86748755
0.9954491
0.027794663
0.9541465
0.98620355
0.992804
0.99962604
0.13882779
0.9477398
0.029291224
0.9907165
0.9978522
0.9886382
0.9963152
0.1298564
0.9785897
0.0456773
0.98729104
0.994333
0.6117404
0.99917513
0.997081
0.9989496
0.99580777
0.025404135
0.23006064
0.99470794
0.99781907
0.98783875
0.9933362
0.99702317
0.0335002
0.997543
0.42999431
0.9871323
0.9989095
0.9978671
0.9977597
0.99793315
0.77212864
0.8870901
0.9879354
0.99503845
0.97659725
0.9601156
0.9606485
0.88287055
0.9811143
0.9888377
0.99878234
0.9384795
0.9581273
0.9470022
0.99231917
0.9466616
0.9859513
0.99777347
0.36924693
0.6939243
0.9424017
0.9297457
0.99606955
0.049961545
0.048088007
0.97953886
0.9973321
0.9988172
0.7080656
0.7782237
0.06337751
0.9850738
0.16392979
0.99172735
0.9957975
0.98230344
0.77273977
0.9928722
0.9924269
0.99912053
0.98690563
0.99905676
0.99837226
0.99969864
0.9955303
0.998331
0.9430764
0.98237497
0.05733041
0.9940006
0.9955136
0.992605
0.024508258
0.9090474
0.9962075
0.99912053
0.975114
0.8315488
0.046922974
0.99976426
0.995378
0.07874765
0.21973988
0.9982455
0.99920183
0.98642665
0.99802136
0.7254445
0.03114738
0.9537862
0.9990627
0.7193695
0.99227107
0.97422045
0.9971949
0.9937716
0.38005918
0.9902654
0.013826501
0.9857168
0.876848
0.99691063
0.9941559
0.98782045
0.9742594
0.013521249
0.99804497
0.86331797
0.99699956
0.99606943
0.9990595
0.02179988
0.9703894
0.9993285
0.9968996
0.99515224
0.9974612
0.99147636
0.070077606
0.9958903
0.99845815
0.96891934
0.9919429
0.92322695
0.99653107
0.9870055
0.98976046
0.9883463
0.9981511
0.1429712
0.99662375
0.9932555
0.017018478
0.025069725
0.02064016
0.99613935
0.009384391
0.98822355
0.15503585
0.06165295
0.9923706
0.9901237
0.80083936
0.9363426
0.9806896
0.03189551
0.10662067
0.05498119
0.97937655
0.9968637
0.8033764
0.049924884
0.02989116
0.9366881
0.15703446
0.98785
0.9998461
0.9964271
0.9982993
0.99744993
0.05218946
0.9981211
0.98484784
0.99911743
0.997124
0.99664944
0.6853761
0.99384004
0.993457
0.9892726
0.9625305
0.99970466
0.023226433
0.4380121
0.99370605
0.9904146
0.98767763
0.9911075
0.99430376
0.9937192
0.92586684
0.52267003
0.96865195
0.9911685
0.99791855
0.011809224
0.9982577
0.022062305
0.99357283
0.7939473
0.9129287
0.9929987
0.95782757
0.99689555
0.037866767
0.98637706
0.7738316
0.045974
0.38055855
0.113830246
0.9970836
0.84906644
0.9957444
0.9990702
0.6856844
0.9697715
0.9965957
0.9344863
0.9934783
0.9937476
0.99785334
0.8839863
0.64207685
0.006887142
0.9911833
0.9921111
0.99926037
0.935053
0.9997794
0.99461645
0.984192
0.031872038
0.97767544
0.97615606
0.15458809
0.97050774
0.0042561973
0.04887645
0.009599051
0.98167855
0.9973538
0.7508655
0.9932486
0.9967625
0.9927108
0.5090661
0.9995378
0.99844605
0.99679464
0.9960699
0.07329214
0.03732795
0.9958935
0.9976029
0.017393643
0.08921416
0.98495805
0.08419685
0.98397684
0.027355263
0.007841489
0.12722063
0.9886536
0.9633576
0.999833
0.9909401
0.98937863
0.9891229
0.9926065
0.99625385
0.9965312
0.9978259
0.99844736
0.99699175
0.0060210754
0.10416616
0.84435415
0.76532334
0.9987637
0.9993069
0.98279655
0.019650236
0.99378324
0.76125294
0.99965775
0.9988164
0.992308
0.018355886
0.9958604
0.997592
0.99949336
0.99039525
0.96606463
0.64037627
0.99682033
0.9921332
0.680031
0.9662329
0.9976615
0.99841213
0.9559979
0.9940498
0.999498
0.9445711
0.04382677
0.99983287
0.9757697
0.99504364
0.98544633
0.9696218
0.99900514
0.9989655
0.99650997
0.015346344
0.9987375
0.9918283
0.9996501
0.9875109
0.998574
0.14469346
0.98416674
0.9958224
0.9962263
0.9999242
0.9137306
0.9888687
0.9987136
0.9969958
0.9829533
0.037549
0.92070603
0.998139
0.9969643
0.97700876
0.9978624
0.99450207
0.99964786
0.997757
0.9627324
0.04887991
0.80395675
0.9960514
0.9999026
0.97297037
0.8847269
0.8585239
0.993903
0.9811374
0.99781454
0.011084593
0.6307243
0.9978928
0.9929097
0.9943693
0.9961714
0.9974558
0.41362733
0.99438524
0.9870543
0.97677124
0.9964688
0.9998964
0.22453591
0.9956934
0.99535286
0.99975854
0.08241261
0.47088686
0.9974191
0.9815523
0.59251934
0.933402
0.9907232
0.99946994
0.9907657
0.995719
0.07076291
0.028723057
0.55772084
0.99618787
0.9930581
0.9987214
0.997612
0.9674614
0.99409145
0.9863014
0.9960626
0.99761343
0.04766001
0.0073204115
0.8464663
0.97865593
0.9933924
0.9849733
0.9985226
0.008299797
0.9963701
0.9981851
0.12052166
0.96430457
0.99710435
0.65488386
0.99348176
0.9932069
0.99890697
0.9941981
0.9909508
0.81724834
0.99149454
0.9900141
0.99499893
0.98489666
0.9977817
0.9977877
0.9795465
0.12531978
0.9945311
0.9970407
0.99859244
0.005203021
0.98651487
0.99968433
0.7877263
0.23373596
0.99448603
0.99723876
0.015736224
0.9955499
0.035387836
0.9982199
0.9958259
0.99631506
0.9995034
0.99494165
0.19851035
0.9966365
0.9977189
0.009291493
0.97516257
0.9916495
0.9985846
0.3438469
0.11057736
0.9962016
0.996842
0.030923244
0.9974934
0.057595275
0.91387
0.99658185
0.9636723
0.9879017
0.9430423
0.9165204
0.99878055
0.99496907
0.9714087
0.99970835
0.960185
0.80901104
0.110133454
0.63572365
0.3135017
0.99826163
0.99091655
0.018189799
0.24488316
0.99850625
0.9958497
0.0047003417
0.9978461
0.9955343
0.9990446
0.97220165
0.9978787
0.99670273
0.9994666
0.6043336
0.99943835
0.976549
0.01665811
0.9975852
0.8508214
0.98597205
0.9963404
0.9812144
0.99552554
0.9810417
0.99542725
0.99701905
0.997083
0.891307
0.9299411
0.99843985
0.49463022
0.9988059
0.99629223
0.84503937
0.9952991
0.98110425
0.30362928
0.06782914
0.98358893
0.97189474
0.9991198
0.99878734
0.9938128
0.93708175
0.8991783
0.99637467
0.99686927
0.89186066
0.99867153
0.9958099
0.9870449
0.9994417
0.9959709
0.44729376
0.006039734
0.99829346
0.9926824
0.9994548
0.0972723
0.9980538
0.016891737
0.99718285
0.99306434
0.05601206
0.016141517
0.9985152
0.9927757
0.9874248
0.045346603
0.3755242
0.99867165
0.982712
0.8980467
0.06872209
0.99838984
0.9580892
0.9980565
0.38143492
0.9393924
0.5328216
0.9939699
0.9871952
0.9648341
0.9872364
0.9888016
0.63315475
0.8611908
0.9918407
0.9989379
0.9993555
0.9936253
0.012320157
0.99302095
0.9998758
0.9941843
0.9885916
0.012955072
0.98729825
0.88580287
0.9956344
0.9982895
0.91881716
0.9993357
0.89031976
0.12157343
0.9944054
0.98312056
0.95432985
0.99514765
0.992473
0.80755854
0.9190391
0.999371
0.99718994
0.021445215
0.9459232
0.9997738
0.84374124
0.9988368
0.9862796
0.99886084
0.828416
0.98807293
0.9837775
0.92131567
0.99114907
0.9975383
0.992477
0.9860066
0.998536
0.9641663
0.89064807
0.9935282
0.99305636
0.99880743
0.99825615
0.94554245
0.9492684
0.9994437
0.99897695
0.833714
0.98225063
0.99326175
0.7659641
0.99042165
0.8752403
0.81221163
0.99211806
0.9979965
0.98756635
0.9992575
0.99820566
0.9944062
0.3714902
0.96343416
0.99747807
0.99753773
0.9697822
0.68801826
0.9904298
0.9873366
0.005846487
0.66677743
0.999879
0.93218803
0.025974018
0.6002008
0.9926259
0.034197494
0.4064252
0.98787737
0.0123209
0.9572162
0.99551696
0.9967147
0.9989863
0.917226
0.99935156
0.97124755
0.99744165
0.99190265
0.9824567
0.995697
0.13820177
0.8873116
0.0076092496
0.9734514
0.98919886
0.13037692
0.9975677
0.9697664
0.09559064
0.9971771
0.9983565
0.49957383
0.6266655
0.9899099
0.9999478
0.99284464
0.9987544
0.99661344
0.993489
0.34561014
0.98860335
0.9896282
0.9026614
0.5644146
0.12126216
0.8637087
0.9027594
0.9292124
0.8281286
0.6250266
0.4906431
0.9922305
0.9981674
0.99788314
0.98362494
0.97778714
0.9894589
0.9969627
0.988572
0.8587934
0.9936515
0.9681562
0.08472866
0.015886668
0.9949409
0.9236512
0.99133533
0.9961408
0.03180587
0.84737575
0.9790757
0.9977671
0.9835755
0.99641246
0.9954508
0.03587343
0.99992394
0.9957948
0.9896235
0.9978908
0.9956929
0.6445412
0.9970086
0.0455883
0.9957385
0.99837327
0.36588988
0.99766445
0.99497235
0.2700649
0.043552108
0.98917097
0.9993881
0.80648625
0.09506458
0.99497014
0.993551
0.99712425
0.81777674
0.08044534
0.9837779
0.52972984
0.9955427
0.6326808
0.99525565
0.91890186
0.7168084
0.99808633
0.43576202
0.9908461
0.9904625
0.9889171
0.9964728
0.9872558
0.9925223
0.93799734
0.9991881
0.997673
0.99149346
0.99491405
0.98093283
0.9828043
0.8860848
0.9693853
0.9981933
0.9988959
0.09588125
0.9285387
0.95754355
0.029281536
0.99931777
0.9984366
0.08567427
0.9994215
0.99483716
0.030364498
0.98046565
0.9919516
0.998386
0.998235
0.99835205
0.91910017
0.98860043
0.83204305
0.9862975
0.9957344
0.97917134
0.94841594
0.99387145
0.37450922
0.99847764
0.021109328
0.98819864
0.016053163
0.99170774
0.99581933
0.9941664
0.0056831767
0.9930773
0.39550698
0.9987987
0.99616265
0.9975867
0.99986684
0.93907094
0.9928402
0.039396886
0.0041158884
0.99713695
0.9923994
0.95311683
0.9780708
0.85030067
0.8445518
0.99590516
0.99158865
0.9855972
0.91267604
0.7614712
0.98991686
0.054132737
0.97866964
0.9630244
0.86429894
0.9894092
0.9959394
0.0051973797
0.3262537
0.99930346
0.989045
0.23465693
0.9984627
0.9983016
0.9903514
0.03503818
0.99456304
0.98373115
0.9974076
0.8402834
0.99823844
0.9990765
0.9938626
0.019401867
0.9974771
0.998116
0.9957552
0.98613733
0.80955493
0.039352056
0.65899205
0.42195866
0.9930581
0.97452164
0.9931518
0.99967504
0.9353105
0.37537572
0.9316212
0.9992549
0.53000003
0.99769896
0.9972029
0.06307013
0.018218528
0.93249285
0.99472946
0.6621292
0.6798379
0.997015
0.97770375
0.99849534
0.50926334
0.022470057
0.9938578
0.994341
0.010986191
0.99626154
0.31144157
0.997695
0.047113925
0.09046556
0.9978769
0.99654526
0.997563
0.68533295
0.8060021
0.07358771
0.97865283
0.9944417
0.54788834
0.771265
0.9367485
0.98945683
0.82822186
0.008255068
0.09842088
0.9949556
0.9821869
0.99974173
0.015788976
0.025960764
0.013162886
0.9997397
0.9605927
0.9839443
0.9703671
0.9998511
0.8786258
0.9952166
0.8178165
0.9986676
0.07876121
0.99101174
0.022128895
0.99552935
0.008031018
0.9983966
0.9962469
0.9892267
0.9789458
0.9915867
0.88530433
0.63926464
0.9936579
0.9869223
0.0086695785
0.98556954
0.7113848
0.9619547
0.99786144
0.03395543
0.91389763
0.9974927
0.999127
0.05456817
0.008017347
0.9996406
0.8880417
0.8661176
0.016921852
0.99313617
0.9976186
0.9985637
0.9838352
0.00927022
0.9997491
0.08231774
0.977258
0.006197411
0.9913544
0.99652135
0.84703684
0.998418
0.99299884
0.99795556
0.820138
0.951291
0.8000509
0.11374712
0.99912864
0.9987405
0.8006513
0.9981079
0.005207253
0.98958254
0.98970187
0.04342583
0.06839679
0.88299537
0.08335668
0.99536514
0.99343747
0.9638444
0.9806678
0.9963601
0.99549073
0.80783
0.5905113
0.9958548
0.99946433
0.065074205
0.44170013
0.049739357
0.9960675
0.99448544
0.9979463
0.9928571
0.7496448
0.00975196
0.99714285
0.01781333
0.9596065
0.9890793
0.03661722
0.9959781
0.9981516
0.9889987
0.66557187
0.9922726
0.77755105
0.9275987
0.6148853
0.00970304
0.9898032
0.9931351
0.97607636
0.9968935
0.9934505
0.12340933
0.99686277
0.9926238
0.9921749
0.99348325
0.62525034
0.97479284
0.9986539
0.067083515
0.9791652
0.012331493
0.55510455
0.9990115
0.022726795
0.34724206
0.9420633
0.969308
0.47456214
0.99757344
0.5090058
0.7278551
0.9817343
0.9930958
0.32676756
0.84623855
0.9453089
0.8145328
0.36488652
0.9324395
0.99835485
0.99678826
0.013576855
0.9260023
0.9996642
0.9213922
0.9956672
0.9960161
0.99958783
0.98455596
0.9585875
0.96915275
0.9969535
0.9975551
0.99509346
0.99978584
0.15137333
0.98954624
0.2294626
0.9993673
0.9970198
0.9987073
0.9896685
0.5129844
0.99564207
0.9686063
0.9890866
0.97991973
0.024094058
0.9813353
0.0051507433
0.96330076
0.91713095
0.9977805
0.9703565
0.9923592
0.9679012
0.013268256
0.9983651
0.9966788
0.93798864
0.9874538
0.018509261
0.9974904
0.98593533
0.9961249
0.007476645
0.9836901
0.9972881
0.8190467
0.05377442
0.99892175
0.054847
0.9981895
0.048861746
0.95970273
0.9712043
0.99758446
0.8798969
0.9999149
0.9606382
0.018795613
0.91196173
0.9975
0.9982674
0.90796304
0.99722797
0.9640311
0.9899172
0.99891484
0.018688884
0.99740666
0.9979819
0.12169215
0.9972186
0.91025966
0.08698732
0.99642915
0.9976503
0.90290374
0.9972922
0.9270177
0.0049320213
0.09883946
0.9970271
0.9875706
0.051204316
0.9949575
0.9862375
0.9928596
0.96968305
0.9863418
0.99799013
0.9808154
0.96795356
0.9981805
0.022091078
0.9967194
0.01994761
0.99822754
0.9978604
0.0424903
0.9513411
0.9982311
0.09195167
0.940206
0.97285664
0.9935091
0.029557891
0.9934384
0.98752534
0.9682984
0.91563374
0.99707437
0.558478
0.9931433
0.9943076
0.9951441
0.99587125
0.9362495
0.9976572
0.99791485
0.08751678
0.9999211
0.99474204
0.99974686
0.9682717
0.96592116
0.9988674
0.99111205
0.9318787
0.79235834
0.9668191
0.024237132
0.54089415
0.9985481
0.95901525
0.13933684
0.9776365
0.99182606
0.9453216
0.99589807
0.93063456
0.9535088
0.36579454
0.889823
0.22015162
0.9938938
0.99543285
0.99824655
0.02927692
0.8747262
0.9873849
0.9995158
0.13460687
0.0115485005
0.9900429
0.9880229
0.98653513
0.9963302
0.99304754
0.96582186
0.9929889
0.99454284
0.9787001
0.9972276
0.7249817
0.99533266
0.798746
0.06913067
0.80758977
0.9868881
0.9966329
0.99021417
0.9846454
0.6745939
0.49117404
0.7629758
0.9856414
0.9982278
0.97505546
0.99807703
0.99441445
0.96373415
0.04884764
0.99381244
0.9635314
0.97963667
0.998362
0.4336425
0.9842964
0.99676055
0.99700564
0.98323387
0.9976035
0.99104637
0.6973834
0.9979177
0.9998424
0.9963516
0.98412734
0.9954894
0.9966538
0.49280283
0.027462078
0.021587992
0.9950347
0.08967292
0.57057226
0.050527845
0.019745808
0.029725067
0.9746976
0.9998443
0.9706616
0.9937523
0.9957723
0.9954283
0.9908462
0.51876646
0.26437733
0.99858934
0.0216162
0.99496365
0.7328239
0.99894387
0.9970503
0.012140695
0.008761827
0.9975055
0.9826179
0.99801683
0.9910731
0.06872732
0.96877396
0.97740674
0.8547618
0.9658769
0.99856216
0.012645521
0.27630734
0.99830174
0.9981792
0.9976199
0.99696296
0.99882454
0.9991773
0.9997845
0.9927488
0.9293177
0.9939996
0.9941105
0.98297185
0.93173856
0.9972101
0.27680528
0.94317716
0.2642117
0.9968045
0.9537605
0.9742221
0.7002737
0.9962953
0.99630785
0.98897773
0.984706
0.9959609
0.9969416
0.99725527
0.028883481
0.9855468
0.047625132
0.069260836
0.016116017
0.9845916
0.99697185
0.99429166
0.94625616
0.49674216
0.9954823
0.73174644
0.99911803
0.99685234
0.46816257
0.6835992
0.99808705
0.9754725
0.9267583
0.92827916
0.9979924
0.98825073
0.9981781
0.9820998
0.9132417
0.9913721
0.9985073
0.93478465
0.1255917
0.9872649
0.982917
0.99769944
0.8296261
0.99662787
0.9823318
0.9625985
0.99394166
0.95537555
0.99494016
0.99837
0.8767949
0.9974511
0.9952987
0.44838405
0.9762865
0.99604356
0.99766207
0.979251
0.96225995
0.12253159
0.99536234
0.9954743
0.5621452
0.9953885
0.6699984
0.999014
0.020840881
0.997849
0.97817844
0.9771591
0.9936326
0.028136149
0.97760457
0.66589004
0.058209304
0.9812313
0.9406576
0.065907314
0.96814674
0.9966646
0.9944857
0.018235205
0.18758127
0.9613645
0.18470074
0.8964544
0.16303632
0.99536765
0.9939745
0.98095953
0.017721003
0.1504003
0.9983687
0.021165272
0.0684612
0.9901528
0.9918379
0.98527825
0.99080265
0.955423
0.9949344
0.6028892
0.23196433
0.9974655
0.85648215
0.9950559
0.9916449
0.99524325
0.15586978
0.99949217
0.771997
0.99041206
0.9826378
0.98687613
0.9969308
0.97429776
0.16218898
0.9902621
0.9940187
0.91190404
0.3241891
0.99355114
0.01943988
0.99982494
0.99393046
0.9919932
0.9487206
0.9961265
0.99557954
0.9545431
0.043577697
0.6489171
0.9993749
0.99500436
0.99726725
0.9980331
0.99814165
0.9963714
0.05787056
0.99469525
0.09332277
0.84052545
0.060724553
0.11709852
0.36165777
0.2685592
0.9997737
0.9967925
0.008766503
0.7707008
0.99822766
0.9509392
0.9976373
0.20623879
0.99523383
0.98767394
0.509959
0.99450654
0.40847453
0.9976809
0.9997731
0.19685693
0.99409807
0.02915367
0.9926414
0.99766076
0.9824212
0.9963329
0.9991353
0.9936101
0.9929395
0.9948666
0.007689805
0.9962471
0.9939097
0.9737142
0.9998982
0.99485284
0.9958158
0.9848363
0.9947718
0.035026178
0.99774736
0.97883373
0.8933788
0.343812
0.94144064
0.99543035
0.98780525
0.9898254
0.9947149
0.9942794
0.99911493
0.998256
0.004740995
0.9214364
0.008678192
0.9474159
0.995375
0.99317604
0.99631965
0.99374217
0.8020251
0.98094773
0.9503751
0.99515116
0.9974191
0.9625023
0.07385546
0.9927186
0.025313493
0.0064367573
0.1439758
0.5350951
0.9559408
0.9862977
0.026120529
0.960133
0.9986117
0.9976351
0.8804697
0.9964443
0.9713761
0.97821975
0.9984378
0.99649745
0.9951515
0.5091254
0.9965299
0.9969687
0.9939756
0.99724245
0.12119841
0.9989342
0.98161215
0.9360048
0.9954282
0.9969001
0.9804451
0.97588944
0.997118
0.7707535
0.99081844
0.9978872
0.9965481
0.99735546
0.9994154
0.9627849
0.97735256
0.9980374
0.9854778
0.9907832
0.9802356
0.9569729
0.9875722
0.99982065
0.9981001
0.9945939
0.97034657
0.11617314
0.98987144
0.7645268
0.99813074
0.99770314
0.8311902
0.05767522
0.22872628
0.15837146
0.3131689
0.01418387
0.99254084
0.99478096
0.21484506
0.20527042
0.8316355
0.9897794
0.99935955
0.820741
0.9859168
0.99678206
0.84896165
0.89984465
0.9446354
0.9968869
0.86692536
0.8957595
0.9970962
0.008224285
0.9972459
0.4902529
0.7164269
0.9973295
0.99043894
0.63683915
0.99715793
0.9961747
0.9947423
0.23392478
0.994497
0.96252173
0.9545847
0.99572456
0.9408065
0.9973922
0.998548
0.97736835
0.9968354
0.99452543
0.99449843
0.9935787
0.012947502
0.9961825
0.98516315
0.94688666
0.94713575
0.023711113
0.98725617
0.9985025
0.9412898
0.89818394
0.99189866
0.9947777
0.99892175
0.05439532
0.9923764
0.0096767945
0.05047423
0.9880113
0.97032106
0.989907
0.99562246
0.9943968
0.99856865
0.121284686
0.024267593
0.99622935
0.9902137
0.43800175
0.99167496
0.99786025
0.78679967
0.69476694
0.9984285
0.044030752
0.9994456
0.09350508
0.99455124
0.91253495
0.9876478
0.9959408
0.99717253
0.9994221
0.08151658
0.03309975
0.99883574
0.93856364
0.8498116
0.9870003
0.9943024
0.99810624
0.99921465
0.945857
0.92603403
0.7976012
0.98082167
0.98693013
0.018186199
0.9978662
0.07350453
0.2141147
0.9478772
0.99973875
0.3147742
0.9944096
0.9700917
0.99193305
0.99516934
0.9927712
0.013951722
0.9996737
0.99792516
0.9602048
0.98452234
0.9990559
0.77214897
0.75429106
0.99119264
0.9931532
0.99016947
0.9601663
0.9967386
0.032056704
0.039002918
0.9954656
0.998988
0.88163304
0.99583143
0.29848906
0.9898331
0.6778183
0.11473214
0.9993358
0.4873386
0.1567588
0.9956085
0.5765622
0.036974754
0.998968
0.99798274
0.9992052
0.9986714
0.9989503
0.9981654
0.9984993
0.9685905
0.99058926
0.01124032
0.97909945
0.086707406
0.8512719
0.992679
0.97653425
0.8320806
0.99603695
0.9494835
0.048848063
0.92036116
0.9983669
0.9199651
0.9955729
0.9968051
0.9978271
0.6050014
0.9961939
0.9996586
0.8098365
0.99319386
0.9726386
0.98522526
0.99089164
0.81777966
0.09743511
0.9911184
0.98598725
0.054380346
0.04227817
0.9999188
0.9583435
0.9971938
0.6328593
0.9981345
0.17203072
0.9934546
0.9970932
0.9092661
0.95797545
0.99624544
0.99946314
0.99532807
0.9861385
0.7816339
0.99679863
0.94414026
0.99533445
0.9853324
0.08599986
0.99337405
0.99874395
0.13681039
0.96538424
0.9702706
0.02692277
0.95464665
0.9862954
0.99807125
0.99520606
0.010300316
0.9982905
0.9224632
0.98187524
0.99772304
0.9956363
0.2235319
0.9827507
0.98728764
0.02403541
0.993005
0.99622995
0.9747489
0.98110723
0.9927704
0.0051419255
0.15734553
0.9990903
0.99886274
0.9769817
0.6994658
0.9972178
0.99640334
0.99944824
0.9273008
0.9961092
0.9911572
0.9984047
0.9956988
0.9945977
0.99775535
0.035468243
0.9400998
0.4747474
0.9985257
0.9935088
0.9711553
0.9935628
0.9911295
0.93999904
0.9971602
0.7292687
0.09120769
0.9784776
0.6099139
0.6547556
0.98329586
0.99810094
0.5968141
0.004643404
0.009346124
0.99577314
0.99750984
0.9758965
0.9998772
0.9561851
0.994463
0.55141026
0.9971643
0.99777883
0.9791226
0.8163009
0.9928751
0.9743173
0.99477947
0.9973054
0.9730164
0.005446838
0.9948959
0.9052029
0.45426705
0.006983347
0.9986249
0.9999553
0.017613208
0.99805933
0.998123
0.99016714
0.43892866
0.98987764
0.9991013
0.9885501
0.99363446
0.99512947
0.993349
0.9973405
0.9965359
0.98545134
0.9880426
0.014094021
0.040054746
0.006749163
0.008315291
0.9912532
0.13442007
0.9978403
0.26616734
0.02526471
0.98646975
0.99880433
0.16356853
0.9963374
0.999479
0.99530256
0.023025783
0.9899787
0.6814126
0.41763616
0.867745
0.99988985
0.047919516
0.9895376
0.9832476
0.5765837
0.055679467
0.99941385
0.9968618
0.99918765
0.98647076
0.99714595
0.998223
0.99782616
0.9979995
0.7976473
0.99904805
0.99325174
0.029413573
0.09630686
0.9966376
0.28432745
0.65362656
0.9992374
0.6327124
0.99982846
0.70114696
0.8382968
0.99961203
0.9577365
0.9987991
0.9920364
0.9981828
0.17367916
0.9937224
0.9947625
0.71530515
0.7639575
0.46793786
0.9974337
0.9990128
0.9986418
0.9979206
0.99880135
0.9896712
0.9992205
0.9563279
0.9990876
0.4286377
0.976923
0.08957508
0.083945446
0.99889743
0.9939872
0.24250105
0.8380774
0.9989711
0.9993217
0.992963
0.27961874
0.99975735
0.0073404144
0.9282593
0.03954289
0.9954941
0.9746064
0.9938147
0.98891324
0.99591726
0.9967726
0.12307326
0.03362201
0.26816073
0.9957853
0.99616015
0.6627788
0.9872004
0.7742372
0.9976058
0.9266831
0.9966948
0.88014716
0.06184923
0.9985514
0.07344786
0.996396
0.99291563
0.99453425
0.9934049
0.9879182
0.011824737
0.9775328
0.97949296
0.97865605
0.99737525
0.93312943
0.26458234
0.9257016
0.9954184
0.9784677
0.99535286
0.97455287
0.15217827
0.99912757
0.8380791
0.9816611
0.21944807
0.99884474
0.6047119
0.9850579
0.38016674
0.99281836
0.037031393
0.99642974
0.9982809
0.99790907
0.9727585
0.9746413
0.99529845
0.040381983
0.99730194
0.98875695
0.9715047
0.9970464
0.9950088
0.9267458
0.9908292
0.02797709
0.9961737
0.9870596
0.13699244
0.9979522
0.95581806
0.86729264
0.98594725
0.9967422
0.078340955
0.99960655
0.9981675
0.9856619
0.10195167
0.99772686
0.9760376
0.9988236
0.8913745
0.99848145
0.9979221
0.999754
0.65951747
0.83159184
0.9977532
0.9975236
0.9904757
0.9713948
0.9999044
0.9987153
0.9994049
0.15564395
0.9852144
0.26745382
0.9873771
0.9974794
0.42761496
0.98395246
0.99205506
0.9960532
0.99866724
0.996429
0.9864291
0.9977089
0.9986994
0.9609033
0.9995284
0.95745
0.93054706
0.98570365
0.02987679
0.9949398
0.9386703
0.9799498
0.93208504
0.8121161
0.99524164
0.9967483
0.011317691
0.83849466
0.96426004
0.98435944
0.9977233
0.8848497
0.9968479
0.9947095
0.87110186
0.99116826
0.9996749
0.9990183
0.9801894
0.9836637
0.99900407
0.91820985
0.9980355
0.9788543
0.99808806
0.9955445
0.66012746
0.99820054
0.9973175
0.5124993
0.95956033
0.99677074
0.5265734
0.063443534
0.9969408
0.34957713
0.9940304
0.9963337
0.93741834
0.99719185
0.99984145
0.9914181
0.99897087
0.47394127
0.99828136
0.9758244
0.9840687
0.6777625
0.4463221
0.99482393
0.99362755
0.08194111
0.96990246
0.97422534
0.69859064
0.109754875
0.94271004
0.9981396
0.9984718
0.999605
0.019326093
0.65795285
0.034212578
0.7676405
0.024041103
0.9932239
0.98580545
0.18216787
0.9948152
0.99335676
0.9978828
0.9977343
0.99784493
0.96532005
0.99917006
0.12219264
0.99079925
0.98348606
0.9987226
0.99518627
0.99848807
0.008323679
0.9991498
0.059884533
0.99980503
0.9953898
0.88371557
0.99452835
0.1029338
0.9987447
0.9978473
0.7010961
0.9756119
0.6848184
0.98691225
0.99659556
0.99702626
0.7167143
0.9980246
0.97930485
0.99793184
0.99407554
0.99775827
0.99728227
0.9931967
0.96810526
0.9946262
0.99621165
0.99347585
0.962499
0.9977362
0.95583767
0.999694
0.66566056
0.08906016
0.99877626
0.99908686
0.9035913
0.9984907
0.9951552
0.3530877
0.9982023
0.99250704
0.99988806
0.995468
0.98607475
0.9947925
0.8740315
0.9959751
0.2004279
0.81276524
0.99906546
0.99941826
0.9968451
0.99386406
0.99650145
0.99611855
0.9948378
0.32800674
0.9491724
0.07133775
0.73712593
0.99989295
0.9995689
0.82767594
0.29816774
0.99959856
0.99911004
0.99641126
0.8908183
0.9932279
0.91234964
0.998588
0.13263328
0.92021406
0.99128866
0.9984187
0.9963999
0.9964954
0.99919754
0.013650985
0.9973449
0.99856925
0.9932516
0.21870975
0.87071764
0.99836105
0.99784815
0.9980198
0.08036887
0.9762006
0.87133735
0.034009576
0.006180937
0.0259697
0.99595886
0.9859372
0.9932903
0.9919666
0.0034338145
0.9967719
0.99868196
0.99821377
0.99696285
0.99744
0.9979626
0.94852006
0.021528527
0.9786476
0.006766664
0.9909909
0.9989845
0.9926883
0.9947694
0.99119407
0.98797464
0.9999721
0.7340042
0.9909531
0.96996963
0.99901307
0.9705702
0.97307485
0.8773979
0.9980106
0.96573526
0.9978083
0.99515104
0.060616165
0.98952395
0.9773251
0.9974497
0.0935381
0.31048775
0.03744038
0.9952976
0.99345434
0.96461827
0.991744
0.98995847
0.9867951
0.26514968
0.996268
0.9964734
0.9932027
0.97236866
0.9963251
0.9995732
0.98369664
0.29109514
0.507893
0.14915296
0.9900225
0.9963148
0.9812625
0.99762255
0.9412426
0.99555427
0.99778396
0.9831455
0.09345539
0.9988065
0.59312314
0.99411654
0.99748176
0.98861104
0.9735033
0.9976902
0.99667066
0.1714937
0.9902046
0.015244762
0.97719145
0.9967152
0.9142639
0.37985376
0.9918331
0.99733645
0.99959844
0.99872273
0.9989262
0.06432961
0.9893082
0.28143537
0.8529004
0.9978714
0.9994388
0.9941881
0.9860292
0.97728217
0.99698097
0.9941302
0.90162694
0.9896237
0.98703974
0.5551361
0.825573
0.99667966
0.9822188
0.99395716
0.98097414
0.9973732
0.9956376
0.99218845
0.99803895
0.9964179
0.98074794
0.17813593
0.007840889
0.9901805
0.996863
0.010436549
0.095466934
0.9981963
0.9919586
0.99434435
0.99900275
0.9977126
0.99584526
0.99273694
0.99621934
0.9926226
0.99918336
0.993155
0.053237103
0.99666303
0.99723154
0.99503016
0.08845832
0.9961486
0.99863654
0.9767567
0.9956786
0.99572986
0.99771214
0.997818
0.023220312
0.94324046
0.9985928
0.9913607
0.2624382
0.9995726
0.009783391
0.9988613
0.9461687
0.97156864
0.9976338
0.98773324
0.7452911
0.70918435
0.9962174
0.9970457
0.9821169
0.99683607
0.99382
0.98738563
0.9957826
0.99707925
0.9913999
0.9719519
0.9966627
0.8093177
0.92797476
0.08594279
0.03058008
0.89822763
0.9816042
0.9985398
0.99141204
0.7234762
0.99565554
0.9986046
0.9902138
0.99655366
0.9952173
0.9959758
0.9948743
0.9280798
0.017167196
0.9835079
0.9964574
0.9997576
0.99511236
0.95388025
0.99588615
0.9944555
0.042710744
0.004983343
0.98688436
0.6767887
0.998733
0.99312055
0.045537792
0.92399216
0.97779703
0.9909252
0.98292357
0.9795852
0.006824184
0.99507046
0.9998977
0.09760839
0.9861924
0.9973476
0.73512
0.9674491
0.9964019
0.9965926
0.9310307
0.97471726
0.01127709
0.9835804
0.8714049
0.99476445
0.98120177
0.9981048
0.9718999
0.9953318
0.9976642
0.9849282
0.016337523
0.99654835
0.65052515
0.99806684
0.99301976
0.9965881
0.9999218
0.9920185
0.9076583
0.9972416
0.9952859
0.9990081
0.9989629
0.998604
0.0063152597
0.99654925
0.8836233
0.022259591
0.99859875
0.99363273
0.99846244
0.98656946
0.9985178
0.27987644
0.99397224
0.9290688
0.9970186
0.9937224
0.916531
0.9957033
0.73722714
0.999049
0.9961205
0.86810213
0.19083132
0.35441172
0.35342872
0.91362524
0.5876554
0.9962566
0.9989635
0.9913862
0.75647163
0.77991325
0.468433
0.9920305
0.50649714
0.9983742
0.9271837
0.07664119
0.9981762
0.025361922
0.9952188
0.8136913
0.9973406
0.96508336
0.02488005
0.9984982
0.039403416
0.99554247
0.9864299
0.09425566
0.9917074
0.94783115
0.9944689
0.99881613
0.9933407
0.99577385
0.9790933
0.9824889
0.9964457
0.36206722
0.017629808
0.95969194
0.9813399
0.9936306
0.99239373
0.9989837
0.9948415
0.0049129482
0.98787737
0.049523868
0.9814053
0.99731255
0.90448517
0.30247888
0.16341145
0.9661561
0.9988562
0.8978592
0.9995571
0.090620816
0.77002573
0.99987733
0.69142365
0.6679061
0.17642698
0.96287674
0.98592967
0.99702436
0.9973787
0.9914396
0.9964574
0.3602658
0.99992335
0.010780773
0.99208474
0.99087584
0.03286681
0.93038565
0.037686445
0.9992405
0.9958389
0.9977552
0.05095892
0.051374618
0.70207006
0.044579558
0.9977181
0.6062007
0.96659005
0.99821424
0.050641
0.99927884
0.97592556
0.998063
0.06474109
0.00655922
0.69574004
0.03334899
0.99894327
0.99063444
0.066945225
0.9975304
0.99271363
0.9960659
0.9970523
0.9964551
0.99437946
0.9963068
0.99798155
0.9966972
0.98515004
0.8717918
0.99340725
0.9946443
0.98462707
0.9693755
0.13726868
0.015035467
0.10293824
0.9919749
0.98164237
0.9897702
0.91098946
0.86426836
0.87751573
0.9961351
0.22289628
0.9979054
0.86529046
0.99883133
0.98227894
0.9996519
0.9732582
0.9939042
0.9955051
0.99633944
0.87947965
0.31281728
0.9854461
0.9897634
0.09803776
0.04270377
0.9993717
0.9966552
0.99780434
0.1237092
0.99326384
0.97185624
0.99611306
0.9956726
0.62472814
0.99771464
0.9987925
0.91611546
0.985473
0.9914614
0.008818287
0.049627002
0.9999541
0.8440557
0.9982161
0.9953094
0.99733776
0.98703915
0.9923226
0.075197704
0.99279964
0.08610076
0.15257987
0.998467
0.99458575
0.987082
0.71286947
0.9907685
0.81947
0.26741531
0.9984883
0.8514028
0.99565154
0.2764744
0.00772317
0.9968622
0.9973014
0.99788505
0.99281466
0.99787414
0.9972447
0.98801154
0.9837135
0.9976877
0.99503917
0.9976694
0.9941446
0.98653036
0.99247384
0.9912629
0.9989479
0.98192734
0.9870112
0.9780563
0.9933536
0.68364114
0.9970831
0.95171064
0.9974579
0.99622226
0.98977953
0.0083721
0.9958823
0.9987224
0.005224364
0.73860884
0.9987287
0.99413043
0.96962625
0.9996113
0.99964523
0.9935452
0.9600588
0.99403787
0.48445553
0.9416187
0.68377703
0.082118236
0.99991226
0.99008536
0.9979571
0.74698997
0.9996387
0.04628404
0.98639536
0.9856754
0.9918514
0.9361611
0.8779041
0.94793653
0.9774032
0.9977428
0.9972429
0.9887144
0.99498665
0.9971841
0.9820601
0.9302221
0.98707646
0.99388725
0.9817375
0.99955267
0.99261886
0.97367555
0.021387847
0.99857557
0.9826952
0.9268961
0.9933114
0.6159566
0.90684056
0.9568084
0.99702543
0.123245336
0.99911016
0.89558613
0.9978398
0.99061537
0.0798417
0.9980884
0.99552625
0.94608647
0.26212126
0.996427
0.6431073
0.9957522
0.11415322
0.98988265
0.97474617
0.030547328
0.9825776
0.3200262
0.98923105
0.9915006
0.9084123
0.9896101
0.034463704
0.73860264
0.9803151
0.9983183
0.9835585
0.909326
0.9911315
0.9880266
0.9932682
0.9999374
0.99793833
0.9477267
0.93388945
0.9532466
0.99131876
0.996822
0.65585035
0.9990018
0.9987165
0.99971217
0.017983558
0.99857616
0.994341
0.9945257
0.030048309
0.8421133
0.954938
0.009813593
0.99794835
0.009519756
0.99256647
0.99432015
0.07784553
0.99028647
0.99012494
0.92873013
0.010386942
0.9999112
0.99391705
0.97679955
0.9734135
0.99231017
0.97280204
0.9975272
0.99590117
0.032325093
0.9976445
0.9837106
0.9985324
0.04816106
0.89736074
0.99736696
0.9215796
0.9947089
0.99467355
0.9948586
0.99454886
0.996772
0.99833655
0.10737492
0.9898726
0.9981831
0.9971244
0.9515552
0.99743074
0.07299868
0.08730246
0.99062026
0.9966234
0.060740944
0.9685789
0.9973762
0.9930093
0.014441451
0.9873284
0.083050504
0.99627244
0.6346555
0.9932272
0.012279017
0.9984748
0.9992005
0.50180835
0.99259865
0.9929202
0.12035408
0.7271016
0.9994036
0.9852298
0.9882848
0.99778444
0.68612164
0.95267224
0.9945734
0.99016947
0.29494572
0.9992047
0.99527067
0.0055230907
0.99115866
0.994503
0.9978873
0.95269954
0.9985322
0.9971764
0.3016473
0.9975056
0.19165239
0.32036
0.016549189
0.99258035
0.9986224
0.999335
0.9834359
0.025640978
0.9985933
0.9967475
0.99909675
0.0044468297
0.9989679
0.9920893
0.99681747
0.99041677
0.9999443
0.950325
0.99819547
0.99695134
0.9997843
0.9992003
0.97566503
0.080864735
0.9865354
0.99062353
0.9972101
0.27613065
0.18447638
0.9968849
0.9981369
0.052773975
0.97620744
0.1561722
0.098968014
0.86606914
0.99616677
0.26528975
0.9975236
0.99882084
0.99684566
0.99823666
0.99668247
0.06084181
0.9982109
0.96759653
0.9567694
0.99737096
0.016907334
0.99604
0.99394727
0.997426
0.9906156
0.5316758
0.060474575
0.99863154
0.8893892
0.9985098
0.9973139
0.99621814
0.99183273
0.97697574
0.9872372
0.9959274
0.9900476
0.48857778
0.9851269
0.95729744
0.693188
0.95157313
0.9959453
0.99664414
0.14338507
0.9922283
0.9944154
0.054364912
0.99507636
0.99983764
0.9758494
0.12048053
0.9945226
0.022973694
0.0051946933
0.99941266
0.9979367
0.98580015
0.99380517
0.98188627
0.9578488
0.09315339
0.99798954
0.99926764
0.9955051
0.41201246
0.9980944
0.9854607
0.9925362
0.9994312
0.99728405
0.9996431
0.99662614
0.044283673
0.6666548
0.80266917
0.99784946
0.0024484491
0.008675957
0.98000836
0.98545295
0.1693157
0.99675626
0.98748374
0.9954455
0.13066095
0.9942352
0.9914703
0.9951579
0.9801348
0.9905917
0.9952674
0.99846554
0.9518643
0.9924684
0.9993648
0.9876204
0.14608768
0.99984646
0.020317787
0.9976094
0.98221475
0.9708463
0.029363198
0.97089773
0.99775535
0.999912
0.9912788
0.9941162
0.9977101
0.93985254
0.9869892
0.99512815
0.99841475
0.45269918
0.9928733
0.66088617
0.0074995565
0.99890983
0.998359
0.9855783
0.97999644
0.9984946
0.06836924
0.030540178
0.9959992
0.99493533
0.99317074
0.08460681
0.9908839
0.058349144
0.98852473
0.9994199
0.3767062
0.8918953
0.80592126
0.827108
0.9987295
0.99550617
0.9972574
0.98852855
0.9992429
0.99529344
0.99701595
0.9929
0.81224585
0.99940765
0.9957424
0.99205786
0.76144886
0.7353865
0.98532003
0.93329453
0.9960389
0.99802774
0.48764172
0.9900899
0.9927384
0.9975432
0.994097
0.93723106
0.9971584
0.99724895
0.7044946
0.9982432
0.9906176
0.996447
0.040583353
0.0200548
0.98298025
0.9908364
0.94295096
0.7623447
0.028265914
0.9978781
0.9939328
0.9972011
0.99876475
0.9972805
0.9981073
0.99622005
0.9869386
0.99672526
0.99611473
0.93933594
0.9475819
0.88303834
0.9990362
0.0229179
0.9983897
0.15002824
0.77961266
0.9919185
0.9954919
0.99317
0.9977762
0.008938693
0.9913299
0.72637856
0.96606666
0.9971334
0.8708839
0.99045664
0.99722505
0.9981285
0.888401
0.67431426
0.9999223
0.99842584
0.9979133
0.9997297
0.9984432
0.9980563
0.043505672
0.03290014
0.9364171
0.99876523
0.99716944
0.9988673
0.9948954
0.99441344
0.9999027
0.993729
0.98899555
0.0357453
0.989838
0.9402439
0.99676263
0.99055076
0.99721706
0.90148616
0.9936767
0.9954672
0.91977304
0.9958664
0.989141
0.99906784
0.15757264
0.97503555
0.99522936
0.99814546
0.99807173
0.9801784
0.9970796
0.08577946
0.9980039
0.99979347
0.9938922
0.9968143
0.9869998
0.027825205
0.72759724
0.9976421
0.9971892
0.9976774
0.98671365
0.94210166
0.9940205
0.9980564
0.99367976
0.9564425
0.9958484
0.9961856
0.99854386
0.9638305
0.97887576
0.0835154
0.9974049
0.95472604
0.00933478
0.7754521
0.9927072
0.9941023
0.11661573
0.80775553
0.032642826
0.9984629
0.99833435
0.93637925
0.99754
0.9926924
0.9970193
0.9972364
0.9948815
0.14773068
0.81664413
0.83172864
0.99073786
0.97542703
0.996745
0.99856585
0.98560506
0.99483585
0.93126214
0.9831818
0.9983748
0.99490595
0.48604625
0.9978644
0.99096245
0.954099
0.99831885
0.9973042
0.99606365
0.9842606
0.995955
0.99890435
0.9871115
0.9991435
0.72299886
0.99274534
0.9970483
0.9718937
0.9748684
0.99750155
0.768562
0.9986594
0.89853346
0.2774158
0.9983406
0.9958483
0.9486857
0.96494126
0.9899565
0.99212027
0.99354583
0.03190357
0.48914945
0.9999255
0.99085474
0.9711864
0.9784626
0.9889626
0.99920136
0.9997378
0.99010605
0.03962618
0.9873145
0.9987915
0.98989034
0.99621326
0.83061016
0.84108025
0.9973133
0.998831
0.1658484
0.833849
0.99738175
0.010591745
0.9899449
0.99978155
0.009564909
0.09659522
0.99830854
0.9964128
0.9918269
0.99520797
0.98531413
0.99806577
0.8086498
0.37829852
0.99970573
0.9823245
0.9760197
0.9927617
0.99924767
0.085943446
0.7379927
0.25676572
0.7912933
0.9970071
0.9866682
0.90951985
0.99585956
0.52765805
0.0056370287
0.9978709
0.9808898
0.9942872
0.0057297656
0.9272175
0.96730775
0.8820167
0.9984408
0.99621636
0.9367531
0.9985598
0.023464609
0.9652547
0.5562756
0.99463177
0.99985385
0.9993668
0.8752314
0.43728963
0.99598324
0.8495966
0.9972941
0.9668324
0.9960271
0.94830227
0.9964521
0.98918754
0.9901798
0.3523419
0.98975945
0.9710843
0.96928555
0.99482685
0.9945338
0.020102527
0.99471164
0.009769183
0.9865937
0.9971679
0.017996227
0.99598926
0.99547946
0.9925688
0.99593157
0.9166473
0.9977496
0.99351716
0.9898453
0.9845137
0.9978867
0.8718285
0.75822437
0.9999019
0.9959235
0.99282116
0.050514985
0.8046533
0.5171062
0.99906546
0.98936
0.994718
0.9964309
0.9991295
0.6263133
0.98279107
0.98925215
0.99824834
0.03284329
0.98861885
0.98819876
0.979107
0.70842093
0.99810934
0.9867914
0.7701532
0.99388605
0.03474095
0.9988601
0.99481165
0.99098796
0.6245502
0.89583427
0.8014611
0.9878142
0.05182914
0.99515426
0.99917245
0.0873341
0.92569107
0.1471527
0.0056947586
0.55201405
0.9957717
0.9974769
0.99984765
0.8946225
0.99571013
0.3064351
0.99465746
0.9905155
0.98980016
0.99855906
0.99924266
0.27431417
0.9857631
0.9971295
0.9977094
0.26216263
0.99610174
0.9991893
0.018139008
0.99292725
0.9937337
0.98167014
0.9985947
0.07489389
0.0075929267
0.9901344
0.9950059
0.98484105
0.9980888
0.047249123
0.028017601
0.99513775
0.99652314
0.010747926
0.73516834
0.99695325
0.9975458
0.9681819
0.9958106
0.9973182
0.8225071
0.968216
0.9906155
0.046676155
0.9986154
0.03348802
0.922741
0.9946766
0.004349374
0.9992206
0.98945916
0.99918455
0.9875328
0.9898336
0.9990866
0.9949037
0.9961629
0.5200924
0.9841892
0.99034107
0.9909497
0.017359031
0.9930127
0.9996425
0.99733186
0.9979126
0.9983144
0.9781683
0.88025904
0.9935602
0.9974136
0.997729
0.99037933
0.9712596
0.996612
0.016859878
0.9971781
0.24512443
0.99483466
0.99683917
0.9997788
0.9133515
0.99908507
0.99961436
0.9943376
0.9929109
0.99871147
0.999889
0.5099338
0.984945
0.9951965
0.9980596
0.9945372
0.99896014
0.044097465
0.010488764
0.9565523
0.99849105
0.9973724
0.99881893
0.02554501
0.9978415
0.9993748
0.96194184
0.9973641
0.022455247
0.9070558
0.98795193
0.99796164
0.7498163
0.9994886
0.029997846
0.99595284
0.998672
0.9992969
0.96993995
0.99594104
0.59646213
0.99914145
0.9839919
0.998522
0.97376084
0.5059115
0.75326777
0.9934855
0.031322688
0.8482584
0.9941757
0.9962159
0.19028173
0.99880886
0.99618995
0.9663627
0.9665523
0.9818018
0.99925905
0.9997526
0.9125372
0.9985868
0.033556357
0.99756914
0.9907453
0.9969632
0.99759954
0.9558277
0.1426489
0.99984145
0.99298334
0.34191406
0.027069906
0.99991226
0.9927533
0.012178211
0.5183804
0.99716514
0.9702842
0.99472636
0.9966229
0.5955427
0.9982951
0.9619597
0.008323328
0.99836963
0.9800853
0.995666
0.9982823
0.7057807
0.2459175
0.9916448
0.9980877
0.93055767
0.99983466
0.3203701
0.99954396
0.99889874
0.99374723
0.107090175
0.9843502
0.9610582
0.9974854
0.997047
0.99933857
0.9971016
0.997675
0.99890995
0.010404509
0.9926398
0.9971028
0.024600986
0.98849154
0.0062842597
0.8970789
0.99770653
0.021075232
0.2316213
0.97158605
0.9914608
0.029369622
0.9795329
0.99596417
0.9827603
0.9977023
0.74902016
0.9935275
0.99787986
0.12219371
0.04846862
0.99717206
0.42232442
0.9956077
0.11657347
0.9966394
0.9982679
0.9929635
0.92026687
0.9942002
0.9864253
0.9903319
0.9917378
0.997775
0.9872399
0.041786097
0.84392816
0.99883646
0.9928712
0.99490464
0.99696404
0.84528667
0.24121934
0.9629668
0.99871266
0.98944014
0.99896955
0.28089952
0.27200502
0.9948054
0.99817705
0.9930582
0.8714954
0.9867763
0.99615884
0.99466246
0.83789134
0.9974032
0.05838275
0.026688391
0.9932336
0.9966493
0.9986921
0.014072451
0.98983115
0.045599233
0.947934
0.99216086
0.97657883
0.9830579
0.7869655
0.9957837
0.12667793
0.54181325
0.2729717
0.9949787
0.81643647
0.9954881
0.99691796
0.057862073
0.65992624
0.99316955
0.60970855
0.9963349
0.9487799
0.7567384
0.99939275
0.9954189
0.9938945
0.99128985
0.9901928
0.9988953
0.9215534
0.9982053
0.2577041
0.99600035
0.051037975
0.9981567
0.9951396
0.99435425
0.99702674
0.9886673
0.996633
0.9759536
0.9663476
0.99541014
0.942542
0.03501963
0.030474909
0.99965596
0.6415685
0.56748384
0.9964786
0.3476735
0.9962286
0.9970463
0.9959954
0.9906578
0.9972959
0.9619281
0.9949098
0.9969748
0.9997601
0.9850868
0.8597643
0.98331684
0.927182
0.9941596
0.96371424
0.7089207
0.9943909
0.99816614
0.99497014
0.011169317
0.12684691
0.99205875
0.8887603
0.9989242
0.99635017
0.99361306
0.99864584
0.9957694
0.8935844
0.9992219
0.9998431
0.6685181
0.99813014
0.83516717
0.9944858
0.99317956
0.9889114
0.9377364
0.039698184
0.9901472
0.99897194
0.97083884
0.99374795
0.97979033
0.9958425
0.97680885
0.44225985
0.07144862
0.99664307
0.9518115
0.9978719
0.05094535
0.9979297
0.8870676
0.9927948
0.9975821
0.30790654
0.106701456
0.92594594
0.9990879
0.9992386
0.99041736
0.98008966
0.983584
0.99753124
0.80708814
0.94065255
0.98504144
0.9842285
0.9875371
0.99427855
0.99450314
0.9974039
0.9576103
0.99923503
0.99745744
0.99751425
0.9141188
0.9924293
0.9905377
0.87693423
0.9045868
0.99826956
0.98958534
0.97795254
0.98397356
0.9939581
0.9989981
0.02431828
0.9918086
0.028898017
0.9993937
0.9952819
0.99330324
0.98189604
0.0058388864
0.99820065
0.9942774
0.9910521
0.6424591
0.9900011
0.9985512
0.99557376
0.019284183
0.9573839
0.5654686
0.0037439263
0.99875295
0.9977124
0.99848926
0.9952493
0.9848644
0.9846817
0.9884625
0.99866223
0.99877876
0.99341416
0.9992385
0.024732562
0.9961028
0.99349713
0.9980211
0.99932206
0.9972777
0.9648811
0.99464524
0.34598783
0.9988507
0.96544415
0.062107857
0.99877447
0.041807145
0.98841184
0.044667836
0.04466605
0.99796295
0.090829834
0.99970883
0.9532347
0.98806375
0.105766416
0.99995935
0.48773405
0.99499905
0.99789196
0.99706155
0.9614078
0.03492709
0.9374743
0.9720638
0.045703553
0.9932058
0.98852766
0.99332243
0.99546486
0.99990034
0.9480514
0.99574935
0.9716376
0.99827695
0.08487313
0.99442977
0.008769781
0.53407174
0.99506736
0.9979943
0.02013739
0.65651476
0.023519395
0.9865807
0.98884284
0.9980616
0.9952866
0.99670744
0.9889797
0.094697915
0.99116933
0.9072157
0.8728926
0.99902654
0.9953387
0.9993505
0.99659413
0.45042187
0.99326766
0.9996088
0.9946084
0.21639077
0.9104442
0.9602471
0.023711907
0.9998392
0.95034176
0.99772936
0.030163735
0.95975477
0.0055353274
0.6006347
0.9954919
0.99857926
0.46533278
0.99810374
0.9934522
0.98030084
0.98786885
0.9932689
0.9852545
0.45335406
0.9928281
0.9845264
0.9912477
0.9982305
0.6940713
0.99582434
0.2788567
0.029274205
0.450244
0.99765563
0.9110975
0.99690396
0.99786216
0.008407152
0.98635584
0.99976724
0.010833722
0.9949876
0.9959584
0.047938243
0.0019716544
0.96867377
0.9938792
0.89950883
0.99077797
0.99994075
0.008597451
0.102110915
0.9960742
0.99616504
0.9964049
0.99485034
0.99878544
0.9954537
0.9417278
0.9256011
0.9981487
0.9932433
0.9998449
0.99757093
0.987394
0.018685846
0.9937663
0.73166794
0.99460137
0.42100057
0.999946
0.998659
0.99544346
0.9866919
0.50152135
0.9957521
0.97844154
0.026869766
0.9965773
0.99937433
0.9998529
0.9966839
0.9949686
0.9979387
0.9974323
0.96011364
0.98830265
0.9969162
0.9993325
0.9985141
0.08223958
0.99982506
0.8026827
0.9867221
0.97817147
0.021100894
0.9973345
0.024425311
0.98875755
0.99787605
0.9991574
0.99769336
0.018982578
0.9990553
0.01004147
0.95522344
0.019774139
0.9898226
0.9914328
0.9988927
0.98079956
0.9931832
0.97013545
0.99526656
0.9861756
0.95893294
0.99697113
0.82486796
0.99697375
0.87715787
0.9932729
0.93446624
0.9965417
0.99315757
0.9866867
0.7850513
0.98902446
0.4746354
0.9415981
0.99425215
0.18146937
0.9907278
0.2077159
0.99717194
0.98269916
0.9960037
0.99625564
0.7555117
0.45240414
0.99009705
0.99628925
0.9984675
0.98730624
0.08713308
0.9672413
0.982263
0.9973131
0.6007363
0.8974257
0.98252136
0.9996984
0.99617034
0.984421
0.34808016
0.9966718
0.9557666
0.99696714
0.70200527
0.85347944
0.99718815
0.9999428
0.0737684
0.997414
0.9981686
0.9991351
0.99873024
0.99458045
0.9515447
0.9709616
0.99873036
0.99356514
0.008667808
0.298475
0.46490848
0.031305835
0.78330183
0.9981458
0.9925067
0.9975605
0.027334023
0.873829
0.04516828
0.9885993
0.9969047
0.99620503
0.9790678
0.049866423
0.9906238
0.99721175
0.18674843
0.9997676
0.99568754
0.9430442
0.9982748
0.9554565
0.5664561
0.09931088
0.14941955
0.9981335
0.02820479
0.99967194
0.9986022
0.99548894
0.03645343
0.99969697
0.9994795
0.9890583
0.99835134
0.16923636
0.026055692
0.9963439
0.9745019
0.21850964
0.999175
0.9442441
0.999091
0.9981165
0.99700195
0.04309264
0.9869211
0.99125695
0.9537863
0.99139106
0.94665104
0.35780504
0.9977518
0.9990152
0.86419386
0.7714035
0.8720411
0.72985584
0.98989093
0.9978144
0.9813845
0.9954716
0.98170716
0.05648392
0.99775726
0.99527407
0.98593557
0.61620283
0.9982034
0.94736004
0.99681926
0.98474264
0.012927869
0.9997762
0.86195374
0.9292274
0.99173135
0.98935306
0.98868376
0.36492512
0.9148417
0.021726036
0.98697335
0.99606764
0.12714133
0.9994399
0.99505204
0.8949115
0.99221146
0.99828523
0.9929335
0.9884907
0.13668424
0.9959156
0.9917365
0.99838364
0.0062984345
0.9626072
0.9977677
0.9983885
0.05141751
0.99852836
0.99926335
0.8556449
0.99705976
0.98917305
0.87428564
0.9900608
0.99917716
0.9878622
0.34527463
0.9922462
0.9989544
0.9989446
0.99974567
0.9936407
0.5217235
0.99626535
0.9366212
0.9973972
0.9919918
0.025137905
0.9607959
0.993929
0.9964992
0.8166501
0.9854973
0.99750143
0.9917824
0.989393
0.99955505
0.9972325
0.9988802
0.99674004
0.9552262
0.025126597
0.9970989
0.28853872
0.15354307
0.9998306
0.9992999
0.99993443
0.99652207
0.9985019
0.9771553
0.9992047
0.016627511
0.99962115
0.9633296
0.9948308
0.9919299
0.7451023
0.99745923
0.9964617
0.9991398
0.81705546
0.8910405
0.9971674
0.09925306
0.9979942
0.9953928
0.7801645
0.9981591
0.9576331
0.9957599
0.9989594
0.94608915
0.88423693
0.9974261
0.9954124
0.9853485
0.9970278
0.9994142
0.9936684
0.97372806
0.9972505
0.99822634
0.99281996
0.06146599
0.99605274
0.18796967
0.9268178
0.99438274
0.8932303
0.9496986
0.9933733
0.9983803
0.7638551
0.15090995
0.0096483035
0.9981706
0.85943395
0.99784017
0.97735107
0.035915054
0.26336652
0.99532264
0.9969505
0.99680424
0.94149494
0.9980242
0.99181414
0.060683798
0.9982992
0.9997837
0.9962308
0.5469753
0.956985
0.020063573
0.06206987
0.99079436
0.99727136
0.995576
0.99650806
0.9990908
0.9884828
0.9922259
0.9952179
0.99830425
0.99367934
0.9808185
0.74420065
0.5885476
0.99958855
0.99831593
0.9235809
0.8600017
0.99690163
0.9995604
0.02485207
0.99744874
0.9998636
0.9955004
0.9875026
0.9405374
0.05352384
0.9927926
0.39694664
0.12123042
0.9969164
0.9987061
0.9810487
0.9917462
0.9910364
0.9344605
0.49513215
0.9938769
0.9811427
0.6061337
0.07704435
0.99901557
0.99329007
0.011958349
0.98310745
0.99492234
0.853122
0.15660837
0.9998647
0.9988595
0.9998827
0.04428418
0.98037547
0.9924965
0.00910536
0.99938095
0.03384395
0.99654824
0.9707525
0.99861777
0.9968778
0.99400795
0.9829191
0.9880084
0.9944266
0.32199228
0.9987721
0.98726267
0.8688185
0.20430249
0.007547766
0.9945727
0.9981304
0.99769294
0.9221436
0.9399865
0.953364
0.9920866
0.9427545
0.9953702
0.9766325
0.9979444
0.008223636
0.9976221
0.80502445
0.7720127
0.16420646
0.98084635
0.9835105
0.99309033
0.99274045
0.021987852
0.86595464
0.9975253
0.04303093
0.9979448
0.99793434
0.96539545
0.99888664
0.006036846
0.99159956
0.9956033
0.9948756
0.9210358
0.9570451
0.9967949
0.9862483
0.9690099
0.8208206
0.9906943
0.9940598
0.9982855
0.99561137
0.99303293
0.97934407
0.026389476
0.9967585
0.98703057
0.99987257
0.99511576
0.5700899
0.16029064
0.95528305
0.011327956
0.981138
0.99360883
0.9977679
0.9990877
0.9986142
0.9944231
0.9978204
0.97258186
0.9971739
0.91937476
0.99792516
0.9921376
0.9862027
0.983978
0.979395
0.0064530713
0.98650867
0.98184747
0.044763792
0.9443097
0.99360645
0.012251912
0.99508876
0.9944707
0.96324813
0.99124277
0.97416264
0.98437023
0.9937488
0.9961921
0.7048074
0.006138066
0.99864787
0.95630556
0.9332831
0.99819857
0.09990599
0.97181773
0.99829715
0.26867563
0.99841595
0.99773526
0.6009492
0.9998907
0.9831697
0.993723
0.9938135
0.99524
0.17834991
0.98929834
0.9962196
0.02306779
0.99913114
0.21002705
0.035288624
0.99837875
0.92297906
0.07409733
0.87222743
0.9088088
0.9997062
0.5073896
0.9920522
0.9965772
0.99889874
0.9770025
0.85161525
0.6147847
0.9969766
0.9987245
0.9992698
0.99409455
0.9951767
0.7345831
0.99626887
0.9837811
0.99530506
0.99825376
0.9977623
0.9195624
0.98926383
0.9983614
0.99935347
0.9968561
0.99782133
0.99543816
0.895995
0.8526384
0.98160547
0.9283603
0.99559826
0.024557834
0.99966073
0.9947196
0.9964474
0.9979486
0.999811
0.997866
0.921045
0.9652281
0.98432964
0.9438665
0.0051061586
0.989144
0.87320036
0.84370315
0.9800995
0.99613035
0.99236816
0.99660623
0.40595183
0.9931197
0.48549882
0.9786316
0.74415904
0.9974605
0.99427104
0.99977237
0.99232894
0.995552
0.9998287
0.83936864
0.9213001
0.99990344
0.9854762
0.3282213
0.075433
0.9999242
0.999153
0.9921238
0.55301476
0.997532
0.99738795
0.9976283
0.99916637
0.96811855
0.993909
0.9507364
0.99733436
0.7790168
0.9446217
0.81253195
0.98824346
0.957563
0.08784235
0.9893624
0.9983581
0.9938368
0.65063125
0.70197594
0.9846949
0.010030654
0.94082475
0.79779494
0.9520019
0.9986744
0.78519845
0.9876957
0.009593455
0.9725903
0.9995977
0.9087713
0.99511504
0.040295105
0.9997223
0.91383654
0.9452031
0.9897453
0.992481
0.05586379
0.99840075
0.59314454
0.9830582
0.17654645
0.99360234
0.999087
0.9944912
0.9972639
0.9922267
0.029365985
0.00731211
0.2052604
0.92149705
0.059127495
0.06653728
0.13244589
0.8781952
0.09415552
0.99445087
0.9977404
0.9964097
0.97961515
0.99678636
0.11449661
0.9186399
0.9892452
0.9960408
0.99726796
0.9976997
0.36781946
0.98277575
0.90751326
0.9974202
0.90036285
0.9860903
0.9996227
0.11332166
0.9906515
0.086964205
0.7781354
0.9961486
0.97785985
0.8976835
0.095858514
0.033366293
0.997905
0.95806247
0.40779158
0.20841841
0.9981838
0.9910188
0.99861825
0.9959235
0.9980021
0.938557
0.99739444
0.97116673
0.20381089
0.009815214
0.9828199
0.9895042
0.95793533
0.99864644
0.19844535
0.99229217
0.8454238
0.9968516
0.99867827
0.9383623
0.9159609
0.9992337
0.9992675
0.9960821
0.9965544
0.93644816
0.010341296
0.9966143
0.99444205
0.9899221
0.96432686
0.9958592
0.015122828
0.9972174
0.9913914
0.0840881
0.99953794
0.9878947
0.99794763
0.99889886
0.017723752
0.12807505
0.010835546
0.9441725
0.011710955
0.037443854
0.99064016
0.9998405
0.93858486
0.98907477
0.41245887
0.98461306
0.9636334
0.9971835
0.9907329
0.99871993
0.99578047
0.99128515
0.035001885
0.023278482
0.99899095
0.97556543
0.99670655
0.98840046
0.992141
0.9905144
0.97361857
0.99738795
0.997472
0.9971072
0.99386144
0.93693745
0.005522737
0.9919892
0.93179846
0.99520373
0.17059891
0.49686286
0.99793905
0.9970655
0.99620444
0.9975987
0.9088072
0.432065
0.9929022
0.999887
0.99529797
0.9971365
0.99047273
0.91764784
0.991966
0.99677736
0.033085253
0.99843985
0.99981564
0.9904571
0.9972312
0.9979038
0.05391602
0.90160465
0.9936698
0.99402857
0.44354993
0.9959772
0.953347
0.9810714
0.9996222
0.9942491
0.9880354
0.99920964
0.15958613
0.99764854
0.41136998
0.6228833
0.049010567
0.9983125
0.98524356
0.09568832
0.9990171
0.962502
0.9996049
0.9158999
0.9988186
0.99612385
0.99776995
0.9963181
0.94619596
0.995152
0.9347355
0.99642295
0.37293002
0.9967499
0.9983518
0.99580634
0.047755223
0.99607384
0.99892956
0.9981913
0.98325837
0.9781219
0.015557356
0.9982089
0.9687103
0.07351169
0.9973232
0.9932365
0.9930814
0.13269024
0.14259051
0.9981541
0.9845368
0.8880775
0.9956762
0.1214169
0.045587033
0.96559685
0.99806887
0.9963889
0.99610966
0.9959435
0.46861103
0.9870452
0.9697328
0.80223125
0.3631008
0.9999105
0.9825965
0.9921198
0.035998445
0.17428456
0.9756835
0.9985097
0.9900209
0.78458506
0.9989316
0.9939116
0.9980386
0.99612147
0.99617815
0.9572387
0.13252395
0.9961622
0.99237204
0.998128
0.99822456
0.98648316
0.94257116
0.9973972
0.9973285
0.9983335
0.9444416
0.9968731
0.99850464
0.71418387
0.99617356
0.032707136
0.9989976
0.9971758
0.8866522
0.99375534
0.913822
0.99834466
0.9958877
0.93030906
0.95004535
0.99555284
0.070937335
0.9929709
0.99256176
0.19931352
0.99617225
0.9974208
0.08028327
0.99709475
0.036101975
0.34748238
0.99539113
0.9974481
0.95090604
0.9794917
0.9930394
0.96813554
0.9949062
0.18125926
0.9978104
0.98836786
0.14492899
0.9735666
0.35868323
0.89342874
0.9271313
0.9998161
0.9970999
0.1640154
0.013235433
0.9946197
0.9936079
0.9825499
0.9976882
0.9972179
0.9979755
0.8658253
0.49110696
0.99859303
0.96798027
0.99901295
0.9988626
0.9973774
0.9981623
0.05929046
0.9956318
0.9837378
0.94461095
0.8894067
0.9871781
0.9830935
0.99630725
0.9923273
0.8476169
0.99840975
0.9992453
0.99385226
0.9895583
0.91900563
0.9998628
0.023536606
0.9886376
0.99165463
0.9227533
0.9968079
0.13087855
0.99862635
0.99631375
0.06300866
0.70713145
0.99641824
0.99416333
0.5944918
0.99691343
0.97189224
0.017610427
0.9977144
0.99623257
0.6002871
0.9995216
0.09039433
0.9950481
0.86353296
0.99510705
0.075102806
0.9982864
0.99330044
0.9983076
0.99562657
0.31215683
0.9992791
0.9999268
0.9996799
0.010129427
0.481433
0.99989104
0.97556746
0.9458037
0.9975024
0.9920665
0.98165524
0.9985545
0.99280035
0.60910255
0.27442148
0.79029095
0.058041263
0.19310568
0.99981076
0.3311665
0.9978161
0.997077
0.88845706
0.9410123
0.99732685
0.2693674
0.030993424
0.99840397
0.6701139
0.9789363
0.9824042
0.7862939
0.99151623
0.8954566
0.9359239
0.9828252
0.11486063
0.9698527
0.5956297
0.99502975
0.9980636
0.9174952
0.99935097
0.9999044
0.99478036
0.99398637
0.99587667
0.967924
0.99136204
0.87792856
0.8030072
0.99922574
0.15835798
0.9914296
0.99959356
0.99937207
0.9724204
0.78988725
0.9985386
0.9923568
0.9977156
0.8958111
0.10829281
0.9973929
0.015465135
0.99864167
0.9987256
0.01618915
0.99983585
0.98293936
0.99196666
0.99414486
0.9950611
0.022495173
0.5595051
0.99768066
0.99484766
0.99824107
0.9986708
0.9962781
0.9908614
0.98011106
0.9998925
0.9878676
0.99171853
0.9992951
0.99858224
0.3656955
0.95096135
0.99836475
0.09808909
0.15817262
0.7504274
0.98893726
0.1017159
0.06312317
0.98780674
0.17282055
0.9954945
0.99872667
0.99835783
0.9200737
0.99728465
0.998844
0.99684334
0.9993063
0.9969382
0.1417335
0.99882895
0.9977234
0.98361003
0.99905854
0.99084634
0.15128489
0.99085087
0.9736746
0.994191
0.9950976
0.997248
0.8716321
0.99590707
0.8631754
0.9979819
0.85689557
0.033927973
0.9997391
0.9976164
0.9985781
0.9764806
0.022240551
0.9992655
0.994337
0.96291995
0.93826723
0.9981342
0.9980261
0.9956246
0.9963566
0.81946963
0.048067875
0.10507547
0.9944049
0.1130103
0.73558205
0.99854904
0.99152994
0.9976949
0.99360293
0.99708986
0.9989361
0.93483573
0.99264246
0.9982576
0.993558
0.78935224
0.9908415
0.8758241
0.99745995
0.9797728
0.16161759
0.9998615
0.99876225
0.34566477
0.99728215
0.9968616
0.020947106
0.99358773
0.9893218
0.99264413
0.43460947
0.9167428
0.9976434
0.9948597
0.06751968
0.9960091
0.86643195
0.9965654
0.98500675
0.9831102
0.9851226
0.39967632
0.989403
0.9279875
0.02098876
0.99854845
0.9710249
0.9966689
0.0063603087
0.99073654
0.991113
0.79839253
0.980674
0.99877805
0.03340421
0.98591214
0.03437599
0.99618286
0.95693797
0.98996395
0.9741417
0.9903486
0.99489164
0.038010754
0.9989189
0.9072986
0.009979005
0.9119095
0.99678874
0.86023074
0.51989794
0.9918034
0.9976058
0.9955877
0.9904917
0.8050044
0.9959389
0.91785145
0.9779073
0.99243224
0.9378127
0.99990714
0.016048163
0.79308903
0.9946354
0.9996308
0.99663574
0.9921841
0.86721617
0.98681706
0.99681324
0.950305
0.68833
0.995723
0.9799876
0.99442554
0.99457836
0.9943047
0.99426866
0.04610444
0.99220383
0.38996372
0.0047918367
0.08737122
0.9987243
0.9967552
0.99831235
0.96871555
0.9986512
0.54689294
0.017473288
0.9969753
0.9891423
0.24817744
0.5391348
0.9993231
0.9947404
0.9926479
0.99045104
0.9990563
0.99825317
0.016132327
0.9821753
0.99280834
0.9913936
0.032787297
0.9845915
0.9813301
0.23810615
0.9022335
0.9948821
0.9899194
0.9920744
0.047121093
0.022044428
0.9507824
0.99758077
0.9276638
0.06733631
0.36369532
0.0068568545
0.98703104
0.89803475
0.99645364
0.16457413
0.99894136
0.99926347
0.07213477
0.28334832
0.520258
0.97246855
0.9958145
0.9948702
0.7870873
0.015005428
0.9906861
0.9414439
0.0150972605
0.99620014
0.35298833
0.99798846
0.7787901
0.99695456
0.943868
0.9922271
0.998596
0.99454355
0.9970951
0.9928139
0.9930177
0.9584069
0.0030133517
0.99764997
0.99929047
0.99929225
0.9963586
0.9909512
0.009921002
0.99929225
0.9902355
0.27214357
0.9964707
0.14148967
0.99821174
0.99662685
0.99827075
0.953258
0.7117508
0.9967103
0.9601508
0.99977964
0.9972869
0.5487672
0.99948263
0.9994905
0.9692377
0.97912395
0.28742146
0.98474175
0.9983808
0.99844486
0.9982241
0.044227876
0.07654326
0.9939773
0.009983147
0.9933641
0.9987943
0.013859078
0.9723612
0.99764234
0.997445
0.9833662
0.037470378
0.98656553
0.027942793
0.998808
0.8850801
0.022205707
0.98983616
0.9960517
0.7194145
0.9809964
0.99316436
0.98600256
0.03477633
0.98934245
0.98587245
0.48332256
0.028735938
0.880823
0.2686792
0.99655235
0.6632851
0.9890581
0.99839693
0.9983309
0.96274436
0.9393879
0.9938075
0.965975
0.9952291
0.020640926
0.99056506
0.98950773
0.9998209
0.99649256
0.99653924
0.996485
0.8810684
0.4771362
0.9819546
0.9979837
0.9932202
0.9757565
0.97241265
0.9929075
0.99152887
0.008310311
0.9959896
0.9257427
0.9865328
0.9989396
0.99676967
0.97748226
0.9956239
0.9944864
0.17323752
0.9959133
0.9988116
0.7535223
0.99347985
0.9918602
0.94314605
0.99467516
0.786719
0.99725467
0.9985732
0.9990101
0.50509435
0.9880465
0.997203
0.9992656
0.9983687
0.9965913
0.9880056
0.8447337
0.99498343
0.99526644
0.9998981
0.7635871
0.9948782
0.9993284
0.9919403
0.21864693
0.9885358
0.9854602
0.99029833
0.9972518
0.96543133
0.99626654
0.8172937
0.9983853
0.99199015
0.97956216
0.9961345
0.22418876
0.70427847
0.9736901
0.98459727
0.99624133
0.98649246
0.99870336
0.9968298
0.99147546
0.9989459
0.99677294
0.9990746
0.9913312
0.99913186
0.020917507
0.996424
0.9963446
0.18328731
0.925979
0.9965264
0.9704165
0.6774156
0.9970701
0.9415704
0.9694305
0.21999717
0.9999454
0.98791736
0.99921525
0.99008137
0.5553046
0.9063629
0.989292
0.9992568
0.99586946
0.99672556
0.99774855
0.9992318
0.9988992
0.990315
0.10146183
0.9802874
0.5579938
0.99494284
0.94197696
0.9988931
0.9967732
0.027327908
0.4807752
0.9950481
0.9910948
0.16246973
0.9796509
0.9979608
0.99065185
0.96699655
0.9884156
0.68659765
0.8231836
0.996944
0.9982659
0.010036252
0.98746383
0.99608034
0.011765167
0.9877967
0.12670358
0.9790815
0.97760594
0.99800366
0.030182252
0.2373498
0.99735236
0.0036003462
0.9824154
0.019156713
0.945588
0.9997031
0.99592364
0.99309033
0.9910473
0.9932769
0.9895672
0.9843885
0.056556515
0.9939534
0.83818847
0.9951226
0.9927685
0.9915809
0.99768806
0.99820876
0.9867258
0.9948921
0.99791104
0.9979705
0.9671984
0.8485669
0.9811937
0.99924505
0.42048556
0.7508972
0.99762577
0.9974808
0.99679035
0.933283
0.9999113
0.99879825
0.5617017
0.995867
0.98444694
0.99848664
0.9270234
0.8548622
0.9919076
0.9950777
0.01564332
0.99342126
0.9911151
0.9956643
0.97684485
0.88692206
0.9743109
0.99748397
0.17179012
0.8713885
0.94504833
0.99849975
0.9943877
0.9635297
0.99766564
0.9981001
0.99721044
0.07169153
0.9937364
0.9814403
0.991478
0.9942015
0.030043704
0.9971275
0.9994511
0.9916255
0.011394143
0.99762017
0.99965274
0.9983102
0.9980216
0.9964791
0.40289333
0.9996953
0.99747485
0.019553628
0.39935467
0.530522
0.9992685
0.9507164
0.94838506
0.98051906
0.99512357
0.9912533
0.9982893
0.9520616
0.99079096
0.43657577
0.9743969
0.4629423
0.9425648
0.9755338
0.060781404
0.9623741
0.584375
0.94304574
0.9977744
0.99425936
0.99235743
0.9965479
0.99579066
0.9982621
0.72980684
0.73907894
0.97699714
0.99245024
0.9816705
0.9990702
0.9025508
0.018973727
0.27065405
0.9110083
0.017230185
0.069516756
0.98989
0.9994978
0.9976078
0.9962289
0.9975961
0.9600219
0.990326
0.9983891
0.9985183
0.9985121
0.99524176
0.9978667
0.9983706
0.96103054
0.9999219
0.99303645
0.77744514
0.9999095
0.033364195
0.9408278
0.9923529
0.0111345695
0.9957695
0.9824636
0.017063254
0.89967966
0.9994506
0.9995235
0.0069853407
0.9913288
0.9841553
0.9582829
0.9969915
0.48853618
0.99075073
0.99223125
0.1588897
0.0070496886
0.007937378
0.9987783
0.9653226
0.9619533
0.04693223
0.71936446
0.9959966
0.99840695
0.35275528
0.08219527
0.99797815
0.044336468
0.9983215
0.99859744
0.99873143
0.9981317
0.9103613
0.02662134
0.99669445
0.98657876
0.9977489
0.07342252
0.9935002
0.927703
0.99392396
0.07197081
0.99692047
0.9993774
0.9975956
0.9996973
0.8638646
0.9752425
0.99989736
0.9899979
0.18943095
0.029834602
0.98859334
0.9939129
0.9961597
0.98612255
0.98790634
0.96951675
0.96891606
0.9976757
0.9920655
0.06182736
0.029722
0.992515
0.10924293
0.5951101
0.9972831
0.99723333
0.9982014
0.03793531
0.98404515
0.93719786
0.999388
0.020767285
0.98253846
0.070014045
0.070117235
0.99478453
0.9988594
0.9969343
0.8789712
0.97661555
0.9998878
0.9849953
0.021718938
0.9978529
0.0774578
0.9938175
0.99889576
0.6973255
0.9909747
0.99184215
0.9678389
0.04651646
0.9912888
0.99298817
0.9982541
0.10504317
0.5177051
0.06347257
0.9952997
0.9958287
0.017128155
0.99773407
0.8013974
0.94608915
0.9893027
0.99654347
0.9985936
0.9954139
0.05992667
0.0375148
0.9965108
0.9936132
0.7832167
0.885095
0.99749833
0.9939143
0.7733477
0.99080104
0.9910677
0.99445736
0.031830452
0.9988205
0.9990884
0.99343634
0.99041945
0.6995143
0.9411809
0.5030174
0.99774337
0.0381862
0.99171925
0.9929442
0.07939215
0.012366901
0.9979316
0.009969733
0.99243486
0.9975171
0.9991704
0.99991393
0.99478525
0.013363701
0.9991689
0.07592222
0.99289703
0.9892547
0.6657225
0.9904317
0.99551046
0.7595307
0.9972651
0.99081916
0.9945221
0.9936587
0.9926085
0.99869233
0.9979715
0.9966822
0.29758856
0.99817526
0.5444104
0.9959747
0.99407476
0.9810385
0.8957364
0.9939592
0.99530506
0.76954955
0.09090066
0.99862134
0.9745429
0.5375398
0.9935129
0.9987686
0.99663335
0.9244514
0.85182923
0.9917251
0.9952193
0.9899961
0.99461246
0.9982084
0.98713696
0.9959895
0.9983211
0.17258404
0.99565804
0.027318366
0.9904773
0.9894104
0.99717665
0.9925882
0.9623392
0.16154365
0.26408494
0.10160462
0.15528312
0.99436945
0.98158133
0.9350746
0.9991744
0.5183424
0.99921
0.8581079
0.98388
0.97957844
0.23309363
0.99911994
0.99890184
0.82494754
0.99420327
0.99540555
0.9990095
0.9311201
0.9978618
0.91863155
0.98463136
0.936271
0.9832888
0.9953656
0.47474048
0.75959784
0.0077409605
0.99547654
0.0069817235
0.99845207
0.9750592
0.00911027
0.99942786
0.955501
0.8784628
0.9992884
0.95943654
0.95972764
0.9865697
0.9996469
0.9955505
0.99980754
0.99917537
0.99819237
0.9874204
0.9979177
0.9977991
0.9932957
0.99748296
0.98433256
0.26735547
0.27984583
0.97731733
0.04196679
0.9767287
0.9914684
0.8334274
0.67240846
0.029899264
0.9935428
0.82810545
0.93119305
0.3503231
0.9976164
0.93587655
0.090937465
0.9973901
0.9981748
0.030733299
0.9992663
0.99902606
0.9932741
0.6985335
0.5215394
0.8568995
0.016201945
0.9653187
0.9901924
0.9996731
0.9991997
0.98700154
0.9948003
0.03862336
0.9985481
0.99578816
0.1053389
0.5522835
0.97948784
0.988203
0.9963721
0.054463066
0.9919482
0.80273485
0.057825338
0.021246796
0.98942894
0.9733128
0.99771595
0.99783593
0.02178417
0.99116606
0.9981817
0.23449792
0.9852483
0.9949521
0.9986327
0.3114634
0.04742948
0.99662244
0.99838114
0.9906634
0.88218534
0.9987752
0.9840131
0.0042707846
0.9986777
0.018716006
0.99002993
0.99115646
0.98396355
0.99825376
0.9852846
0.029607804
0.99937385
0.9825912
0.99015874
0.9980762
0.99962056
0.11632985
0.9971596
0.2533537
0.9335729
0.9898525
0.98284215
0.07751278
0.9958586
0.9928803
0.9923725
0.9954867
0.98004663
0.99751425
0.9983777
0.94813687
0.99275243
0.9968316
0.9939686
0.012714062
0.023695735
0.9943936
0.6524751
0.99325484
0.028491613
0.99896765
0.99712497
0.93342716
0.10847384
0.9753083
0.99634343
0.8499308
0.92055064
0.9984339
0.73199373
0.996792
0.9584778
0.99826896
0.99588287
0.09632714
0.005807483
0.98825514
0.01586231
0.03696181
0.9863587
0.9868743
0.5357314
0.8744411
0.9990607
0.9975138
0.100974895
0.99447155
0.99531615
0.9846884
0.9944623
0.09560425
0.9747611
0.07088598
0.9891887
0.998934
0.9700742
0.99912614
0.7311073
0.9977762
0.9538031
0.99823475
0.99763286
0.9948413
0.99902666
0.99984896
0.07511907
0.030015683
0.21708152
0.026744911
0.97026426
0.99939716
0.91961235
0.99768686
0.9528194
0.98588806
0.13985321
0.9978125
0.0548901
0.99411714
0.9959998
0.9830587
0.99836344
0.90591097
0.9991646
0.99870765
0.9980361
0.94705194
0.11520813
0.9947174
0.99759907
0.8741553
0.9992673
0.9992889
0.9992586
0.7876919
0.9955369
0.9155845
0.9982376
0.9723953
0.3228308
0.9959715
0.9943591
0.99966574
0.9270143
0.034761943
0.9926184
0.99836
0.98506147
0.061329372
0.924646
0.99584806
0.022274043
0.92554706
0.9968444
0.9980856
0.99579346
0.9725124
0.5017269
0.05133775
0.9967901
0.9902047
0.0047830357
0.9885372
0.987381
0.99665546
0.9978599
0.99303377
0.97240317
0.537197
0.9980392
0.9974154
0.37714306
0.9628369
0.9997217
0.99780184
0.99419576
0.53955346
0.0132412575
0.9971288
0.9804088
0.9928866
0.9949635
0.8360171
0.9877652
0.12616433
0.9912231
0.07489571
0.9129339
0.00999134
0.8880028
0.99436224
0.9898629
0.9874851
0.9964786
0.9930455
0.9642851
0.3156774
0.998168
0.99093926
0.9974854
0.99977916
0.99398583
0.9905911
0.9949668
0.9950145
0.9909847
0.63106453
0.014727231
0.995445
0.9625139
0.025464699
0.9922895
0.9950335
0.9982691
0.95948195
0.8076307
0.026473897
0.9860275
0.9366077
0.99956185
0.9889088
0.9818586
0.99919146
0.0021323133
0.99520785
0.97503
0.17304656
0.99731123
0.99547404
0.011343448
0.9936923
0.9396372
0.98733366
0.9964385
0.9977781
0.8522786
0.99855655
0.9961881
0.010157468
0.9939294
0.07008023
0.9379834
0.99102694
0.64686143
0.9936128
0.99989796
0.9973399
0.9984806
0.0053820247
0.98307794
0.997535
0.050311215
0.97090334
0.04381768
0.114803135
0.9990637
0.99417806
0.9988967
0.99499017
0.98213756
0.008856898
0.99709356
0.011351757
0.09808534
0.079990275
0.9957592
0.998831
0.9975541
0.9950481
0.9876056
0.7911877
0.9924346
0.79674274
0.99444443
0.9948349
0.008420607
0.9520814
0.99182194
0.8810001
0.99802667
0.24250391
0.05439141
0.99963367
0.9990054
0.9974636
0.9946802
0.08925038
0.9692068
0.9729537
0.07493041
0.9972619
0.9937059
0.97443646
0.056113955
0.066478625
0.8125937
0.9933537
0.22521286
0.93434703
0.99464935
0.85758865
0.01559799
0.99571145
0.9979673
0.9869823
0.99883837
0.10334062
0.9855611
0.9802002
0.043510288
0.008239137
0.004616123
0.99348915
0.9938676
0.99673295
0.998372
0.8808873
0.99337846
0.99686426
0.9374527
0.995704
0.9622638
0.08721709
0.99516785
0.9969187
0.06181129
0.99987626
0.9983015
0.47584647
0.019210957
0.97995675
0.99462825
0.98842686
0.99792284
0.9931056
0.9977494
0.79453886
0.33158424
0.10882824
0.0079106735
0.99439234
0.9964514
0.94421476
0.98371243
0.06875185
0.02836928
0.12304825
0.9996804
0.97617006
0.9943163
0.9983321
0.99343276
0.9902182
0.9970464
0.014080941
0.9903874
0.05082571
0.9922225
0.9936413
0.9899434
0.99872404
0.9996418
0.99887997
0.01157912
0.005701156
0.9921698
0.99350727
0.059561614
0.9984517
0.96120995
0.9992174
0.99632794
0.93441665
0.9981567
0.98598194
0.022796543
0.99066097
0.999453
0.9880817
0.99755955
0.94901174
0.9620151
0.9967049
0.012741967
0.8802871
0.0065887636
0.99892765
0.02153858
0.9987888
0.9915718
0.9937092
0.0064202803
0.9927812
0.007353731
0.9888799
0.9949581
0.99783534
0.99741286
0.9976453
0.9924567
0.995484
0.9992441
0.16218893
0.99690753
0.99221486
0.9786269
0.97470707
0.9959816
0.97011805
0.99573576
0.9911752
0.9816679
0.6814524
0.9942947
0.9937736
0.9452271
0.99591416
0.9933589
0.16116458
0.9976567
0.9928879
0.89504874
0.999925
0.99499387
0.9927301
0.9982729
0.9779098
0.9970289
0.9977023
0.63777244
0.99466854
0.99610835
0.9274262
0.07184517
0.99596953
0.9987149
0.9894713
0.9980274
0.99690324
0.25387943
0.028843172
0.9992925
0.1357566
0.9981907
0.997721
0.9953171
0.011007698
0.99227625
0.9963158
0.975316
0.99782336
0.6902877
0.9496771
0.96840817
0.804337
0.99684733
0.9997813
0.9905025
0.9833017
0.031199804
0.6169872
0.996012
0.9915969
0.98540145
0.02660464
0.047290914
0.9985354
0.9996339
0.996188
0.06771038
0.99847275
0.99656665
0.99975234
0.9943077
0.99589527
0.9905066
0.6280615
0.039530423
0.9910886
0.85230374
0.99992037
0.9989672
0.9225696
0.9973802
0.99483854
0.9877842
0.99799156
0.99941576
0.9948453
0.06292109
0.99876
0.99759954
0.89084667
0.6967555
0.9101771
0.98076415
0.9868751
0.9939009
0.99420244
0.9840433
0.9439371
0.9977963
0.9745523
0.99837863
0.97046417
0.9975418
0.0175756
0.009659199
0.79454356
0.65436435
0.9807997
0.8279474
0.99356854
0.99154186
0.118896574
0.046813224
0.5342232
0.9954159
0.04426951
0.7361135
0.99929976
0.992151
0.47635075
0.981069
0.9933478
0.9998282
0.98970747
0.9982405
0.99743515
0.9552225
0.025251238
0.015167402
0.97281736
0.918048
0.9904785
0.98797745
0.99061745
0.35135055
0.9981957
0.9889838
0.9987662
0.99889344
0.99760723
0.9707699
0.01842064
0.9921848
0.99734336
0.9929011
0.9811273
0.99825674
0.95473725
0.99684757
0.9976787
0.93068093
0.019782247
0.99535805
0.24052857
0.99906605
0.99668354
0.9909847
0.016357703
0.9989655
0.019917099
0.9731717
0.99751496
0.9867379
0.99787056
0.9970349
0.99742484
0.9897391
0.09044363
0.993216
0.99949336
0.99486583
0.98484486
0.9974842
0.98532814
0.5954779
0.99580765
0.99981076
0.99986637
0.9948698
0.55247724
0.99282223
0.98629934
0.995572
0.0352707
0.99388474
0.97130144
0.9723674
0.99812883
0.027709318
0.9997149
0.050289817
0.90440774
0.97126514
0.9984119
0.99118793
0.108681224
0.99984264
0.9901546
0.9948487
0.6363985
0.98976934
0.04748329
0.9974111
0.0044207387
0.9937757
0.99882466
0.99300355
0.9906771
0.69566315
0.86185384
0.94674665
0.992855
0.99520665
0.9872168
0.99307007
0.9982988
0.99893755
0.55213726
0.9995105
0.9738703
0.977809
0.9959353
0.8975869
0.9849673
0.022094794
0.98790294
0.9977442
0.9975051
0.9990802
0.9967608
0.99643075
0.9737128
0.0492632
0.99946076
0.038456615
0.803952
0.999529
0.043906238
0.9234187
0.9975032
0.99692047
0.99124277
0.9874379
0.99055827
0.99872524
0.98782384
0.98913795
0.98244864
0.12256481
0.9969381
0.93260723
0.89637136
0.041788056
0.026545959
0.9975762
0.9644243
0.96626306
0.56488043
0.99471587
0.99970335
0.04689314
0.9933315
0.98923266
0.990967
0.9777314
0.021893675
0.93859714
0.9978454
0.99966645
0.9986286
0.51474434
0.99717724
0.9996325
0.99907255
0.99849045
0.9994816
0.9977181
0.8533284
0.9992211
0.98972076
0.9949945
0.99144506
0.99662054
0.07240599
0.8299988
0.99619746
0.9962733
0.015968854
0.99541336
0.99829954
0.9976133
0.99930584
0.40108585
0.8601294
0.99850625
0.9998983
0.99978226
0.8997093
0.99299157
0.95199764
0.9705046
0.9902632
0.97936475
0.9922936
0.06309933
0.11388962
0.9923194
0.033851285
0.9981071
0.9992347
0.99857247
0.24562846
0.9974957
0.9965623
0.9987956
0.9971681
0.99017406
0.9800143
0.99928635
0.5321926
0.9933648
0.9965119
0.9955557
0.08538186
0.99803907
0.042184263
0.98905677
0.99878544
0.98855525
0.9967706
0.16943873
0.5605486
0.99849844
0.9934837
0.9989379
0.99405473
0.9977683
0.5337797
0.012675555
0.9766883
0.97195315
0.99809426
0.99753773
0.83591664
0.015967907
0.99910516
0.99255365
0.9985928
0.9975042
0.039997537
0.9976126
0.9970836
0.9952732
0.9940447
0.99714166
0.99411434
0.99843067
0.02836548
0.98404145
0.9965102
0.9969236
0.020703182
0.9995098
0.9830482
0.996454
0.03414634
0.9974439
0.998735
0.32081765
0.9964133
0.99856216
0.9992673
0.65042996
0.99384755
0.99759173
0.0541104
0.20482825
0.997776
0.9634543
0.2974011
0.027048826
0.09656649
0.76557595
0.9998857
0.98421025
0.9954443
0.9981552
0.99718153
0.58710074
0.9616122
0.9996333
0.9974521
0.9849023
0.9879425
0.95594877
0.99555403
0.6787644
0.9971322
0.99079293
0.99550545
0.7516865
0.99846673
0.89214706
0.98962307
0.030021783
0.99950933
0.977683
0.025888978
0.9926772
0.98388654
0.9942932
0.99961406
0.008210812
0.99189454
0.89383286
0.1954594
0.9959662
0.9986022
0.9955101
0.99774593
0.94905114
0.9967721
0.9893128
0.9994205
0.74887586
0.9877779
0.9986034
0.99679285
0.9808194
0.9948656
0.31050605
0.0081641255
0.014030487
0.85044986
0.9917372
0.81600446
0.99528223
0.9976701
0.9995376
0.99605054
0.8754763
0.99672383
0.010707897
0.06196724
0.9706471
0.9975762
0.99669856
0.8163474
0.9922504
0.8755425
0.04074549
0.9984945
0.9779789
0.40606466
0.010689677
0.97677374
0.10554274
0.99292105
0.9845495
0.07200372
0.024179298
0.99622655
0.9782306
0.9708382
0.99805427
0.97326463
0.83613175
0.9863999
0.86888367
0.5194887
0.98502594
0.18166052
0.9967721
0.9940661
0.9605811
0.914567
0.9571407
0.82440066
0.08146429
0.9774383
0.9958468
0.9982204
0.9973248
0.99534684
0.6878511
0.9998068
0.99706835
0.01538671
0.8840903
0.032934446
0.69321716
0.8908834
0.98653376
0.002346969
0.99920136
0.9724755
0.04200158
0.99438226
0.99610174
0.9993319
0.9638068
0.9987165
0.99307764
0.005227899
0.99575704
0.9689999
0.9822833
0.9778511
0.92497385
0.99573493
0.41100472
0.93066585
0.9939773
0.9890704
0.998481
0.99633753
0.8973879
0.99447757
0.9904564
0.9734562
0.97357833
0.9403535
0.9981914
0.98294073
0.99853444
0.06805755
0.99065137
0.9964031
0.9913385
0.86927897
0.99036765
0.69064313
0.09179269
0.99790204
0.9963852
0.93262434
0.9944289
0.98286414
0.07292592
0.9943644
0.9970897
0.9949254
0.92826015
0.99261546
0.8373491
0.99470735
0.995411
0.9982723
0.98210335
0.999466
0.89706755
0.91194797
0.92640406
0.9957717
0.7773241
0.076871015
0.9979461
0.996687
0.015621922
0.974394
0.9149695
0.9979061
0.98338014
0.021705205
0.99776995
0.98826176
0.006497996
0.9935719
0.9601831
0.8065043
0.9978573
0.99370617
0.6738644
0.937233
0.9983444
0.9967083
0.99730563
0.9995448
0.012436668
0.013388566
0.99388933
0.9862532
0.3634614
0.9333785
0.99647695
0.9957326
0.66630393
0.00710564
0.99451053
0.9729576
0.9982346
0.6454286
0.030566573
0.011148039
0.9961241
0.9954372
0.68941504
0.7864192
0.51848686
0.015276192
0.02118799
0.99828583
0.59217894
0.6502812
0.9969202
0.997682
0.11048793
0.9012689
0.9924084
0.47200996
0.048333514
0.74095136
0.9258876
0.88415885
0.9912589
0.9796411
0.97174597
0.79936534
0.99841547
0.99080104
0.9916597
0.9999218
0.9942075
0.98029286
0.9104169
0.9923746
0.9962054
0.24907199
0.041622978
0.03321654
0.9908234
0.67430204
0.97823495
0.99720275
0.532454
0.9954514
0.78620607
0.99602073
0.9998054
0.99729854
0.99277616
0.99992764
0.87387526
0.9975364
0.033927433
0.99573165
0.9999291
0.844926
0.045471776
0.9993013
0.9993235
0.9942905
0.030630825
0.22799765
0.9970637
0.99390066
0.98966575
0.9956417
0.99858403
0.025538214
0.98960364
0.6779052
0.9734012
0.9610078
0.98214704
0.99720854
0.99603504
0.99937785
0.9898093
0.29657447
0.98924434
0.97237915
0.8549534
0.9984085
0.97960407
0.73082376
0.99125224
0.9573776
0.9964533
0.99271387
0.04392511
0.94018734
0.99940467
0.68068486
0.99694484
0.99751425
0.013728284
0.80947685
0.9199327
0.036505252
0.9100501
0.96457046
0.9935406
0.024743157
0.9983188
0.9705702
0.99909234
0.0034849423
0.739992
0.9978676
0.9944753
0.9970394
0.98980767
0.98502225
0.8663927
0.99755305
0.99782145
0.2213782
0.93337166
0.9987766
0.998638
0.9980903
0.9856779
0.08514184
0.99359965
0.8520165
0.9649143
0.960702
0.6244847
0.7776492
0.9985234
0.98916256
0.98715717
0.9824563
0.99640226
0.9881781
0.9932214
0.97670984
0.9871638
0.99887305
0.76282597
0.9971656
0.998398
0.96940225
0.037276775
0.26853576
0.9988404
0.7925418
0.055633266
0.9953804
0.99388003
0.21189249
0.9985355
0.044282734
0.9981906
0.98553246
0.9768311
0.94678235
0.88545024
0.99050295
0.012671259
0.99428904
0.9917135
0.9940019
0.9814292
0.018628709
0.16248032
0.99055874
0.99777836
0.9933507
0.48646882
0.3564777
0.8966453
0.99250704
0.97879934
0.99607277
0.9063949
0.99881953
0.08751451
0.043354
0.9807498
0.99777955
0.99821377
0.17371798
0.940248
0.990395
0.99130136
0.99855334
0.98992646
0.99799925
0.99299735
0.82475907
0.9930808
0.99869627
0.047309663
0.9942895
0.9887527
0.8719722
0.9996798
0.9232983
0.98281604
0.99268097
0.99735934
0.9724253
0.9948614
0.99499774
0.05088832
0.96477526
0.81073356
0.020753296
0.06197595
0.995265
0.9994618
0.83477074
0.9984604
0.99020255
0.9678553
0.009617965
0.9920254
0.99433595
0.04945846
0.04579101
0.8862143
0.99516714
0.9782049
0.9953903
0.9943376
0.95148903
0.99247205
0.607688
0.9884248
0.99993193
0.97990227
0.9939633
0.9973194
0.9953021
0.99447316
0.98826224
0.9999081
0.99559504
0.99773693
0.03640558
0.9780659
0.97841245
0.9940263
0.9969637
0.98559433
0.62287337
0.9940849
0.9599745
0.9982906
0.9741934
0.9980019
0.9975944
0.8818565
0.993159
0.9922774
0.05712586
0.965996
0.016212445
0.61439896
0.992547
0.99794227
0.9529712
0.96371967
0.99400747
0.99008626
0.8013061
0.9992895
0.13879725
0.9997141
0.9323944
0.01899228
0.12171309
0.9703617
0.13905711
0.05769011
0.98595583
0.9853065
0.63047945
0.2905795
0.98939776
0.889911
0.99584323
0.8287521
0.021987373
0.9998965
0.9946896
0.9736867
0.87210566
0.024794644
0.99739
0.9963408
0.99553275
0.9897424
0.99152255
0.9915959
0.99876946
0.99692863
0.9935268
0.9985832
0.17494608
0.98747474
0.7616905
0.9951514
0.9954921
0.99985087
0.9561222
0.9964934
0.99436873
0.02603339
0.99992895
0.015258062
0.99718326
0.9998155
0.9210315
0.97058165
0.99092746
0.99425656
0.057571933
0.99469864
0.013190122
0.9897031
0.9696181
0.9878022
0.99655235
0.9428128
0.983073
0.02220655
0.97827256
0.9982969
0.99991834
0.9943229
0.007237593
0.9822911
0.24933444
0.008388247
0.04611243
0.8839385
0.9915012
0.0048756166
0.012027131
0.99784696
0.42324784
0.986771
0.99809486
0.9984341
0.99918574
0.016313776
0.81841075
0.9977302
0.94084436
0.9975756
0.9901848
0.2847863
0.9993936
0.99603635
0.63117975
0.05107823
0.99986064
0.99732506
0.99751365
0.999257
0.99772555
0.9881909
0.9001137
0.9967422
0.99629825
0.98051435
0.039719585
0.024336902
0.9986009
0.010294484
0.99249834
0.99888724
0.9826554
0.82001066
0.9972697
0.9943606
0.99062294
0.020038044
0.99553275
0.9948324
0.93126416
0.9614152
0.99610776
0.9984711
0.94903964
0.90162593
0.015154151
0.99634224
0.99364436
0.9284098
0.9995104
0.027474945
0.9902687
0.85046315
0.04493804
0.9929173
0.0070313714
0.99660814
0.09466724
0.9934216
0.99159384
0.99737024
0.85219526
0.9955106
0.99981874
0.9956814
0.99926275
0.9973207
0.9477322
0.98830545
0.99855417
0.99151057
0.50312674
0.9936639
0.95134777
0.9961272
0.99395543
0.9986389
0.9972344
0.99383
0.9989901
0.006864337
0.99281657
0.019614438
0.98785245
0.95894223
0.9993625
0.99870145
0.5815143
0.9911178
0.9999522
0.941554
0.10687656
0.97111726
0.00818196
0.9946944
0.9983145
0.97893405
0.9890533
0.99991703
0.9947042
0.9993319
0.99435884
0.9969658
0.9929777
0.99704224
0.96881646
0.99720216
0.99751747
0.99401593
0.9917048
0.9968671
0.9432725
0.9960232
0.99546766
0.032849908
0.023060082
0.8423433
0.99982315
0.99912924
0.9992029
0.9987232
0.9901432
0.99982613
0.991629
0.99758005
0.9533713
0.06936862
0.058976155
0.9941917
0.9943983
0.81819195
0.5387951
0.84932333
0.998896
0.9074955
0.996743
0.9980233
0.86220056
0.9966466
0.84251976
0.990893
0.99947315
0.998623
0.9570576
0.9961301
0.9966769
0.88459545
0.9829317
0.9931197
0.9949831
0.04854612
0.9992229
0.9921226
0.99742943
0.38252074
0.9967914
0.9850482
0.99559647
0.9453126
0.99635893
0.99262834
0.8609754
0.059949536
0.41371706
0.03195741
0.79611427
0.99007154
0.9977514
0.7534246
0.29185146
0.9885712
0.9917898
0.0956709
0.99568707
0.99671835
0.051870435
0.98042744
0.99593383
0.99908316
0.7429809
0.100291274
0.9992887
0.9455055
0.9907079
0.016457697
0.998264
0.99791294
0.98656636
0.99851984
0.9774917
0.99986434
0.9953466
0.9792517
0.99576676
0.99895716
0.7689739
0.99619967
0.39373663
0.8251823
0.9949234
0.009995222
0.99658304
0.9984842
0.96594965
0.99821365
0.9429233
0.9981188
0.9889759
0.99983966
0.9981823
0.99886477
0.0136156855
0.9994599
0.99593866
0.998998
0.99879956
0.9947285
0.45170003
0.9994349
0.8546542
0.99958247
0.99890506
0.99493897
0.4373789
0.9994789
0.99695444
0.99935657
0.7153803
0.011291752
0.014349711
0.1285177
0.9974196
0.03942164
0.99611723
0.9978588
0.99727863
0.9975889
0.9645563
0.77900535
0.02248512
0.9676559
0.99125856
0.99856794
0.8536886
0.97978425
0.98819375
0.99566454
0.90840435
0.009103433
0.01366308
0.99808335
0.98645455
0.993228
0.9980894
0.97074425
0.9661669
0.9889458
0.07618486
0.14419705
0.82967824
0.9990208
0.99544
0.9886087
0.060686428
0.99395955
0.9603094
0.94223344
0.9984492
0.9993591
0.909473
0.997493
0.21057138
0.63652396
0.7689286
0.81148785
0.03906679
0.9971161
0.9997509
0.99934155
0.007814058
0.99582726
0.99939716
0.9997844
0.9984068
0.99491763
0.99698097
0.98548156
0.980041
0.9962585
0.99932694
0.979742
0.31945753
0.9960228
0.9902575
0.9916089
0.93933225
0.9995869
0.98546416
0.8820079
0.9873598
0.99405634
0.93391216
0.99816424
0.9964179
0.4246084
0.99829155
0.7689911
0.020438436
0.99835324
0.99241734
0.9980877
0.98910797
0.9988506
0.3639368
0.012993213
0.89937836
0.9937919
0.9989532
0.95118564
0.9911277
0.9941865
0.99571085
0.9970432
0.9902587
0.015463588
0.99772686
0.29408816
0.7826258
0.99726725
0.99535996
0.9979176
0.9955851
0.85428196
0.9988876
0.995122
0.99671173
0.30875352
0.99587494
0.02075253
0.8789964
0.97846234
0.9880149
0.99736893
0.9444714
0.9955446
0.97931516
0.98078454
0.022307822
0.16025878
0.9976421
0.9332439
0.08816476
0.99976677
0.93864495
0.8916975
0.42750615
0.9485144
0.9915697
0.997874
0.9453042
0.9978009
0.27824092
0.03283067
0.9978376
0.994218
0.92731136
0.9936288
0.009967978
0.11993584
0.018243322
0.98169506
0.9980744
0.0119546475
0.999071
0.025152516
0.39488688
0.99366826
0.9982652
0.99980074
0.9894098
0.9884189
0.42723435
0.9322605
0.9968381
0.21261758
0.9901417
0.9966472
0.99986684
0.97210836
0.03371901
0.9957041
0.9424371
0.9955428
0.9912684
0.9963845
0.9092536
0.9971621
0.9030412
0.97368217
0.9497657
0.99968195
0.038353574
0.20363736
0.9989893
0.99648064
0.99925715
0.9995702
0.8229323
0.6898719
0.99460924
0.9974279
0.9903396
0.71219647
0.9806928
0.99761546
0.9754689
0.9766138
0.96348816
0.99696463
0.008184754
0.9984794
0.057757895
0.9896652
0.06601962
0.9961402
0.99667275
0.9884694
0.9989987
0.88804394
0.9993511
0.99643433
0.0068111564
0.022703813
0.99841094
0.9997689
0.9576102
0.01142278
0.99842644
0.009445061
0.99619687
0.24596451
0.9925687
0.9925466
0.9840806
0.9774175
0.9978119
0.98813885
0.99640214
0.39301702
0.069283046
0.9984492
0.9987288
0.9964725
0.99913293
0.9924131
0.53710294
0.9965904
0.04854441
0.8414594
0.03819013
0.99963355
0.6365093
0.9963142
0.9022105
0.998288
0.8048466
0.993755
0.845708
0.99528605
0.9380267
0.9899574
0.437885
0.9348929
0.022894004
0.9996019
0.98654985
0.46787733
0.9927114
0.99967575
0.99839836
0.9946726
0.97037953
0.9505417
0.99176264
0.9478742
0.01593956
0.9961422
0.98982084
0.9965558
0.95518655
0.03598321
0.99123013
0.98428196
0.9845598
0.99511445
0.9948949
0.9696657
0.051961478
0.9848246
0.8579007
0.8953454
0.99430877
0.98329115
0.8177525
0.9867351
0.99347866
0.99758685
0.9932847
0.99549615
0.013988919
0.41515017
0.9961993
0.9936473
0.9876282
0.99919134
0.700185
0.9979723
0.9912902
0.889735
0.08540404
0.9891222
0.8371155
0.99210924
0.981861
0.9998128
0.99830365
0.987636
0.8041569
0.95896447
0.96931523
0.99792576
0.9513974
0.059275232
0.97292894
0.99757165
0.97932696
0.9960394
0.9953703
0.9986767
0.9958774
0.9976173
0.9665545
0.68204343
0.9913591
0.9995498
0.9842216
0.9841174
0.055335063
0.99384886
0.9834352
0.9939083
0.9982804
0.9993376
0.6245469
0.98755926
0.9956334
0.9960234
0.010194344
0.99762696
0.9980586
0.99757403
0.6145892
0.99964213
0.9922708
0.99696356
0.9983417
0.9960492
0.12230528
0.99672
0.99979025
0.08068265
0.997255
0.9974481
0.019918505
0.99585366
0.9990821
0.992299
0.9888572
0.99916434
0.9993575
0.1223612
0.9977763
0.99755055
0.70219725
0.9943045
0.9829586
0.99886787
0.9982875
0.10535969
0.9975924
0.97754925
0.088261776
0.9992343
0.99725467
0.9987018
0.9872077
0.9833808
0.66136813
0.037254877
0.9674664
0.026634712
0.006066075
0.99697554
0.93144745
0.9808899
0.9972269
0.9999205
0.99751425
0.6507051
0.9868795
0.9970607
0.9980578
0.97655517
0.99534637
0.9719254
0.9983424
0.9982187
0.25422895
0.9965888
0.018702755
0.9979169
0.96684957
0.71439135
0.027192663
0.9990747
0.9897685
0.97585404
0.994419
0.99917465
0.9844431
0.055623684
0.99844354
0.98323625
0.9719591
0.9981482
0.012486629
0.9628481
0.92462945
0.9395338
0.613825
0.9649312
0.9987924
0.03450345
0.9975177
0.9977488
0.046538685
0.9959449
0.9968131
0.9978428
0.99659216
0.7837391
0.9882061
0.9965197
0.9943592
0.7763209
0.98675483
0.99828583
0.016169325
0.8206321
0.9941403
0.9973123
0.3365711
0.8126587
0.9994923
0.9935673
0.9958799
0.9861887
0.987906
0.9965487
0.99799806
0.8353422
0.9007529
0.95163023
0.57870954
0.9979937
0.057928797
0.9841158
0.9919961
0.9972819
0.97312915
0.99477154
0.55541337
0.7348289
0.9927899
0.9793194
0.9981256
0.27076665
0.9967173
0.09503341
0.9972722
0.99298465
0.9964772
0.10309681
0.99206877
0.99472743
0.99700683
0.9953572
0.9658937
0.9901544
0.98047215
0.953846
0.9887101
0.5866412
0.025484769
0.46586037
0.999529
0.987328
0.95793885
0.99537635
0.9977375
0.99816835
0.9981772
0.6044534
0.99607193
0.9835738
0.9557467
0.3285856
0.9995041
0.030300789
0.33652985
0.9854541
0.9946622
0.9815854
0.09607708
0.9998697
0.9945003
0.9856732
0.98904663
0.99886096
0.99768376
0.9975916
0.99829096
0.9957919
0.9982613
0.99796885
0.9964976
0.021046074
0.9776463
0.99889165
0.9976739
0.99955696
0.9983569
0.9989856
0.49743298
0.99829084
0.9980763
0.22099456
0.9631751
0.47484657
0.39551514
0.9970853
0.9859073
0.9997416
0.996031
0.9188186
0.76536185
0.9731774
0.9962303
0.04666171
0.9549827
0.99699354
0.7494291
0.99233454
0.98107785
0.9974252
0.9532153
0.9426758
0.996806
0.201558
0.9838732
0.9576417
0.86108506
0.79038477
0.99145657
0.99475634
0.95889026
0.98014736
0.9834463
0.98643064
0.87612
0.9922444
0.99759966
0.8498268
0.99201703
0.9940591
0.9865568
0.99696904
0.073494785
0.99288154
0.092933565
0.99759847
0.9985253
0.999587
0.9927529
0.0495977
0.016088935
0.9952577
0.9735921
0.99591947
0.9901419
0.98997283
0.8735904
0.9856634
0.022548461
0.9938246
0.9931908
0.98557127
0.99066716
0.993989
0.9941754
0.99840313
0.9963588
0.007834882
0.3459497
0.70026875
0.9970483
0.9960418
0.9940789
0.9993728
0.9936691
0.997741
0.99223095
0.9905462
0.96363604
0.915354
0.18080102
0.99989593
0.013996663
0.9995932
0.99752086
0.9930379
0.99244636
0.99906605
0.99856216
0.9855548
0.98483527
0.9912151
0.98695326
0.3956702
0.99633896
0.9855182
0.4864493
0.9502178
0.119769394
0.9923281
0.99921274
0.24062268
0.9968815
0.99849284
0.8081312
0.9990357
0.9951047
0.99201715
0.94086444
0.92165107
0.20175765
0.03986496
0.99969876
0.99895895
0.9923723
0.99587137
0.9932047
0.2845419
0.996822
0.98957366
0.9899255
0.90001154
0.99701023
0.92761683
0.79925716
0.1526301
0.9777631
0.08692324
0.99284583
0.99196035
0.9832019
0.22859669
0.99769884
0.9959656
0.03437382
0.9822015
0.97212505
0.9859418
0.9799351
0.0052142357
0.9938544
0.9504919
0.9939014
0.995928
0.9935115
0.99471706
0.13044734
0.9796132
0.99846053
0.9717757
0.011401971
0.9891405
0.94580686
0.9985032
0.99774736
0.99421364
0.98943734
0.9294151
0.9810627
0.99838567
0.99019766
0.083932884
0.9965558
0.9962076
0.99448
0.9949273
0.042949006
0.9737346
0.995167
0.98305154
0.99787974
0.9973182
0.9926171
0.98977834
0.99558973
0.14758284
0.9944002
0.9865841
0.99870515
0.995188
0.8881603
0.9944412
0.9994885
0.93121755
0.52244014
0.8884623
0.9313839
0.5792809
0.99710697
0.9981178
0.9993698
0.9974016
0.99909604
0.9907199
0.9981718
0.12843254
0.99575776
0.98454094
0.99549013
0.0061013754
0.010731041
0.9609068
0.9988815
0.99757475
0.46707505
0.9970703
0.007039532
0.006084194
0.9747434
0.9983204
0.9969746
0.72290033
0.9937303
0.008603033
0.051460378
0.9963278
0.99892586
0.048987295
0.9964619
0.9929247
0.98575413
0.99902797
0.04923528
0.9873252
0.9970914
0.99555427
0.9982114
0.052297853
0.047772873
0.93633515
0.9952247
0.0080059245
0.9981901
0.9955077
0.98946345
0.99834406
0.9994332
0.9996383
0.8902594
0.67500025
0.99881315
0.95968604
0.9974897
0.9956215
0.016644096
0.9365505
0.99439716
0.9964031
0.9947062
0.9855268
0.9977113
0.9951019
0.9993125
0.9697612
0.12638173
0.9989899
0.28909636
0.9933571
0.75330496
0.989073
0.99335337
0.99800724
0.9905979
0.9989213
0.99990416
0.12839265
0.99284303
0.9983012
0.99680614
0.9991272
0.9971583
0.9972276
0.9960681
0.9954808
0.9929969
0.007507642
0.9930456
0.03630841
0.10618957
0.9325415
0.95494986
0.7286519
0.040599648
0.021955568
0.0271477
0.9924581
0.92696583
0.0026795694
0.9797559
0.9979316
0.4643672
0.011725849
0.8060794
0.769535
0.9969932
0.9992066
0.38432592
0.99094397
0.9948506
0.9941209
0.9993548
0.99710935
0.99722594
0.033855803
0.99900013
0.99782616
0.9978254
0.959775
0.99931705
0.26886484
0.99730116
0.9980235
0.9984053
0.98724097
0.99427706
0.87567925
0.9922978
0.20513506
0.9757691
0.9934795
0.99878865
0.9764538
0.48563677
0.9964323
0.9983027
0.9546242
0.30149314
0.1097416
0.1770588
0.99604815
0.99283457
0.2049362
0.9662326
0.98377454
0.9993174
0.73554564
0.99881905
0.9953511
0.82302594
0.99604553
0.9678152
0.9883636
0.84709316
0.99884975
0.99700063
0.9649442
0.9552709
0.6777563
0.9936713
0.89850116
0.9998264
0.99492776
0.9966556
0.9975594
0.99751425
0.74636537
0.9909485
0.027721716
0.9931507
0.95195097
0.76061124
0.99676466
0.9918805
0.011742509
0.9662151
0.99573827
0.41251856
0.9950358
0.038992908
0.66534865
0.30833828
0.99864644
0.8928146
0.9949654
0.021853141
0.15530355
0.9993581
0.96228355
0.99238354
0.9999261
0.9732377
0.773031
0.9984174
0.9996884
0.9479888
0.99864656
0.9945939
0.025670724
0.9956359
0.9976125
0.84490263
0.06382467
0.03591455
0.31883857
0.9762508
0.99978954
0.98997295
0.9997317
0.99821556
0.9952425
0.036123287
0.99449325
0.9934423
0.57356805
0.10069444
0.9995751
0.06808741
0.9968154
0.78620505
0.8754086
0.99843913
0.9944688
0.99767464
0.9920798
0.9960427
0.9964251
0.99601376
0.029662617
0.005255784
0.99887604
0.98798907
0.098490514
0.99863845
0.046789635
0.9984785
0.99463755
0.99725145
0.99752563
0.014940333
0.73567104
0.98858577
0.9847013
0.9883537
0.9930681
0.0055019665
0.9423834
0.03185818
0.9969248
0.97547513
0.3746195
0.13992976
0.98575747
0.017713917
0.98937094
0.99814
0.9967667
0.9923964
0.031056529
0.99419904
0.106455974
0.9983845
0.99546534
0.9483193
0.93927324
0.9705129
0.9860275
0.12174938
0.9949325
0.99614304
0.99501747
0.99815065
0.9983713
0.993772
0.99240315
0.99901426
0.99567837
0.9949477
0.4371563
0.9944852
0.9969055
0.041410692
0.94416714
0.9975551
0.92657214
0.99717474
0.9977508
0.9961367
0.9738116
0.98521554
0.471503
0.9993994
0.045079265
0.9732353
0.9956435
0.98723
0.045933537
0.015517905
0.8822956
0.9914465
0.99828607
0.9978801
0.995011
0.13889655
0.9872836
0.992823
0.024682807
0.99252665
0.98934084
0.9948525
0.9626279
0.9993113
0.7940254
0.76631176
0.9970169
0.76157045
0.9965863
0.9942551
0.9956118
0.007849967
0.5936697
0.030412385
0.9854783
0.9757977
0.046137825
0.959487
0.9822235
0.9752871
0.6718566
0.9987863
0.99181986
0.9866588
0.99901664
0.9833454
0.9928745
0.9813995
0.985726
0.9429654
0.96167487
0.75114787
0.24376565
0.9967152
0.9886285
0.9918699
0.9922029
0.99337304
0.9911805
0.80787027
0.99872917
0.9904358
0.99946266
0.97079754
0.027812805
0.9973092
0.12194752
0.99906665
0.99407923
0.99346715
0.99936825
0.93826383
0.9970192
0.9943277
0.9950805
0.9995308
0.99350584
0.94083697
0.995893
0.9969247
0.9934435
0.97218263
0.95608616
0.9975993
0.121721916
0.40818486
0.9460703
0.9973713
0.9989736
0.65719724
0.98935866
0.9974897
0.98267543
0.8320632
0.975695
0.9980258
0.9823204
0.020485632
0.09203959
0.9700455
0.027394194
0.74308884
0.3541827
0.9997619
0.057162058
0.9945417
0.99705386
0.90772194
0.98950386
0.68315506
0.666822
0.99011654
0.9963288
0.14258313
0.84665936
0.83067334
0.79372483
0.9888205
0.9981603
0.024264157
0.06877471
0.64145964
0.9998221
0.9924194
0.16317102
0.9941902
0.926893
0.98915976
0.99711007
0.9921216
0.9993679
0.9986552
0.9986312
0.99727255
0.020962166
0.9910946
0.9822849
0.999747
0.9956434
0.30811167
0.9969388
0.05800408
0.04907139
0.9966968
0.9988331
0.9902138
0.9166932
0.43900448
0.9090278
0.9986676
0.9973441
0.03685672
0.984157
0.070152216
0.99925274
0.99160296
0.9946749
0.9938061
0.9547544
0.15806778
0.99395955
0.99778605
0.9323403
0.9960471
0.32961845
0.98337805
0.032944784
0.07134557
0.97731656
0.045461815
0.99797326
0.98646563
0.28706023
0.96442544
0.9810993
0.9900373
0.97494817
0.9989497
0.023171278
0.41601953
0.9963626
0.99485505
0.99833125
0.9151241
0.9991849
0.69282305
0.98624355
0.9904385
0.985089
0.7072708
0.061171435
0.9985708
0.99462056
0.99695194
0.9417278
0.9921014
0.9461999
0.99992526
0.9981692
0.9986665
0.7119395
0.99463487
0.9069747
0.997976
0.9976163
0.99667406
0.99777883
0.99886996
0.995839
0.98956925
0.6379126
0.9912621
0.0070506767
0.99104613
0.9979424
0.9921078
0.98283917
0.08317565
0.5187099
0.9978947
0.8433301
0.11344841
0.99876934
0.99643564
0.99708945
0.9566978
0.21146145
0.99309903
0.9977623
0.9973022
0.869851
0.9986432
0.99145377
0.905591
0.9975942
0.9966055
0.9960663
0.9780822
0.96260434
0.9929812
0.9949096
0.99765646
0.9912211
0.99971265
0.98827773
0.9853813
0.005828417
0.99938357
0.9111663
0.854118
0.999166
0.9865714
0.99919814
0.98332894
0.80245113
0.9038667
0.998145
0.02127692
0.8088334
0.9973247
0.92359716
0.9907026
0.9984273
0.96752644
0.013752651
0.9997795
0.99511755
0.04338403
0.12051362
0.87064064
0.9972113
0.99643624
0.99738556
0.9949679
0.5622429
0.9824424
0.9970842
0.70991737
0.9973013
0.999201
0.99468887
0.76845515
0.02259654
0.05314569
0.94388354
0.99637115
0.9896947
0.9957247
0.9995183
0.9971418
0.52470344
0.05016815
0.7753884
0.99940085
0.14900416
0.9997347
0.9733523
0.99724543
0.99297947
0.9986545
0.9956185
0.07248164
0.9875754
0.9878565
0.9972193
0.995928
0.9982375
0.9176525
0.9992052
0.9973622
0.8299343
0.8321873
0.9975661
0.3999914
0.018696861
0.90157557
0.9764599
0.9952306
0.9714921
0.99064845
0.1979196
0.87628704
0.9998821
0.0149169685
0.98373127
0.9940831
0.99836165
0.99633104
0.04895938
0.9842032
0.9995927
0.60708845
0.99785906
0.99828327
0.9934469
0.998882
0.9987118
0.9973688
0.998884
0.9975406
0.9975466
0.89990485
0.9991424
0.991614
0.6274201
0.9990721
0.9962048
0.99207604
0.99759465
0.9981675
0.99786025
0.91258043
0.9938917
0.13825563
0.9943447
0.9902964
0.99887186
0.9300149
0.9932186
0.9978163
0.05554175
0.99772626
0.99929535
0.06506374
0.98696077
0.9680858
0.99732167
0.9976788
0.99100107
0.9976236
0.99864644
0.9955621
0.9955568
0.8855573
0.8803326
0.9684982
0.9904123
0.99419975
0.75048393
0.9968965
0.9569108
0.99647105
0.9953002
0.9667982
0.9906669
0.98271227
0.012898173
0.9932259
0.9963637
0.99885166
0.998835
0.99271846
0.09496528
0.99660337
0.9148537
0.021433925
0.9979746
0.6588052
0.9987342
0.020612925
0.9876957
0.8644512
0.98492867
0.9980738
0.9988261
0.9922162
0.9965065
0.063110285
0.98727965
0.99976534
0.9996567
0.16360402
0.98814034
0.9983912
0.038174905
0.012720672
0.0139829805
0.99901223
0.23630202
0.9981603
0.45526356
0.9982169
0.8915685
0.9841351
0.9998005
0.9876726
0.9970816
0.55416834
0.9798718
0.9799141
0.005690154
0.20941079
0.98609865
0.617046
0.9942472
0.9937687
0.9993773
0.9975684
0.6981488
0.6655582
0.08816861
0.4822858
0.99945444
0.011908355
0.9992816
0.9943289
0.020800361
0.99972945
0.9691843
0.98596025
0.9952714
0.8813339
0.033039216
0.99972516
0.99884737
0.03102077
0.9959389
0.9930514
0.9967745
0.9984114
0.99962115
0.9820271
0.9873352
0.028058803
0.8389026
0.9951473
0.98250604
0.021600347
0.3539855
0.9957379
0.9657963
0.99562293
0.010544125
0.9964569
0.98893553
0.8264386
0.99987304
0.28979045
0.9935861
0.9814477
0.9958931
0.9996464
0.7692099
0.99214315
0.7881232
0.99515766
0.9884533
0.41365072
0.71871436
0.99715674
0.99227166
0.9972185
0.98914427
0.9993593
0.99319
0.99207544
0.9998266
0.027756298
0.99992466
0.9988751
0.99222565
0.3413684
0.98998344
0.04298274
0.027365997
0.99124265
0.9964218
0.9987024
0.99532723
0.99990773
0.98066986
0.99834275
0.9984938
0.9605444
0.98635185
0.96534
0.4441384
0.068323284
0.9967662
0.98962784
0.9968875
0.9782038
0.9922126
0.8342716
0.045938008
0.8645661
0.9917094
0.0439191
0.99269193
0.9983663
0.99673235
0.88669854
0.9924109
0.98884284
0.89768136
0.076255776
0.60758066
0.9994468
0.9975661
0.99705124
0.861127
0.9975357
0.7150409
0.99799854
0.99267924
0.99967945
0.99968755
0.9943408
0.59208465
0.018245133
0.99012405
0.9347239
0.9741391
0.9964753
0.99783725
0.9939825
0.03267375
0.997764
0.9923584
0.99421847
0.9973272
0.9952773
0.9182646
0.9877567
0.9963536
0.9989672
0.99989676
0.99692935
0.9926286
0.9808703
0.9983253
0.982278
0.6296922
0.9900169
0.98799616
0.99416924
0.9892719
0.9094387
0.998844
0.9822005
0.9949227
0.9993368
0.9836533
0.9908138
0.9096607
0.9719438
0.9020461
0.98733366
0.39495757
0.033507425
0.9909633
0.9847498
0.99601316
0.42849812
0.99322224
0.31944662
0.8175783
0.9967404
0.9868111
0.9343153
0.9953975
0.029833311
0.9868939
0.9680944
0.99750084
0.9984055
0.99729484
0.9981154
0.99851483
0.99961793
0.53334844
0.02095679
0.99698836
0.99435896
0.3490594
0.99798787
0.040823445
0.7746725
0.97934383
0.984617
0.03153206
0.9568696
0.99938226
0.5907292
0.035488624
0.99331844
0.9877985
0.010143273
0.99830914
0.9741287
0.9965827
0.997532
0.76760185
0.9996526
0.9155724
0.99697316
0.9973375
0.08830069
0.9994518
0.9989422
0.98411405
0.97270566
0.12417154
0.06953616
0.9986407
0.9971788
0.9980604
0.9969278
0.99879444
0.015425255
0.9903762
0.9994381
0.0047024055
0.9123708
0.94153976
0.9931196
0.78450215
0.9926158
0.96284235
0.8517556
0.19027679
0.99806315
0.019776698
0.50329393
0.4525856
0.99834406
0.9998267
0.9928381
0.99974626
0.9951757
0.9946562
0.9840447
0.010814546
0.59900725
0.99745995
0.9056652
0.98568636
0.9986456
0.99561834
0.999127
0.98817956
0.9859406
0.9679569
0.9970482
0.9970284
0.92980677
0.9897305
0.996935
0.15798697
0.9842646
0.9976749
0.19477057
0.9916992
0.9981566
0.9920334
0.037419733
0.9985258
0.94355553
0.9989956
0.99917537
0.9978963
0.9984074
0.9870424
0.96090394
0.9990337
0.97195417
0.99723595
0.9546971
0.9831078
0.99992716
0.9988967
0.99715316
0.99722135
0.9950075
0.9986047
0.9987715
0.9652927
0.99480116
0.996752
0.999003
0.9816518
0.9735494
0.9968604
0.97620416
0.9980732
0.99801755
0.81291604
0.9939078
0.9983165
0.8480946
0.99983156
0.9851252
0.9960969
0.98601264
0.02095072
0.72374433
0.99929583
0.99607843
0.14485905
0.99723744
0.99851733
0.18160366
0.95760626
0.38919458
0.08263
0.026660351
0.8126902
0.016677523
0.9581493
0.98949134
0.98574114
0.9493652
0.9861288
0.08300208
0.9629354
0.9938689
0.99621296
0.99850684
0.99107146
0.9946865
0.4951161
0.9879717
0.9949508
0.037707333
0.9925861
0.7389292
0.1137222
0.9985838
0.91709316
0.9783773
0.9775354
0.9985813
0.99978167
0.9795008
0.9827498
0.98850155
0.9971982
0.99783033
0.994017
0.996986
0.016213447
0.7627436
0.8188234
0.23483698
0.99315166
0.9981415
0.049296904
0.8006343
0.9984469
0.79619503
0.0038011703
0.9947707
0.99680734
0.982885
0.99798054
0.119051866
0.97872454
0.9953631
0.99273336
0.10133322
0.9235108
0.99346596
0.06926174
0.012816773
0.044616353
0.8337783
0.9477533
0.018058388
0.9892469
0.7253189
0.9974057
0.123475105
0.99191874
0.9858149
0.19296958
0.9916585
0.98796064
0.048409835
0.05603095
0.027743109
0.99533504
0.99953985
0.9451679
0.9748795
0.9944964
0.9934697
0.4159989
0.91672945
0.9952034
0.90065867
0.9890436
0.69133365
0.9978509
0.99784803
0.0060968515
0.31548297
0.99849176
0.09444138
0.99860007
0.998437
0.07505577
0.95469326
0.9950492
0.020622216
0.9999064
0.99820626
0.99487525
0.9920081
0.9946003
0.99356925
0.99032813
0.03576617
0.82434326
0.97207874
0.5495372
0.9785947
0.991576
0.97734135
0.97690034
0.98631257
0.97790694
0.045257833
0.018152758
0.97927654
0.99883026
0.8001648
0.986615
0.9875229
0.056086875
0.99860954
0.99196965
0.9926373
0.018578645
0.8516377
0.9921721
0.99674773
0.94952285
0.9888825
0.9950664
0.98595977
0.012567871
0.99842715
0.99984014
0.99946266
0.999398
0.9982211
0.99990225
0.99481106
0.6623891
0.9948107
0.9974784
0.992615
0.995706
0.9946859
0.9752975
0.99360424
0.97581375
0.0023802752
0.5243317
0.9950566
0.99882835
0.9815072
0.022763127
0.9956104
0.99855274
0.99890244
0.99241006
0.6613058
0.99132556
0.98159695
0.7752313
0.32498342
0.9968635
0.9924953
0.92474127
0.9778472
0.99717355
0.9968419
0.96481323
0.99188304
0.9996631
0.9987387
0.99959356
0.007006966
0.09359122
0.994319
0.6547962
0.42321688
0.9976519
0.98974377
0.99942565
0.99732697
0.99449205
0.96801066
0.9880384
0.9942926
0.98983604
0.9912717
0.23334897
0.80008155
0.9989629
0.99848133
0.9967102
0.9988476
0.99776053
0.3044175
0.9723671
0.9865588
0.9994628
0.99860364
0.056973238
0.99863523
0.99237555
0.9971668
0.9999131
0.99975914
0.9847794
0.964336
0.9983543
0.9976553
0.99113536
0.9995933
0.9834162
0.9638823
0.9963568
0.9952291
0.7156477
0.99572104
0.022143304
0.078111105
0.9956541
0.9499152
0.9893181
0.9271651
0.04736522
0.99321824
0.99674904
0.9975448
0.9998982
0.9981104
0.027283538
0.9967277
0.2502373
0.9942134
0.99225956
0.02539504
0.998304
0.99723047
0.99963784
0.99185634
0.9915724
0.97566617
0.9992342
0.99724066
0.997165
0.9447288
0.9958182
0.023707073
0.9837234
0.99226874
0.99833375
0.995008
0.99836427
0.9938665
0.9998084
0.99988174
0.9203706
0.93818444
0.99509156
0.99875736
0.99984884
0.99182945
0.9927402
0.208069
0.12910089
0.8360261
0.69077706
0.9963347
0.9995751
0.94849
0.7350001
0.9245805
0.9976253
0.9761169
0.13045943
0.9950847
0.9946379
0.020703357
0.99342173
0.060541995
0.996651
0.97427094
0.12907456
0.9976179
0.99732935
0.98799473
0.5305705
0.99727505
0.052150115
0.8136558
0.04951269
0.0140291415
0.99912924
0.09314839
0.9967564
0.99881697
0.014437496
0.9902958
0.8019228
0.9987921
0.16202442
0.35619158
0.47274518
0.99174505
0.9667018
0.99217355
0.997324
0.98832256
0.9923975
0.007971353
0.99442416
0.89915675
0.99919754
0.9902974
0.994232
0.9752793
0.9691542
0.9491019
0.9872765
0.99750465
0.9997874
0.96925306
0.6093445
0.99992573
0.13182394
0.9991233
0.9909299
0.99414873
0.9995896
0.9947747
0.99651283
0.99713767
0.9968354
0.99503785
0.99823666
0.019950742
0.15093438
0.9978498
0.996878
0.99650025
0.9815912
0.99715316
0.35532326
0.99300534
0.76127154
0.9975878
0.9966229
0.01725229
0.22642162
0.98807496
0.99216664
0.9986386
0.9997148
0.0049324236
0.9993106
0.99673426
0.99783665
0.9964277
0.9888192
0.98459643
0.9879319
0.9982326
0.9989214
0.39417657
0.9989807
0.014971819
0.9984915
0.99372876
0.010449335
0.9920969
0.9994419
0.99949133
0.99820733
0.99548256
0.99752873
0.9912708
0.99984133
0.99154073
0.94545656
0.9996482
0.9880304
0.99966323
0.9991843
0.9916855
0.9980307
0.81829286
0.9978667
0.9968092
0.9997645
0.8306492
0.9976488
0.9736693
0.9959706
0.9855906
0.9628034
0.9591955
0.9551493
0.14295562
0.9977654
0.004460729
0.012615822
0.9944225
0.010449893
0.99908376
0.99518967
0.6064674
0.9940346
0.99793744
0.98900944
0.9994024
0.9387291
0.9924694
0.96665925
0.9953367
0.99993515
0.027030895
0.9961339
0.99796104
0.998123
0.9223579
0.9947154
0.9978771
0.99857867
0.043061826
0.99589217
0.04322464
0.009401405
0.99403834
0.99917835
0.998669
0.9955686
0.9901496
0.9998872
0.79434854
0.9331493
0.99756074
0.99019146
0.99648845
0.13345768
0.99867505
0.996421
0.9955909
0.41982505
0.99563366
0.9864379
0.9982443
0.9985958
0.87666523
0.015097
0.9816466
0.061356504
0.33325574
0.99661535
0.99878055
0.60734075
0.99803597
0.2249515
0.99782073
0.9824155
0.03949547
0.8201333
0.9816643
0.035678618
0.9934661
0.99592626
0.99267673
0.6286868
0.99287343
0.020184226
0.9873832
0.98719144
0.984168
0.12377027
0.99626416
0.9939464
0.9922057
0.99854654
0.9970003
0.9953166
0.9982048
0.03780286
0.9996094
0.6965173
0.9967282
0.99088305
0.06785002
0.9981187
0.98574257
0.99142444
0.9950897
0.9921057
0.10665674
0.99127895
0.9704023
0.98808753
0.99835396
0.9997261
0.97805095
0.013552922
0.9401172
0.9843215
0.86701655
0.9970893
0.99641776
0.99920505
0.9967796
0.9975592
0.9962031
0.95978993
0.55009097
0.98332095
0.9992943
0.99995005
0.9992223
0.99637944
0.98838997
0.5360683
0.99050003
0.9664142
0.13895632
0.9976674
0.9873124
0.9988024
0.9907766
0.737397
0.995983
0.999686
0.99986255
0.9987301
0.9846917
0.8269924
0.9999367
0.97940147
0.9107374
0.9908937
0.99536574
0.80542517
0.99795485
0.9923074
0.99483806
0.9830036
0.999406
0.99604553
0.97835803
0.98328155
0.9993524
0.98654187
0.99752396
0.9868688
0.9962769
0.9967141
0.9837691
0.9668082
0.9868195
0.9869443
0.98959
0.9552056
0.9992155
0.98813
0.997109
0.9179744
0.99629873
0.19929893
0.99672014
0.99819773
0.9977598
0.99552757
0.9963188
0.9973049
0.99681264
0.98816746
0.9984131
0.9623921
0.99764484
0.9577064
0.9849606
0.044626433
0.9961099
0.11363645
0.81307733
0.99772364
0.9901024
0.027219696
0.023507565
0.985321
0.6137225
0.8783714
0.9905704
0.99784005
0.029320879
0.997629
0.9283435
0.03044505
0.98679405
0.99921024
0.9955486
0.99979705
0.9927745
0.99668664
0.9960373
0.9995962
0.06568655
0.98715186
0.9990397
0.05635838
0.99732685
0.99835604
0.9540098
0.99567986
0.6431508
0.08538002
0.988472
0.9631111
0.8563509
0.14067924
0.9765098
0.99483395
0.99766964
0.90988564
0.9960395
0.9741968
0.99788874
0.99986684
0.98277295
0.9973922
0.98320454
0.9934465
0.99791235
0.9878157
0.9982407
0.99438214
0.99515355
0.9812087
0.87422866
0.9788014
0.999186
0.98864716
0.9974275
0.9990563
0.9948867
0.9948027
0.068261206
0.99377584
0.7854243
0.48205504
0.99777776
0.17704305
0.120972686
0.9746816
0.9371548
0.9928975
0.5290181
0.99500823
0.010948744
0.9923787
0.99594396
0.99325305
0.9986786
0.9982609
0.87439007
0.99734527
0.8296847
0.5383584
0.9977488
0.9832534
0.996581
0.9880646
0.9971841
0.9972383
0.98134965
0.9935169
0.9792027
0.97645116
0.9129142
0.999716
0.99107707
0.99851984
0.65535337
0.08547938
0.98896897
0.95543253
0.99326926
0.99289715
0.99836606
0.9976622
0.99266607
0.99622715
0.99479324
0.9986808
0.29292378
0.1986576
0.99893874
0.95789397
0.99657995
0.99719954
0.99955326
0.98568326
0.06417193
0.8028774
0.9971641
0.007906958
0.9946074
0.997542
0.98901445
0.99093986
0.9564187
0.024100723
0.9862575
0.19255684
0.9875416
0.16295366
0.99725693
0.9980634
0.13277733
0.01746936
0.9996903
0.87585664
0.9977822
0.016630108
0.99512744
0.4737804
0.99801517
0.033637315
0.99420655
0.99868876
0.9757893
0.8892949
0.8654832
0.9988211
0.43203706
0.9971667
0.991041
0.9846528
0.27926615
0.9985668
0.9802613
0.022100579
0.9988802
0.93378085
0.094213426
0.99937505
0.9925177
0.85111314
0.0058660503
0.9954065
0.97400326
0.99389654
0.9991253
0.9982305
0.962023
0.94485503
0.9944201
0.93412083
0.01738731
0.04786055
0.99773955
0.9997693
0.99443203
0.055536307
0.71231806
0.30884165
0.025390023
0.9972567
0.99543875
0.0057685706
0.99187636
0.9963864
0.99763405
0.95549566
0.018470164
0.996897
0.9088338
0.9802855
0.9978352
0.9881612
0.9738168
0.99293375
0.7896241
0.9955056
0.9941888
0.9987596
0.9912723
0.9731803
0.9979796
0.056659814
0.9570742
0.99914706
0.9990834
0.9951871
0.9906063
0.96491253
0.99945027
0.9929549
0.991351
0.00493665
0.99814785
0.08698357
0.9969465
0.9871399
0.9998311
0.011248575
0.9960372
0.5410894
0.037159402
0.9985482
0.97948396
0.99496776
0.004073686
0.98033166
0.9521811
0.99292266
0.99732345
0.9974591
0.26901966
0.6901585
0.053409006
0.0041160095
0.98910147
0.9022472
0.9997004
0.9402093
0.9257735
0.9960504
0.99980253
0.79422927
0.99571985
0.986684
0.99181527
0.99877113
0.015025887
0.98594904
0.9982492
0.9353181
0.99267274
0.98845714
0.94662976
0.9741043
0.77932215
0.9671756
0.99754864
0.9802142
0.99939406
0.012322942
0.99410075
0.99860555
0.12910958
0.9638262
0.9976169
0.72328013
0.98748034
0.9909972
0.99871194
0.99815685
0.9959014
0.9859191
0.021863129
0.99014693
0.99471223
0.99771833
0.0087147495
0.9944418
0.9974293
0.9890218
0.9856915
0.026694555
0.98758775
0.9911341
0.99169344
0.22859943
0.9983071
0.400009
0.039183185
0.99880195
0.997736
0.9629659
0.9954976
0.7856927
0.97255635
0.99526465
0.9957644
0.42644197
0.99433255
0.99840015
0.99790514
0.8847707
0.5363242
0.99454355
0.9985103
0.99774194
0.9944179
0.99852175
0.47395605
0.99561936
0.99875426
0.012989275
0.9912937
0.9970585
0.9987067
0.22191648
0.99236333
0.9990507
0.9974106
0.9954917
0.9956721
0.99898237
0.45828518
0.9846347
0.93229926
0.9996675
0.96496314
0.9890421
0.7327022
0.9794144
0.9372158
0.029254463
0.75945836
0.9898435
0.99604934
0.9949326
0.9866034
0.999765
0.99404293
0.98608077
0.6210761
0.9998635
0.998044
0.99946123
0.9735745
0.0045914873
0.99448025
0.9647503
0.15211548
0.99427223
0.99294806
0.93010783
0.99285465
0.22228162
0.81544507
0.9964155
0.9974778
0.96974397
0.995719
0.998546
0.9345768
0.9978903
0.9867905
0.9270116
0.9879439
0.9931253
0.2614554
0.99870276
0.99439126
0.7744954
0.99810517
0.999038
0.98972297
0.99994445
0.9887427
0.99300295
0.999338
0.99985564
0.96810955
0.9565216
0.9974954
0.98603976
0.8838853
0.97444814
0.92712677
0.99991524
0.99874675
0.99087685
0.8769605
0.9990326
0.80730784
0.57932806
0.9974063
0.9834147
0.025693202
0.9903016
0.026012706
0.9885549
0.9931248
0.6976647
0.99818736
0.031863518
0.9892407
0.9020619
0.45203608
0.9216865
0.06127406
0.6648612
0.99937063
0.990862
0.52530295
0.0561757
0.9955836
0.39404282
0.9998148
0.07693337
0.9148349
0.91489965
0.9732554
0.99886644
0.9941023
0.006828173
0.9970463
0.9892727
0.9970341
0.8625251
0.3952207
0.9901536
0.98233896
0.47192657
0.9980261
0.9939885
0.026563093
0.98619914
0.023156684
0.98323166
0.99843556
0.9929958
0.007460679
0.51067865
0.9961779
0.005200729
0.9945326
0.999488
0.20094518
0.9935435
0.043757256
0.87484217
0.42861766
0.99762756
0.99896467
0.97834617
0.99894005
0.9988141
0.9993174
0.98981243
0.9190784
0.9842196
0.9981357
0.06330295
0.9885225
0.99535805
0.99079716
0.14452054
0.99709594
0.017683234
0.1475045
0.031372074
0.9959706
0.9941626
0.016680049
0.99578863
0.97540885
0.9485971
0.11386456
0.9615072
0.897632
0.9976241
0.9900608
0.9733117
0.98738956
0.996902
0.9998592
0.99551916
0.9369769
0.96567786
0.27620217
0.9387316
0.9952909
0.06955542
0.96624815
0.9916393
0.8290966
0.9975829
0.9847158
0.99914086
0.05698808
0.9976173
0.98416567
0.95077705
0.99758613
0.99899024
0.503829
0.99069303
0.23864803
0.08261512
0.6746607
0.95335656
0.9862321
0.9899743
0.025260763
0.043232735
0.31203017
0.013193791
0.9585104
0.9989207
0.99682486
0.9868758
0.99025285
0.19967109
0.9626239
0.046212852
0.99934095
0.9909011
0.9978269
0.9892208
0.99721295
0.791438
0.046392865
0.5631499
0.9954887
0.038067803
0.99731725
0.849538
0.8838448
0.4299857
0.998376
0.99952805
0.99756503
0.9338553
0.00697209
0.03320631
0.9849726
0.017920021
0.997664
0.9182791
0.9895499
0.99708396
0.9957651
0.99483573
0.9726334
0.9960918
0.99297476
0.12256549
0.5747344
0.99221694
0.6913723
0.9959227
0.9944207
0.9969146
0.9953513
0.9951066
0.98972416
0.23480187
0.99943525
0.99792886
0.43588734
0.7993208
0.99313873
0.06028858
0.99597
0.9942232
0.99811053
0.9998739
0.991347
0.048340414
0.9869034
0.94419396
0.98842
0.0048476337
0.9898381
0.9824386
0.99302626
0.13924113
0.9981906
0.17516033
0.54049665
0.9926577
0.9929011
0.9975533
0.99585587
0.996718
0.9866398
0.99919933
0.99891806
0.07397033
0.030045262
0.809636
0.99698323
0.050736323
0.04092407
0.80928344
0.97531474
0.97130615
0.01396641
0.9889403
0.9976101
0.6013788
0.029928695
0.9977696
0.9589592
0.015968492
0.99970156
0.99839526
0.7783807
0.995471
0.021790428
0.98538566
0.039676137
0.99375725
0.99970216
0.99902964
0.011673491
0.9771828
0.680591
0.913052
0.9856684
0.98333687
0.9982461
0.9975032
0.89417326
0.06726585
0.047919538
0.9832372
0.22239256
0.9965947
0.99750227
0.9982711
0.999821
0.99730104
0.17746796
0.9983374
0.9633875
0.9866261
0.9790805
0.9878483
0.98742676
0.9637206
0.991013
0.9991055
0.9640465
0.15131402
0.9605335
0.9963529
0.889631
0.9987317
0.99079037
0.707604
0.9994518
0.7009726
0.42502347
0.9821759
0.99708134
0.9909849
0.9978567
0.9994999
0.9362584
0.49683973
0.999899
0.65995413
0.9993536
0.28443676
0.99758005
0.050869863
0.97097987
0.97888213
0.9784849
0.9754708
0.04411164
0.9827985
0.028618582
0.9968156
0.9539972
0.9374066
0.99065125
0.67709553
0.9974533
0.9755579
0.98303694
0.76365775
0.89199233
0.98627555
0.9936645
0.9041661
0.9802624
0.99359727
0.9988174
0.99025327
0.99935967
0.9985177
0.9777288
0.008382883
0.9981425
0.9346047
0.9968695
0.9936392
0.9847366
0.22326706
0.9679406
0.99723107
0.99772793
0.9819317
0.9968273
0.9909484
0.99062717
0.9873526
0.8338426
0.9884114
0.99737513
0.8692689
0.99562174
0.9920704
0.9994265
0.99783856
0.9914334
0.99214584
0.9482057
0.9943697
0.98807997
0.99830085
0.9821978
0.9975473
0.018119406
0.9985669
0.90238774
0.9966928
0.7381597
0.9986952
0.0064168475
0.99831176
0.98807377
0.96462584
0.9902208
0.9999349
0.9853286
0.99131036
0.98376423
0.9973585
0.5842136
0.9929744
0.9902372
0.9894812
0.99788564
0.99579287
0.995466
0.998955
0.69374967
0.99756145
0.9823423
0.9977843
0.9940957
0.9953902
0.93576443
0.99850804
0.9965718
0.9980775
0.6722827
0.9969023
0.99804807
0.9974942
0.02921652
0.38683328
0.9966114
0.9957841
0.9974632
0.43165633
0.26479766
0.99551827
0.48937666
0.588375
0.9789642
0.9920889
0.9923504
0.0056465706
0.75898445
0.99904627
0.47642574
0.01729233
0.21129544
0.9681429
0.9958288
0.9968117
0.99972564
0.99824846
0.9961027
0.9997731
0.97772926
0.98597324
0.97223747
0.9968003
0.05027516
0.99004865
0.99787235
0.073306315
0.9960867
0.9930962
0.9705831
0.1398629
0.8057194
0.019695748
0.9346836
0.91080207
0.99857163
0.99938107
0.052260786
0.99907047
0.48072538
0.9131216
0.9870111
0.99266195
0.9465994
0.14860241
0.9804717
0.9996308
0.72064006
0.022335706
0.20634879
0.9939991
0.99531686
0.97025543
0.8830543
0.99250644
0.91302323
0.99565214
0.9998568
0.9995167
0.99560225
0.99902475
0.9918717
0.002467761
0.99836844
0.9941241
0.9503284
0.96493006
0.0858804
0.9971046
0.019403365
0.99974483
0.9671639
0.99026394
0.997962
0.99705374
0.9917937
0.99644583
0.06415125
0.5293924
0.9111849
0.9968982
0.99793696
0.9958876
0.9937384
0.9962352
0.2739935
0.10714463
0.04684433
0.59857696
0.999033
0.01858261
0.996003
0.9977429
0.7181132
0.99341595
0.9962347
0.9936673
0.99661833
0.992729
0.9965162
0.25015426
0.9986376
0.49880907
0.99915123
0.9340964
0.9978678
0.9999143
0.23086022
0.9982127
0.012925442
0.040378083
0.9398801
0.8648449
0.93349195
0.99901426
0.99676526
0.9971175
0.9975816
0.99821955
0.99934715
0.9553812
0.97608906
0.12006555
0.9969325
0.9512305
0.9998653
0.9606939
0.9924499
0.9973615
0.9946957
0.0663046
0.99682546
0.99176335
0.64636445
0.97325337
0.9878203
0.97950554
0.025329804
0.00369505
0.08705206
0.021582523
0.9942946
0.98126906
0.9987562
0.98981863
0.9947007
0.06311555
0.99444455
0.617995
0.8673326
0.8739217
0.2167148
0.971611
0.9929443
0.9982236
0.9726846
0.9914963
0.3303534
0.9961868
0.1409642
0.022350913
0.9937634
0.42219833
0.9991128
0.99988365
0.016934082
0.99347335
0.9990976
0.9962586
0.9294417
0.9997466
0.99982446
0.8358448
0.055953518
0.9953731
0.9972095
0.9859454
0.9991886
0.38306612
0.99896
0.041753728
0.99862385
0.9941567
0.92260945
0.990686
0.22553828
0.99593014
0.22751112
0.9574336
0.97695357
0.9976271
0.99737096
0.99715436
0.3151497
0.99988556
0.19607894
0.8926135
0.8828518
0.9898747
0.03040194
0.62645787
0.03804722
0.042079605
0.99623245
0.99490005
0.9582936
0.99126667
0.99297875
0.9955908
0.9991579
0.98399526
0.2330142
0.99880564
0.3777285
0.9163621
0.72557914
0.9902035
0.008323966
0.016935455
0.040353533
0.9844662
0.9639169
0.67543864
0.9868774
0.99919504
0.99848723
0.9987072
0.9881551
0.99629116
0.99740845
0.9967217
0.99775666
0.13973708
0.22293594
0.102838695
0.9802342
0.997569
0.97132957
0.11052141
0.9904697
0.6904036
0.9920844
0.012388959
0.985899
0.38114908
0.9852041
0.9997894
0.0032845375
0.9990414
0.99053556
0.056219187
0.95786935
0.05799756
0.9968316
0.99563843
0.9310335
0.9938216
0.13405636
0.99337065
0.3818883
0.017615575
0.014572619
0.99818414
0.057271894
0.99964416
0.9761922
0.9921598
0.5571878
0.6772712
0.9995795
0.9660613
0.98627627
0.98295194
0.974535
0.00455307
0.9731742
0.99434423
0.99985266
0.9709319
0.99973255
0.8594216
0.9972556
0.9989857
0.6635775
0.9952382
0.9796801
0.9904225
0.038648915
0.99847144
0.9962095
0.8596411
0.99551827
0.95735544
0.76159596
0.97073066
0.2913667
0.99979776
0.9236201
0.99258983
0.9989017
0.17369395
0.9972128
0.99803823
0.59055567
0.99542063
0.9934105
0.9938385
0.9978721
0.90277666
0.9782478
0.013516772
0.99880636
0.9685647
0.96596307
0.99771106
0.9998795
0.9935042
0.054900635
0.072566465
0.98005885
0.9842535
0.997157
0.99360585
0.036863152
0.022418234
0.9970463
0.06569864
0.826842
0.99653196
0.9950541
0.056211136
0.3489774
0.13417877
0.9650692
0.8835373
0.99655414
0.99078196
0.9827587
0.9864709
0.99748236
0.94451946
0.9984518
0.9976284
0.9985424
0.9948214
0.9918936
0.99251306
0.04632839
0.9918236
0.99573165
0.97618484
0.9875092
0.9901793
0.9868674
0.9818179
0.9921572
0.4538242
0.9070488
0.99800605
0.9972499
0.9841854
0.028574904
0.9927209
0.9861063
0.9933295
0.936839
0.028450944
0.99356997
0.99211216
0.94875854
0.9917591
0.9863085
0.66616815
0.8821981
0.48850024
0.9873181
0.99900997
0.35004756
0.9943374
0.9968362
0.93381315
0.99667263
0.6835306
0.9950583
0.8300283
0.99778
0.9902024
0.8299119
0.98092157
0.50833714
0.053363066
0.9949261
0.99886703
0.9988803
0.9901687
0.9913873
0.9924204
0.7730198
0.99465805
0.9883553
0.99875057
0.92421347
0.9943429
0.051188946
0.9772724
0.997145
0.9968028
0.6955607
0.9995402
0.9722916
0.984993
0.026567427
0.8017746
0.99631125
0.015511736
0.054327063
0.99838984
0.9617185
0.9995276
0.9882224
0.99838436
0.98234415
0.105479866
0.962867
0.99834013
0.9748555
0.09939807
0.99599046
0.9890348
0.9898812
0.05473229
0.007041189
0.994101
0.02571707
0.8427331
0.8977883
0.99742043
0.9995664
0.84618425
0.9986563
0.9786259
0.9837303
0.9977818
0.86264694
0.24489775
0.95224965
0.97925574
0.99762946
0.99130124
0.6677743
0.98912126
0.98266
0.99841106
0.9990133
0.030578125
0.9924771
0.72214574
0.99197245
0.99672663
0.04796429
0.98323685
0.99509084
0.99333584
0.9522037
0.40409398
0.9972485
0.9981213
0.7973506
0.9976809
0.36159575
0.75017214
0.9998016
0.99989355
0.99753004
0.083636746
0.9827389
0.9936807
0.05801986
0.63272685
0.9730208
0.95468336
0.9968003
0.99617434
0.04547209
0.96034855
0.9957207
0.99546623
0.7102677
0.9936387
0.96312743
0.99522996
0.9996637
0.9951416
0.9569519
0.9591022
0.99733645
0.9840491
0.01418557
0.9781008
0.99457175
0.996157
0.98489326
0.9998356
0.98415715
0.83225715
0.021294387
0.07190568
0.9967751
0.9992212
0.95936185
0.8958442
0.99952245
0.96859086
0.99381185
0.9963378
0.9337958
0.7764
0.9971522
0.922378
0.9963568
0.996111
0.9971366
0.8471254
0.99378985
0.05397843
0.9959949
0.9984755
0.6955568
0.9912867
0.02456134
0.9645045
0.9979158
0.26934168
0.9936923
0.98739225
0.99771523
0.99772316
0.99950933
0.9964876
0.99510336
0.97702706
0.9885528
0.9920264
0.995643
0.060996503
0.98569876
0.9384871
0.060953714
0.9370936
0.16654183
0.93522245
0.95754015
0.9847764
0.9987287
0.064207986
0.9993735
0.99812454
0.98940814
0.94235283
0.99983346
0.011806025
0.99844664
0.9830887
0.11330731
0.9885847
0.9953531
0.99993956
0.99790204
0.9493142
0.9984446
0.99494123
0.9976788
0.99964225
0.98932207
0.7031926
0.9946642
0.96275276
0.9888418
0.9776112
0.97779274
0.99479526
0.99130213
0.999252
0.016006721
0.9344261
0.021886759
0.99919266
0.01398329
0.99754494
0.99983776
0.9738265
0.9943884
0.9961802
0.9848793
0.9781873
0.9870761
0.9932545
0.9939469
0.9982529
0.9271655
0.97654265
0.06954529
0.9943152
0.99974555
0.004817183
0.9984592
0.99703884
0.94465315
0.63309884
0.9211215
0.95980936
0.011159194
0.05435526
0.97142875
0.54055417
0.9989172
0.009250573
0.57692283
0.99440855
0.009791136
0.99927264
0.9916694
0.9938274
0.9946584
0.5683704
0.80931264
0.9920225
0.995684
0.91331404
0.8538044
0.9952223
0.9874135
0.9952054
0.9943996
0.98730993
0.08224617
0.99917334
0.9975647
0.8160112
0.9969689
0.059881948
0.9978236
0.9954436
0.9887205
0.9956762
0.00954968
0.99242616
0.9950493
0.76853836
0.978207
0.77898514
0.99506015
0.99719965
0.97714365
0.99617296
0.9667867
0.99957377
0.65440875
0.99678266
0.9966725
0.9953826
0.98974997
0.9983632
0.9989023
0.45793134
0.9957528
0.29520923
0.8523945
0.97592497
0.99655414
0.9921089
0.9877344
0.036929455
0.44741848
0.99876773
0.9862233
0.98484105
0.9972499
0.01067174
0.9853351
0.99176145
0.9449973
0.99427235
0.8436809
0.98241365
0.99967444
0.33650318
0.99639374
0.9986444
0.9919117
0.99212027
0.99304813
0.050844245
0.027906984
0.9956584
0.9835255
0.9943516
0.35976842
0.01086892
0.98204523
0.47254232
0.9719401
0.9982836
0.9967559
0.9951449
0.11861447
0.99077797
0.99159485
0.025957284
0.9888365
0.9971927
0.030968238
0.990651
0.98679465
0.9974936
0.9988933
0.9979023
0.99706215
0.99618644
0.98397577
0.96538335
0.99511355
0.999673
0.9947925
0.8776284
0.9976561
0.980327
0.11085373
0.986424
0.9973115
0.0077569312
0.99855393
0.9967078
0.06447528
0.07439755
0.9961184
0.99751174
0.98310846
0.99993014
0.0495683
0.9958897
0.97566926
0.06673367
0.99090147
0.996581
0.9881642
0.98629016
0.15875271
0.9971897
0.024433699
0.9599939
0.9864914
0.99361765
0.9997929
0.99483407
0.9974619
0.9972831
0.9531599
0.8651547
0.9823245
0.8831525
0.9969374
0.99666554
0.9956487
0.9961683
0.9970989
0.9987043
0.99887615
0.03727759
0.9067156
0.9935913
0.9996288
0.9734255
0.99079204
0.99724716
0.9892292
0.98500735
0.07750076
0.9981713
0.9946577
0.17462514
0.02205998
0.10013674
0.045898255
0.9683622
0.16817243
0.9887912
0.99402314
0.8585354
0.99790984
0.9969405
0.99940836
0.94283515
0.014235501
0.98412377
0.9986098
0.032423537
0.98847765
0.9998429
0.9612313
0.97610724
0.9985678
0.9969235
0.9987031
0.8895479
0.009323436
0.66245115
0.6146289
0.9942075
0.9976458
0.83614784
0.99791354
0.99786997
0.7186341
0.99516076
0.9919376
0.998896
0.9395319
0.9360429
0.95368904
0.9937323
0.981206
0.8345788
0.99646014
0.94697773
0.9989266
0.72131526
0.8085395
0.99640757
0.99387264
0.8946734
0.98968434
0.03347132
0.9790467
0.9896095
0.9675048
0.9896769
0.9985246
0.98821324
0.9992711
0.99724495
0.9988469
0.9989625
0.34849286
0.047439598
0.99688596
0.99520653
0.9983791
0.99206626
0.99565953
0.9605529
0.9528259
0.02242519
0.97723365
0.98704904
0.992673
0.9841043
0.97686017
0.0032441544
0.06618679
0.98659027
0.75015604
0.9839575
0.43116814
0.98394483
0.8511901
0.9836181
0.9909507
0.008962148
0.99302304
0.88996595
0.7518726
0.11680349
0.03964137
0.99063545
0.9801205
0.9985146
0.12907112
0.99919313
0.99447966
0.99346393
0.89402777
0.9972362
0.87091845
0.9819633
0.91938
0.9965377
0.85210335
0.9963462
0.9966329
0.9837758
0.012289767
0.9873497
0.9150399
0.9989802
0.9779913
0.9992828
0.9984869
0.10902147
0.99900913
0.99770373
0.9999132
0.9340161
0.059318207
0.99676335
0.9887482
0.047753375
0.9953146
0.99762565
0.99899524
0.9931316
0.015150566
0.95621204
0.9980654
0.9436514
0.78370726
0.99761105
0.9998017
0.99931884
0.8977068
0.01405146
0.99604225
0.98379207
0.9743643
0.7148749
0.9955947
0.99804425
0.99482214
0.99652123
0.2951062
0.9477821
0.98169875
0.89710605
0.010575661
0.22382136
0.99350375
0.99405426
0.90102535
0.99753845
0.96749496
0.10391273
0.13740961
0.9931478
0.9184235
0.98919046
0.9939367
0.9961283
0.8744834
0.99906176
0.9995468
0.9922018
0.9971963
0.05817755
0.99765056
0.48860037
0.98794156
0.99620074
0.9972785
0.013557346
0.9970477
0.049642928
0.96548814
0.9960419
0.89199954
0.9952442
0.06740899
0.92281055
0.9971219
0.99629813
0.20091908
0.9808108
0.96549517
0.99807227
0.9974235
0.4089028
0.9944766
0.9992316
0.9974414
0.98705333
0.9968773
0.99874085
0.6245334
0.99792576
0.9961516
0.9831934
0.16776043
0.25838733
0.9878613
0.9980276
0.04462987
0.99966526
0.9966904
0.97010744
0.76602435
0.99805945
0.9994419
0.9917538
0.9885437
0.99895513
0.9939144
0.99833363
0.53952825
0.99683833
0.014739404
0.99956185
0.97929996
0.73379487
0.5412822
0.06827457
0.022615578
0.98040766
0.9995479
0.6319347
0.99498135
0.9971035
0.027531559
0.06467511
0.99699926
0.6938677
0.95164984
0.97873634
0.9973049
0.26986405
0.7593251
0.9933648
0.99755377
0.33637488
0.98588574
0.9912583
0.96034986
0.9983662
0.9815462
0.97935915
0.4300602
0.15025122
0.021721574
0.9976179
0.81229866
0.12268475
0.9975988
0.9476932
0.9458862
0.99816066
0.9703667
0.99987257
0.91066253
0.983166
0.451996
0.9858914
0.95569044
0.99921656
0.9970266
0.9986308
0.9976891
0.99875534
0.9800497
0.9885011
0.9377515
0.9899946
0.993761
0.99903476
0.8701499
0.99327445
0.9991948
0.9957211
0.9993005
0.030259842
0.9998636
0.02976375
0.99835265
0.99182266
0.99530053
0.17748158
0.9920243
0.74348617
0.9904508
0.9450573
0.9985397
0.97879195
0.9948414
0.99888986
0.9978497
0.9920002
0.9998165
0.9984706
0.9956109
0.8883435
0.99880457
0.9789363
0.8763737
0.08136491
0.99004984
0.97020143
0.054932676
0.95625407
0.99808747
0.99819034
0.99279743
0.9987669
0.99160904
0.40967065
0.93676484
0.9947783
0.995952
0.99494284
0.97439414
0.9985611
0.8292169
0.9977992
0.9961533
0.03049475
0.97043645
0.035866644
0.9941339
0.9991391
0.7606673
0.18315208
0.020701908
0.79892844
0.99148387
0.31773302
0.9976217
0.84650296
0.8422794
0.9812201
0.052767064
0.04068564
0.997267
0.9793073
0.9981018
0.9995585
0.6266325
0.9842008
0.99892384
0.99547285
0.99884796
0.99977595
0.99920386
0.9983216
0.793801
0.7153215
0.8588481
0.9673259
0.90504414
0.99710935
0.99127555
0.99899393
0.008505808
0.9964734
0.08426068
0.9998387
0.9916441
0.35938886
0.6714982
0.011495485
0.998889
0.011867606
0.9731434
0.96841073
0.9923522
0.9930963
0.813703
0.9954236
0.99340457
0.9726136
0.9979115
0.9960162
0.09774618
0.9998871
0.9704292
0.097986504
0.99929774
0.9892763
0.99517375
0.9998356
0.99288803
0.98933893
0.99857426
0.9969963
0.85363936
0.9151406
0.98403
0.9969029
0.9990221
0.97315234
0.99978095
0.93763924
0.9417744
0.95255077
0.99809295
0.9870117
0.40632153
0.98063195
0.999795
0.99847883
0.8962271
0.868929
0.9977506
0.9983119
0.997993
0.9855483
0.007421235
0.96720594
0.61388797
0.9918961
0.9650809
0.7460165
0.995774
0.31681308
0.97111154
0.9959266
0.99793077
0.9954028
0.9814625
0.99963164
0.999848
0.99599564
0.9936639
0.9973133
0.25545964
0.99516994
0.9994209
0.99674964
0.9900713
0.97765476
0.0026542458
0.06301616
0.19476397
0.024603155
0.99808633
0.9939342
0.9996896
0.98981816
0.1088087
0.99473226
0.9696497
0.9967932
0.9929997
0.60356295
0.9984945
0.9995869
0.9842849
0.99745506
0.029573817
0.045760788
0.8752153
0.9893277
0.9983259
0.99801254
0.9969908
0.99460703
0.904466
0.99300075
0.98065346
0.7074384
0.9987031
0.9998543
0.99964285
0.9944054
0.863542
0.9028474
0.038589865
0.87755316
0.033599444
0.8434363
0.9978259
0.99732935
0.9854944
0.9801001
0.99648345
0.9948521
0.98087776
0.99736977
0.99670213
0.9772256
0.9700095
0.9996743
0.99075645
0.9453229
0.0842858
0.98418844
0.45757395
0.99533194
0.9976562
0.78317255
0.9887298
0.082263865
0.9990996
0.041494075
0.95944697
0.9970739
0.9948074
0.31142116
0.9319431
0.044741563
0.98615634
0.9997621
0.99514455
0.9926535
0.9880846
0.9860491
0.9966947
0.92895913
0.16981383
0.9731972
0.99619496
0.99514884
0.9960796
0.030197894
0.99588263
0.9985826
0.6593477
0.89477825
0.035185438
0.9988475
0.15627034
0.9956809
0.99850106
0.99400675
0.9981694
0.9827586
0.99644417
0.98926955
0.8063457
0.9936941
0.9991273
0.9979366
0.94158363
0.99148667
0.99827325
0.9956201
0.99754864
0.9953852
0.9900567
0.9989435
0.99867296
0.07920287
0.9969983
0.9874399
0.99678814
0.9979095
0.99927133
0.99744093
0.9982102
0.9984901
0.6578374
0.9963464
0.98728925
0.9978879
0.99411446
0.99541074
0.9998466
0.96475405
0.996416
0.9772276
0.913737
0.9792924
0.99803954
0.99438465
0.98260134
0.10632798
0.4519352
0.9949403
0.9979381
0.92606866
0.97317815
0.012004998
0.9493759
0.015080743
0.98697585
0.9956092
0.98913807
0.9990982
0.01418055
0.9944371
0.99628156
0.012293564
0.995915
0.47105354
0.12114096
0.99570674
0.9845695
0.7132425
0.48742208
0.9979595
0.14112794
0.9985967
0.9958942
0.99605185
0.099067286
0.99747187
0.98068374
0.9945181
0.9986235
0.99377644
0.9927868
0.9994568
0.9990074
0.99832755
0.9965089
0.99748933
0.051521536
0.99579513
0.9853349
0.9978033
0.55282885
0.99425125
0.11850389
0.5836505
0.9982439
0.99629575
0.38554025
0.98042244
0.9936533
0.9940105
0.9959489
0.92755204
0.9956707
0.9975859
0.99806136
0.99633753
0.9994266
0.99630463
0.99546236
0.9632978
0.029496595
0.99579346
0.08952538
0.99958986
0.9975146
0.9139809
0.9998363
0.9771288
0.9962453
0.028138869
0.9076255
0.9889866
0.9989365
0.9289227
0.5072358
0.035857353
0.9901689
0.92298496
0.051929224
0.9246585
0.99808925
0.9922661
0.9985072
0.95429057
0.9650105
0.9960795
0.9963121
0.94678086
0.6660588
0.9982461
0.994987
0.91023904
0.9990521
0.998618
0.99709594
0.07232355
0.994456
0.99463
0.9911212
0.9957968
0.9880553
0.9568251
0.9519084
0.998382
0.9956191
0.14157912
0.12728469
0.93966645
0.97412056
0.99731344
0.9921969
0.03500073
0.99769443
0.04649868
0.87935615
0.7899086
0.9984635
0.97027886
0.99484456
0.89211804
0.007499922
0.9997795
0.15857077
0.02853286
0.9687382
0.9948944
0.9871701
0.9808095
0.99458635
0.99115634
0.8331045
0.9577272
0.9982578
0.96404284
0.8858977
0.99739933
0.90358263
0.8728394
0.02680396
0.9986941
0.9915987
0.997618
0.998059
0.9849338
0.89127576
0.031445652
0.99970406
0.9980971
0.99934083
0.9587764
0.11923587
0.7149997
0.59121275
0.1064304
0.21781504
0.9973484
0.9989503
0.9983785
0.9974974
0.99706453
0.9973387
0.8720356
0.43968272
0.67136806
0.4772835
0.99373466
0.9953465
0.96434546
0.9854159
0.99875355
0.99353963
0.99825114
0.9983962
0.91563284
0.993958
0.92226523
0.9912894
0.8921908
0.4160469
0.91966337
0.05406064
0.9958788
0.9975298
0.976458
0.9969825
0.99390346
0.7255562
0.5457093
0.9949012
0.9627268
0.09072988
0.9948614
0.99760383
0.05258831
0.02738957
0.764449
0.9998572
0.9955586
0.99797195
0.99499536
0.025219139
0.98878586
0.93806124
0.9989091
0.99454206
0.9445166
0.56696963
0.7856385
0.864765
0.03799806
0.40843922
0.99814355
0.9926023
0.9050992
0.012353152
0.15858892
0.99945074
0.99857163
0.99687636
0.95043856
0.9945471
0.9942299
0.94808644
0.9999298
0.00900983
0.9957938
0.9877864
0.9951421
0.9968849
0.67394954
0.9972657
0.9707328
0.9738694
0.99265045
0.9911045
0.9866974
0.93659234
0.97493595
0.61833835
0.9983082
0.9971621
0.9891038
0.9799873
0.9913474
0.9849726
0.80443263
0.9981456
0.98034495
0.9847853
0.9945643
0.9987596
0.99673575
0.9892909
0.98426914
0.78108966
0.9956483
0.992308
0.9981772
0.119410954
0.9966049
0.9964393
0.8433731
0.29261765
0.9960134
0.98946613
0.91404593
0.9933155
0.032007374
0.03604009
0.9799151
0.99425066
0.99376523
0.99251515
0.97231376
0.98978615
0.9975635
0.56726915
0.99511355
0.99467504
0.92073447
0.3336277
0.99365425
0.9647499
0.15663616
0.9036273
0.99016774
0.99800974
0.22662985
0.9894125
0.9970842
0.7243154
0.9996289
0.98508817
0.9993623
0.9852182
0.9973007
0.99570686
0.99900216
0.997323
0.9967553
0.9978465
0.99225396
0.9893547
0.9902062
0.996729
0.95464784
0.9983082
0.9995659
0.99847645
0.9808882
0.3223195
0.99030113
0.99898
0.99332047
0.9982881
0.99685717
0.9997795
0.9964104
0.99437124
0.99745995
0.9431041
0.02369765
0.99482864
0.0519533
0.9925
0.99917287
0.992792
0.9983393
0.9903645
0.985211
0.99432206
0.7887501
0.014713791
0.91568595
0.99578995
0.9955937
0.858938
0.99478096
0.9935248
0.99709785
0.99757594
0.9082183
0.85159385
0.00499976
0.999554
0.013948967
0.08675659
0.9976901
0.9492523
0.99687093
0.9884114
0.9940094
0.7531659
0.9994067
0.14165328
0.98749113
0.9924517
0.992802
0.15250243
0.06082068
0.99777573
0.9982002
0.9974528
0.04790776
0.6762862
0.9970599
0.9982326
0.995145
0.9223321
0.99463695
0.9864813
0.9943904
0.67368037
0.96238506
0.9954188
0.99995387
0.9964399
0.99631655
0.98849547
0.9972742
0.98187584
0.99985564
0.9707117
0.004307745
0.998478
0.8673355
0.99786985
0.9764371
0.5800267
0.40997177
0.7486292
0.08167983
0.9825713
0.98455274
0.99669373
0.9935062
0.010678413
0.9815663
0.80665255
0.99416333
0.9707018
0.99413884
0.98973376
0.9835435
0.9938694
0.11854617
0.81485975
0.946782
0.2572221
0.99717414
0.97609305
0.035503507
0.9972481
0.095251106
0.9974577
0.99647033
0.19428454
0.37325603
0.9727787
0.024752302
0.80856836
0.9987992
0.14655697
0.9966348
0.9983394
0.9946576
0.85964864
0.99351645
0.99719846
0.9932359
0.58856755
0.99993813
0.9910677
0.5918231
0.013831662
0.9951729
0.99856645
0.958935
0.9689603
0.9936894
0.22455847
0.71092427
0.30281943
0.028944554
0.9923592
0.9976405
0.99242485
0.99690634
0.98852634
0.994949
0.9990675
0.985908
0.89859337
0.99896264
0.23609324
0.9911061
0.75611687
0.99659723
0.9970285
0.99927694
0.99282223
0.99470574
0.9977276
0.99746835
0.9982346
0.9896862
0.9990393
0.06728834
0.9574846
0.99457103
0.99256
0.9176867
0.7615353
0.99878997
0.99334043
0.40831608
0.033099428
0.9969169
0.9957682
0.99211144
0.68137944
0.9861016
0.96640944
0.9939433
0.04529071
0.9878221
0.9899664
0.9989856
0.32357988
0.012760677
0.0074516903
0.41924363
0.0025381844
0.98861504
0.996804
0.22546615
0.9983987
0.9944412
0.94327956
0.9978861
0.027904067
0.3820904
0.027524378
0.98579025
0.99942064
0.9682731
0.9957787
0.026516205
0.9831488
0.99719304
0.9984894
0.9951681
0.9850572
0.99738973
0.94481254
0.99853015
0.9871529
0.99407554
0.8197992
0.9019004
0.9972825
0.9735421
0.9988796
0.087970585
0.9966641
0.98372644
0.998749
0.9814632
0.031578034
0.98465085
0.042056527
0.9707036
0.10823913
0.9980381
0.9976584
0.99703467
0.9858992
0.39119473
0.11144141
0.8966953
0.95978093
0.85950035
0.031034186
0.98386014
0.9936521
0.99617934
0.997129
0.033725847
0.8438569
0.9881378
0.9958162
0.9811303
0.99806315
0.99906474
0.94884586
0.99971277
0.99315876
0.91343856
0.9870243
0.99941444
0.9972801
0.9731025
0.01316397
0.9945797
0.9619212
0.996062
0.7367873
0.904823
0.6799399
0.9999201
0.9932515
0.99122393
0.99721766
0.9978818
0.8909455
0.9923259
0.99855155
0.070211045
0.78495306
0.9954639
0.99612397
0.9998317
0.19201863
0.994484
0.99697554
0.9875749
0.99540186
0.9729279
0.9942306
0.9978836
0.9966478
0.996506
0.737524
0.99916375
0.9947336
0.9992349
0.020367265
0.029011745
0.99145764
0.027738526
0.9215195
0.9920081
0.85854477
0.9959805
0.009598848
0.97638524
0.99958307
0.9985758
0.9966473
0.9957633
0.03822172
0.18657789
0.9945304
0.0113786515
0.9764032
0.988289
0.71863556
0.07859829
0.966818
0.9953395
0.34303203
0.9877846
0.97613335
0.99425066
0.9985514
0.9994697
0.952636
0.9880387
0.036583297
0.99991846
0.99834883
0.7566402
0.9994393
0.9998043
0.049549203
0.99542713
0.95292073
0.85489476
0.997431
0.98286176
0.42814893
0.005315053
0.015440166
0.9995684
0.8405352
0.9980902
0.9986506
0.99686784
0.9857473
0.99437016
0.9948553
0.9264962
0.99089456
0.9958164
0.99476516
0.99393165
0.99414486
0.9939448
0.050963152
0.99832827
0.9250943
0.95109606
0.9973048
0.10633428
0.99951625
0.9986987
0.99637455
0.8494514
0.01661603
0.9931236
0.9282018
0.9989422
0.993964
0.99863654
0.99969447
0.0026826742
0.14403754
0.9993026
0.9975713
0.25385746
0.03486637
0.9628563
0.04941802
0.99044096
0.99252397
0.998492
0.012782158
0.98704195
0.994649
0.0034436304
0.98301274
0.008481433
0.2230089
0.9097614
0.84114707
0.113515645
0.99490756
0.9104984
0.9964869
0.8659346
0.80724233
0.9733387
0.15779077
0.021866964
0.9394828
0.9996748
0.2968605
0.9992735
0.9627159
0.9993117
0.012443247
0.98753047
0.99508756
0.027856257
0.99551255
0.9988739
0.9464055
0.9950864
0.9979163
0.1074014
0.9927979
0.9997737
0.99336255
0.98042554
0.99959797
0.83908
0.97216326
0.0435561
0.98835844
0.99881905
0.0753096
0.9836912
0.943571
0.4143483
0.991606
0.047766194
0.9969099
0.989382
0.9943183
0.46000293
0.42400044
0.99827516
0.99505424
0.99611425
0.99517304
0.03932681
0.98679394
0.9964462
0.99635017
0.99907327
0.14195013
0.24739037
0.09938309
0.99675155
0.99518496
0.052339617
0.12363386
0.9439042
0.9984143
0.99452174
0.78215104
0.9713973
0.9960336
0.997317
0.9780253
0.9988054
0.99393165
0.4133218
0.8197382
0.95414597
0.9796498
0.99983644
0.24493301
0.92560357
0.98204184
0.9986721
0.9976719
0.99942315
0.99708956
0.0048372243
0.9929113
0.976073
0.9682728
0.9923808
0.08968138
0.9989135
0.9754675
0.98127663
0.7545572
0.9982027
0.99738413
0.66507614
0.9976769
0.9719429
0.99833655
0.9968194
0.9773187
0.012990443
0.94006646
0.9760321
0.9963858
0.9946544
0.99815613
0.8464955
0.83170754
0.98063916
0.99970835
0.87329644
0.993042
0.9333611
0.7549591
0.99655485
0.9935494
0.9994035
0.9996413
0.76880646
0.9943402
0.9811312
0.99814856
0.9922376
0.9105142
0.95857906
0.99781394
0.99154365
0.99709177
0.9884166
0.993768
0.99451727
0.99868685
0.99976414
0.47848588
0.8687262
0.06604004
0.9987179
0.9959479
0.956231
0.9427133
0.07076407
0.9985644
0.9542584
0.99509466
0.9856975
0.9989759
0.9990151
0.23368557
0.99734914
0.97773015
0.9999447
0.99752456
0.042197857
0.78654176
0.995408
0.025619086
0.027879981
0.05277546
0.99498427
0.99738127
0.9989502
0.16018884
0.013246056
0.98947597
0.99578875
0.020605745
0.99905914
0.9950578
0.9956262
0.9961862
0.9794471
0.32254863
0.95721126
0.9878035
0.97204506
0.99444205
0.9969606
0.9589203
0.96997917
0.030774562
0.9825326
0.7639396
0.93425226
0.9990049
0.98742026
0.99723357
0.99865556
0.99639857
0.9902773
0.054520246
0.9997491
0.9968982
0.98950946
0.99927765
0.9106204
0.9981092
0.011321641
0.99808645
0.0035045007
0.99594754
0.8117876
0.99756503
0.99650145
0.00901993
0.9973009
0.9908957
0.9558814
0.32637614
0.9977616
0.0072954358
0.048277352
0.30415902
0.013156947
0.9895611
0.899951
0.9607064
0.99454826
0.9679497
0.9246539
0.9269178
0.97534174
0.036881838
0.99549896
0.9985862
0.4863101
0.0033141864
0.9997967
0.0073640686
0.9948626
0.9885936
0.004146856
0.9962425
0.9987074
0.99896276
0.9925988
0.9469406
0.41973215
0.9982553
0.99764913
0.981887
0.9987692
0.9820738
0.9562569
0.9975684
0.07499111
0.92436737
0.9981198
0.9988973
0.99402195
0.99715865
0.9939766
0.008564115
0.64279115
0.8424421
0.97955304
0.01791742
0.051350005
0.9979892
0.99973315
0.9983144
0.99741155
0.99876094
0.9964437
0.023302855
0.0644257
0.79532444
0.99363965
0.8676697
0.98808986
0.9779213
0.98540175
0.89341193
0.9989618
0.9992143
0.045556527
0.9945176
0.0065871216
0.9416666
0.8131468
0.9997389
0.99180275
0.008430566
0.99890184
0.08248436
0.9989184
0.048017588
0.99778676
0.26636446
0.99704736
0.008013961
0.9934813
0.98970604
0.99337184
0.9597837
0.9983082
0.022991274
0.9967943
0.9984718
0.99556977
0.95833266
0.998718
0.5568623
0.743942
0.009600335
0.99017066
0.030865954
0.92332166
0.7534194
0.9985765
0.999501
0.99642664
0.11770595
0.99758613
0.99383354
0.9812015
0.99672806
0.786543
0.95903814
0.9969958
0.9903284
0.97369844
0.99736065
0.9882979
0.55112803
0.9974987
0.41460177
0.4252192
0.021167368
0.9961945
0.33077976
0.009704695
0.9970573
0.99520963
0.99740595
0.061482042
0.99916255
0.9992119
0.811345
0.99177307
0.9785257
0.0019559136
0.16114879
0.977986
0.9322073
0.9975708
0.98782766
0.982767
0.89750695
0.05135702
0.99494815
0.99850464
0.99748755
0.99453074
0.99750036
0.9869366
0.8385872
0.02374567
0.9956617
0.993569
0.02527945
0.9865377
0.98020685
0.99301755
0.85845155
0.07773967
0.99757606
0.9881314
0.0237411
0.9861508
0.9938041
0.9940896
0.052536532
0.031519324
0.9986909
0.99348193
0.97800285
0.9963911
0.017870141
0.99970335
0.59339863
0.022622852
0.17005123
0.9852329
0.97673076
0.9647299
0.9964121
0.9987717
0.99088645
0.99339443
0.99448293
0.054707248
0.9879963
0.9969338
0.023677183
0.99946815
0.99075234
0.93784785
0.9937663
0.99868804
0.9955083
0.99495125
0.9981811
0.99744415
0.99989235
0.34153235
0.9908246
0.85325754
0.98752
0.9984054
0.6014807
0.9966612
0.1731724
0.98587185
0.9981006
0.99435365
0.012971486
0.89500785
0.99338007
0.99631375
0.99437296
0.6995945
0.9858925
0.97807115
0.99897885
0.11167363
0.9132072
0.009872083
0.9907917
0.9853329
0.9976641
0.44437447
0.99190474
0.24402514
0.9098679
0.03028524
0.5150691
0.9976336
0.9279547
0.9755996
0.9976634
0.13385117
0.9967784
0.9938514
0.7014047
0.99784017
0.76488906
0.9953054
0.014007479
0.968083
0.99172896
0.002625275
0.40241963
0.9989912
0.94199324
0.99902296
0.996207
0.997633
0.99555165
0.8026349
0.9816226
0.8173953
0.9470765
0.88689494
0.026080165
0.9580709
0.99595165
0.99307513
0.9997205
0.9947685
0.06313369
0.8599312
0.98707354
0.9970817
0.9982085
0.99110514
0.5820767
0.99976057
0.03884821
0.9981824
0.018999316
0.9454721
0.9964845
0.5185012
0.9953843
0.99940526
0.99588555
0.98847175
0.8165482
0.006998561
0.99725276
0.98773164
0.9977804
0.981591
0.9934049
0.9890754
0.8317908
0.9967347
0.37418163
0.031877276
0.99514645
0.99975985
0.9979352
0.8147156
0.9997534
0.09148563
0.9996244
0.032245994
0.9953975
0.9838103
0.12374455
0.51536894
0.99680245
0.2126832
0.96110183
0.994162
0.99590766
0.03738481
0.9930327
0.98893493
0.34847543
0.0054989615
0.020800252
0.9925015
0.9968081
0.7723786
0.038593173
0.4602841
0.9981207
0.014651108
0.99740654
0.8756778
0.94451237
0.9991097
0.99645257
0.9945042
0.9920294
0.024020206
0.9919109
0.9951946
0.9982736
0.075668246
0.9994814
0.9980009
0.9898865
0.95792603
0.14263296
0.9937663
0.9995757
0.020095345
0.9982539
0.99427176
0.9547565
0.97190994
0.99137175
0.94767666
0.7223429
0.96872586
0.99884063
0.99244326
0.99845946
0.99333936
0.95561063
0.04101431
0.99938476
0.037479993
0.9943197
0.95520353
0.9948532
0.5111578
0.9920848
0.071348965
0.12316912
0.99627054
0.9980071
0.9961862
0.9991689
0.99321705
0.99831223
0.9919922
0.9171381
0.92925245
0.07893301
0.99846244
0.6459854
0.996276
0.9683459
0.056598235
0.99277765
0.9883731
0.98604465
0.9913762
0.98981315
0.072882004
0.9772142
0.9865957
0.60655636
0.99920195
0.9658908
0.16434798
0.6454604
0.99179673
0.12244558
0.99605715
0.9798783
0.3278977
0.9573373
0.103825934
0.8937449
0.9869658
0.9827108
0.9980848
0.99855834
0.9127442
0.9858489
0.5205785
0.67043746
0.9488385
0.9529462
0.9861449
0.99844426
0.9953994
0.9949602
0.9912476
0.99733573
0.9838141
0.9315436
0.9992028
0.99726295
0.995479
0.99684036
0.9968424
0.80930686
0.9999031
0.9992423
0.49874204
0.9972548
0.9981055
0.9895068
0.89752704
0.9978636
0.99340147
0.9963566
0.99980754
0.88418555
0.9792058
0.6581504
0.9943032
0.99680054
0.98567873
0.99303365
0.99153465
0.055375632
0.99960953
0.86202204
0.051258598
0.9995753
0.9947296
0.9957216
0.9974802
0.99482477
0.99987864
0.8902124
0.9813943
0.99316835
0.98584193
0.0065654432
0.02813508
0.9948453
0.9934369
0.9999031
0.99888223
0.9194674
0.9635615
0.9914663
0.99713635
0.25732416
0.9986563
0.98218185
0.15828677
0.62836426
0.99077433
0.97287434
0.9955428
0.96959555
0.99848676
0.99781597
0.99548763
0.05942758
0.9905663
0.99155617
0.99652207
0.973138
0.89125645
0.99729556
0.9939295
0.9759962
0.04137785
0.47672254
0.9982316
0.9956428
0.14947286
0.08345075
0.9498568
0.9781794
0.9934296
0.99201775
0.99705863
0.9998907
0.99954695
0.94904256
0.12165049
0.1970512
0.99013954
0.7645902
0.87885225
0.99630034
0.99106604
0.99599934
0.99607134
0.98667055
0.010652692
0.98905385
0.95817065
0.8408945
0.99882776
0.99640167
0.99515826
0.98375964
0.9940276
0.06761119
0.99664485
0.60250646
0.9050995
0.97147655
0.100872934
0.63470143
0.9930254
0.99861896
0.9076194
0.99561065
0.97446465
0.013200734
0.9981414
0.9901093
0.98952895
0.9964736
0.9617003
0.020951835
0.58221924
0.99540955
0.99965215
0.96111345
0.99355197
0.9955664
0.8904737
0.99968815
0.9973443
0.7447
0.9948403
0.056942116
0.98443305
0.06501601
0.996222
0.99934167
0.45327523
0.99903274
0.071514525
0.9989711
0.99412185
0.9206749
0.008813112
0.9962142
0.8438903
0.99683714
0.9973556
0.011157395
0.12293394
0.9914215
0.99591535
0.13970897
0.9940959
0.9987287
0.9954332
0.99131507
0.04299091
0.98936325
0.9608277
0.9748658
0.9936864
0.010835587
0.9934023
0.97746426
0.9974474
0.9975949
0.9964232
0.99959606
0.038095366
0.9974617
0.27211136
0.9989435
0.99048424
0.99973017
0.99099886
0.99783546
0.9969241
0.9981944
0.99492764
0.9546915
0.9955727
0.72369653
0.9928509
0.97563916
0.998072
0.9983429
0.9982603
0.9992293
0.9987877
0.99813867
0.01121148
0.89414304
0.89286786
0.99539256
0.9767386
0.034566503
0.9800268
0.9916471
0.9552201
0.10130209
0.20917057
0.99855715
0.99767834
0.56548417
0.9995092
0.9882405
0.99488986
0.96704125
0.99631184
0.5446863
0.9987213
0.9872837
0.38513893
0.9818989
0.99466395
0.9048034
0.8774834
0.99585104
0.8853924
0.9817246
0.9492845
0.996825
0.9971739
0.83011013
0.9876143
0.99824905
0.9973767
0.9982364
0.6888972
0.07825013
0.99684167
0.4989807
0.035544187
0.99490523
0.03738568
0.50313
0.8367425
0.9964018
0.9983157
0.9966967
0.9509567
0.8587294
0.9979572
0.96421117
0.11456072
0.99808025
0.9977957
0.99354905
0.95580304
0.088447094
0.99736893
0.9960459
0.9977708
0.9826376
0.059031345
0.9956054
0.88227797
0.9309446
0.98866606
0.14515619
0.9946682
0.96827805
0.98426485
0.9950034
0.997235
0.91250765
0.9998416
0.99832493
0.9780155
0.9913658
0.9350536
0.9983935
0.1332439
0.9860869
0.20993887
0.99100924
0.99567753
0.75181574
0.9958905
0.9970421
0.90262115
0.9978416
0.091044284
0.7670332
0.9987336
0.99705684
0.97692525
0.99694234
0.9906177
0.92923
0.63082623
0.21898705
0.9998348
0.9965569
0.84673834
0.9978732
0.99692184
0.9816877
0.9989089
0.99840266
0.99087876
0.99914765
0.99858594
0.915093
0.2321321
0.99336195
0.9932997
0.96637815
0.99717027
0.99482614
0.99250925
0.99808633
0.99622726
0.15932374
0.07855299
0.9958242
0.98826116
0.99819726
0.99962735
0.9910154
0.11517627
0.99247605
0.13375536
0.98894894
0.9998846
0.916719
0.99991727
0.8763771
0.96358335
0.07805321
0.9929974
0.99861157
0.01641008
0.09330976
0.9991774
0.99891436
0.074606486
0.9997389
0.9996946
0.7245687
0.9972337
0.99951935
0.9968919
0.806236
0.99868006
0.08964664
0.9952142
0.9972696
0.9866202
0.99038225
0.013804612
0.9942591
0.046881378
0.65398353
0.99431396
0.99805355
0.9969798
0.044910856
0.98158574
0.24145071
0.997071
0.9820817
0.9941603
0.99811256
0.18013294
0.9325757
0.9885803
0.99496317
0.9321868
0.9956457
0.010472589
0.99110514
0.9918528
0.99539244
0.9954886
0.9939429
0.9969343
0.9999201
0.9976554
0.016929295
0.21576335
0.99758375
0.98046243
0.99806875
0.96846575
0.9899468
0.9887565
0.99759704
0.9999018
0.9969831
0.9981956
0.997246
0.9865899
0.07550282
0.03837963
0.99925727
0.9959863
0.997027
0.99799037
0.9731563
0.99924135
0.9967777
0.99883825
0.98374027
0.9584747
0.9977806
0.99612767
0.996221
0.9484284
0.9955473
0.3669082
0.99801147
0.9304894
0.99948585
0.03798494
0.95236456
0.9995049
0.9389094
0.94488746
0.93968254
0.99364156
0.32296774
0.9983432
0.011325126
0.99878687
0.04136502
0.98917025
0.9921103
0.99563086
0.9376079
0.04235013
0.99623066
0.9723636
0.99989736
0.9972982
0.9996773
0.96720505
0.9589134
0.988393
0.99378586
0.9983771
0.40709463
0.9980666
0.008149481
0.99551743
0.005218212
0.018914178
0.9846561
0.96388245
0.9986487
0.9021508
0.9877835
0.97989684
0.99663395
0.93909997
0.99488693
0.9930239
0.99772495
0.99876034
0.9988965
0.99529934
0.029924383
0.058084253
0.9974655
0.9973954
0.9897914
0.99838436
0.99743915
0.9961255
0.090365544
0.57145864
0.9976004
0.9952075
0.9964994
0.9975575
0.9833825
0.016800812
0.7763476
0.8535957
0.9879034
0.99638736
0.99884087
0.9809342
0.9952716
0.9972301
0.9941256
0.99885976
0.992879
0.97052515
0.018844424
0.9007401
0.031627476
0.99295956
0.99164903
0.9991259
0.99570894
0.118264385
0.99676824
0.9932728
0.99833775
0.66857785
0.9949163
0.026393427
0.99338293
0.9777998
0.36686182
0.97286946
0.9791104
0.99708885
0.11289205
0.3979998
0.9958144
0.9855012
0.019557193
0.50802284
0.96964765
0.9953053
0.09369284
0.02537693
0.030921109
0.9813973
0.9856548
0.9647948
0.9943415
0.98154044
0.99697196
0.9899046
0.064987704
0.9963636
0.9990256
0.98386294
0.98887056
0.99850935
0.48381618
0.9984976
0.7607418
0.42304072
0.98976165
0.51032126
0.996554
0.99026686
0.99422544
0.9949018
0.007318783
0.98794824
0.019414363
0.9697037
0.9964658
0.53084743
0.96067065
0.9792021
0.99792993
0.9965042
0.16303027
0.0030954885
0.1021338
0.98247564
0.9761875
0.06019
0.8584579
0.99904436
0.9972746
0.9971945
0.9999137
0.021156378
0.9996995
0.017652275
0.3498403
0.9979715
0.059576306
0.99729425
0.99741685
0.997879
0.9898415
0.9870372
0.99652344
0.9899244
0.99061286
0.9990633
0.99777967
0.98653203
0.99555075
0.9992854
0.9924029
0.9968425
0.9997613
0.994551
0.98261166
0.8078084
0.3222108
0.9963721
0.9968736
0.9896338
0.99928325
0.99530256
0.98479766
0.5374911
0.99967504
0.8057269
0.9977502
0.99316627
0.9921708
0.99815613
0.021334795
0.9948308
0.9958753
0.94610286
0.0070863827
0.9990263
0.994947
0.98700523
0.9968508
0.9823147
0.5395455
0.989251
0.99742126
0.99109787
0.5465389
0.9984836
0.30813482
0.99950004
0.9049261
0.99671847
0.99539435
0.9957354
0.9970974
0.9859207
0.90024453
0.9628866
0.9927556
0.9146851
0.42864937
0.9894113
0.9789579
0.99601376
0.9883758
0.96054053
0.99571973
0.8300233
0.022566067
0.99592185
0.99488163
0.98678154
0.9973423
0.9971294
0.9990067
0.032756094
0.99993587
0.9477192
0.98481685
0.99695456
0.9949462
0.99792093
0.99757236
0.9939612
0.18225697
0.94768435
0.9974214
0.98573977
0.2566212
0.9998272
0.50553435
0.98276216
0.99920183
0.05456356
0.9965957
0.9957776
0.9944066
0.03788047
0.9967931
0.9954898
0.23898166
0.99909604
0.105149545
0.9212251
0.45770022
0.9958573
0.9887838
0.9963343
0.9914659
0.4923374
0.064667575
0.99529606
0.024574528
0.9722134
0.9560488
0.99591845
0.99741733
0.18069553
0.9932092
0.9641933
0.9375754
0.99593997
0.9970932
0.9896269
0.852017
0.04643559
0.9951651
0.99301445
0.973104
0.020434419
0.99984264
0.98874015
0.9886884
0.02934534
0.9996333
0.89210737
0.9994072
0.993606
0.9943821
0.9851777
0.015374866
0.9991135
0.9380212
0.9975097
0.9943516
0.99544466
0.9959848
0.9930375
0.28191134
0.9915469
0.997265
0.9934928
0.9852439
0.98627263
0.0103109805
0.9935236
0.9903758
0.9953134
0.9916583
0.9978695
0.9852271
0.9376518
0.9949569
0.999383
0.9956168
0.06498142
0.99972254
0.34010288
0.99486536
0.9956994
0.998613
0.9984855
0.9767702
0.99562657
0.9966066
0.9973909
0.85335773
0.99141544
0.14569148
0.9993343
0.9949557
0.9829829
0.9951184
0.9928213
0.9998153
0.06766315
0.9946291
0.2904654
0.01690731
0.99496526
0.97856426
0.07166581
0.99736696
0.9953827
0.9965299
0.070568636
0.99678
0.384254
0.9917318
0.025720116
0.7230235
0.060800917
0.9894741
0.043642633
0.9908794
0.85923636
0.9973074
0.009684333
0.99763083
0.49875844
0.97867936
0.9915372
0.87504524
0.9957735
0.9996513
0.8534918
0.9894236
0.9879726
0.9997385
0.9952781
0.08887617
0.061759062
0.9980044
0.9971392
0.12012973
0.018772565
0.9944107
0.9893686
0.9988605
0.11209842
0.9971922
0.9761427
0.99720556
0.7182468
0.98492336
0.98686105
0.0107803
0.17248057
0.9994037
0.9867186
0.9878963
0.99790144
0.98983276
0.9955153
0.5599935
0.063250564
0.99853075
0.99264103
0.42167136
0.9915569
0.015971595
0.82802886
0.99685293
0.7457417
0.99925715
0.022083612
0.044613753
0.99828416
0.9954228
0.94284934
0.94991887
0.33236116
0.99773395
0.9935021
0.9992212
0.73147285
0.9986659
0.9998374
0.9921406
0.9939242
0.9935191
0.9586974
0.98705995
0.76771456
0.99545765
0.99551105
0.97838265
0.99239653
0.06875639
0.9982608
0.99683326
0.99988616
0.9989895
0.9982602
0.9984281
0.37282708
0.9954411
0.9997396
0.9944405
0.9961909
0.98630905
0.9982456
0.99579597
0.96659106
0.99207336
0.9989229
0.9071016
0.019298729
0.95588756
0.014551447
0.40233186
0.99852353
0.061790813
0.9875329
0.6808242
0.026758892
0.99793184
0.9982147
0.08596006
0.9991666
0.99532026
0.99593985
0.9746935
0.92030513
0.9997794
0.023567604
0.24714309
0.93789226
0.9964579
0.83595216
0.9980552
0.0056009996
0.99804926
0.9884737
0.9944185
0.8594439
0.985889
0.9980142
0.105193324
0.98709375
0.91552097
0.99694806
0.99287146
0.04990825
0.9976108
0.99601483
0.56362855
0.99848515
0.9938372
0.061291903
0.9935196
0.9849487
0.7090236
0.8607126
0.99730057
0.9989687
0.9955016
0.9996668
0.97397655
0.038945407
0.9574549
0.9887129
0.99992776
0.19786626
0.987303
0.95701844
0.9978649
0.9930634
0.9962638
0.9945262
0.9850492
0.98847675
0.9853157
0.62153363
0.9934316
0.011442019
0.9867135
0.9820217
0.9825685
0.9971945
0.9945257
0.92282605
0.9846709
0.9740209
0.9969709
0.9959913
0.9878561
0.9775563
0.997417
0.9951068
0.6279501
0.9980008
0.99461395
0.06026666
0.765488
0.98798394
0.9989951
0.91730577
0.9941367
0.9949013
0.98305374
0.9932086
0.60831535
0.7186785
0.9985959
0.99749386
0.99151635
0.015636029
0.9974111
0.7635938
0.99846566
0.9979048
0.026272757
0.5860507
0.9919636
0.011219729
0.9997806
0.015057989
0.89126337
0.98742014
0.99561995
0.5031461
0.99289954
0.9590284
0.83211046
0.010935357
0.9952863
0.94228244
0.99742585
0.98258567
0.994027
0.39100298
0.09122449
0.77502817
0.99760455
0.97867477
0.99710256
0.77451646
0.9973272
0.043781083
0.5232726
0.9666913
0.99768114
0.9515303
0.9473086
0.7646476
0.9912752
0.99481577
0.99258655
0.99814904
0.9902664
0.97067404
0.9932662
0.96365076
0.99760664
0.99783534
0.98386294
0.02625176
0.98771137
0.9897742
0.9990037
0.9998486
0.027669089
0.01963368
0.9966935
0.99121183
0.9969292
0.1689697
0.99922013
0.97610974
0.06028327
0.9972248
0.99795663
0.99703825
0.016815783
0.84347665
0.9789549
0.99533695
0.022709321
0.99792683
0.95430714
0.99637336
0.6809532
0.009709668
0.9981324
0.029738346
0.6709316
0.99551684
0.37596455
0.8940397
0.9992483
0.81761044
0.013080119
0.99099475
0.9740704
0.9865108
0.99919635
0.056696646
0.021050353
0.9914705
0.99567825
0.3530367
0.8432874
0.03826361
0.9311944
0.9948177
0.9954424
0.9898379
0.14582047
0.9981021
0.8862417
0.05500493
0.98138887
0.99417335
0.49660948
0.14355682
0.96411276
0.7761471
0.9305849
0.9942135
0.84942293
0.07094791
0.9980398
0.95798403
0.99648106
0.9992046
0.9975018
0.9442434
0.9844453
0.995767
0.99974185
0.9616376
0.985567
0.75854516
0.9956287
0.119529456
0.9683847
0.1034702
0.99699295
0.9929334
0.13504976
0.9996884
0.9833628
0.9279833
0.9986297
0.16500284
0.9507958
0.9142621
0.80412817
0.9903437
0.95447874
0.987211
0.014243648
0.98379993
0.7056376
0.98009527
0.89580745
0.4594731
0.9945747
0.9990196
0.99422693
0.9981528
0.9987651
0.997968
0.7388707
0.91869783
0.99377644
0.99805105
0.77508897
0.9999105
0.058811996
0.9975102
0.9247644
0.11630486
0.9052391
0.99992466
0.11742657
0.038613368
0.99882334
0.10359317
0.7848939
0.89555544
0.06106433
0.9965785
0.9937402
0.99811804
0.99723923
0.98848104
0.060859367
0.9701737
0.98615545
0.9874421
0.9613983
0.04117649
0.1668326
0.99643147
0.9204666
0.99741036
0.034114417
0.9945368
0.99838173
0.99414694
0.9987445
0.9974734
0.8163328
0.037293028
0.9600192
0.99622154
0.9837821
0.75018483
0.019829916
0.9997609
0.98490113
0.97207606
0.9887344
0.99894494
0.99613816
0.98031944
0.17637666
0.23135348
0.99645907
0.99431074
0.049410664
0.9914004
0.999134
0.996363
0.3749551
0.99969864
0.9727638
0.042536784
0.98007476
0.99239993
0.98975194
0.9922057
0.011474263
0.79794
0.9936051
0.7514889
0.99341464
0.7367863
0.9892893
0.9570882
0.9961552
0.9965341
0.17985818
0.98768616
0.9620235
0.4282047
0.992349
0.9976005
0.94833314
0.075495996
0.9769132
0.9993024
0.9990398
0.024102317
0.96975255
0.99659616
0.9683036
0.9963971
0.94454616
0.99662375
0.9968875
0.6760874
0.2160884
0.03532637
0.9959215
0.99855655
0.98798764
0.9913515
0.90297425
0.96376425
0.36103022
0.9913186
0.12554494
0.9908579
0.94530326
0.99756765
0.996029
0.73551995
0.99220955
0.9983834
0.9650092
0.994833
0.9988085
0.99101967
0.9838198
0.9944893
0.6722933
0.7869106
0.9072518
0.049782638
0.65312296
0.99878985
0.9987552
0.9974009
0.91016245
0.9959026
0.99808633
0.79703313
0.9461665
0.993248
0.9967644
0.9983296
0.7044831
0.80527115
0.98615605
0.98909575
0.056502536
0.99220556
0.9967043
0.99788046
0.24422975
0.9986584
0.9431937
0.99856734
0.9978383
0.9080595
0.9879759
0.9964439
0.9972102
0.9764896
0.49454764
0.9804735
0.029165346
0.06638362
0.98647064
0.99716836
0.049001712
0.99938047
0.99261147
0.031436134
0.017351778
0.9998282
0.9978446
0.99553406
0.99411386
0.994169
0.9950317
0.9958002
0.993222
0.9909271
0.98912674
0.99364716
0.9008216
0.9904785
0.99963534
0.99744534
0.90978384
0.019694928
0.044693053
0.980305
0.083918385
0.66660446
0.07940389
0.9966629
0.99144506
0.78124595
0.9777389
0.96756595
0.17451333
0.013279503
0.99650973
0.95587677
0.9999069
0.99791545
0.9200472
0.21113557
0.9992067
0.99787796
0.2398392
0.9973392
0.89551663
0.07899514
0.9984127
0.9766905
0.9985714
0.9967734
0.99293256
0.9963708
0.9953857
0.9926428
0.9304273
0.9920204
0.9989742
0.9997373
0.925588
0.9935389
0.99977523
0.7141176
0.99493897
0.022986375
0.75824386
0.9681271
0.9960289
0.41896978
0.03274787
0.0062888023
0.999164
0.025146909
0.99733317
0.9965371
0.036770817
0.9862709
0.992148
0.0073158387
0.020608796
0.9642072
0.9918927
0.99525875
0.98325735
0.99960643
0.7757231
0.758854
0.9969495
0.998415
0.9974529
0.99868995
0.06609008
0.99279296
0.9552151
0.055033438
0.9998037
0.99041593
0.9999589
0.98061967
0.99329233
0.9999
0.99357575
0.977216
0.9978364
0.9785083
0.68853277
0.038363714
0.010753362
0.99878114
0.8828518
0.99722606
0.9945174
0.99203557
0.99949837
0.9955786
0.84795326
0.98377717
0.9999361
0.9970481
0.86422247
0.08435378
0.99349856
0.057010997
0.98586094
0.99598783
0.04734578
0.9956422
0.9829714
0.1549456
0.065611534
0.99798477
0.9994388
0.008181472
0.98015183
0.99812573
0.9769404
0.9902019
0.99905974
0.99984014
0.9700291
0.99955076
0.02019931
0.9959233
0.9104822
0.9906356
0.6940313
0.97828805
0.7271398
0.44337487
0.9885865
0.7993647
0.09665709
0.92323977
0.75943667
0.9266876
0.9460368
0.98072964
0.0950622
0.9859158
0.64046466
0.9968857
0.9995784
0.059744127
0.9994547
0.9778281
0.99815184
0.99806744
0.99761164
0.99646425
0.996327
0.9751652
0.997101
0.98882383
0.9983808
0.9815848
0.689635
0.9969387
0.99936825
0.6518781
0.9987883
0.011284572
0.9988759
0.37053615
0.030321993
0.99438995
0.9968869
0.99728286
0.99105036
0.9991504
0.94457555
0.9941387
0.9960323
0.005418932
0.018212112
0.99248177
0.99583554
0.7665572
0.9905487
0.97281975
0.996498
0.8818233
0.30838615
0.95160574
0.9751152
0.9813006
0.2279568
0.10245571
0.99741757
0.9972199
0.99621236
0.19042589
0.5185261
0.9915024
0.99197376
0.89436835
0.06011608
0.95755863
0.74052835
0.9215524
0.99397814
0.8853577
0.99814546
0.9979887
0.96751606
0.97303087
0.055786736
0.01242818
0.029681167
0.9969529
0.60701007
0.9980426
0.99914455
0.019782903
0.023319429
0.99220806
0.9977781
0.9487186
0.93781984
0.9890069
0.99805295
0.99243087
0.99555355
0.99884534
0.9940673
0.99890876
0.9884022
0.04885902
0.73206025
0.93608296
0.73436224
0.95707965
0.9952573
0.9971065
0.99813557
0.010539294
0.007523467
0.9916813
0.9670921
0.9967638
0.95493656
0.994158
0.9925821
0.66169095
0.99513286
0.9936639
0.99987066
0.99739945
0.9956281
0.71988523
0.9971476
0.3377064
0.9970433
0.9982248
0.9991328
0.86566526
0.8538145
0.99890137
0.9980196
0.99424934
0.98385113
0.98118734
0.9953193
0.4513867
0.99583036
0.8679084
0.99235743
0.9856536
0.99425113
0.99822277
0.97877824
0.9613224
0.99949956
0.9987821
0.99815875
0.009248104
0.998953
0.078132205
0.9961448
0.98290724
0.99985933
0.9980123
0.008232562
0.9999434
0.13544695
0.94482917
0.1210058
0.013281509
0.9941043
0.41144484
0.99871683
0.9968574
0.995877
0.976308
0.051276304
0.060864132
0.9905608
0.99549294
0.9959979
0.6806433
0.986337
0.98746026
0.9954341
0.024937315
0.9980629
0.9997365
0.9990926
0.99901927
0.9825196
0.9380227
0.9953732
0.008467874
0.99678314
0.29997265
0.99563724
0.9974456
0.0069966363
0.9951879
0.11644563
0.9942356
0.6501715
0.97262067
0.9279713
0.99610525
0.9902621
0.99134326
0.65146697
0.069645934
0.96267164
0.9980641
0.017386088
0.9956648
0.9741111
0.8763554
0.41514277
0.94172823
0.031835433
0.99340606
0.997603
0.6694337
0.040142056
0.99684626
0.60845274
0.011226623
0.9865637
0.98467374
0.09918919
0.05734855
0.4435369
0.73332435
0.99575776
0.9627414
0.48637855
0.99890685
0.0040479642
0.99614644
0.13183114
0.04431245
0.98695683
0.5309276
0.9983327
0.99219394
0.10470478
0.99489504
0.99713576
0.9393899
0.9977464
0.98682517
0.9918703
0.97079694
0.98881745
0.99541545
0.9959818
0.9983948
0.8070119
0.98745096
0.9972084
0.784124
0.044898618
0.9652758
0.99753284
0.9980757
0.99812335
0.46547532
0.99936956
0.99849236
0.9954129
0.76294786
0.99904805
0.9704
0.9865302
0.999833
0.97418106
0.9923838
0.067712374
0.9826288
0.9991709
0.99986863
0.9959825
0.99245536
0.99376607
0.9733733
0.9909586
0.6931118
0.9876488
0.11132413
0.99930155
0.25203192
0.9941829
0.99376583
0.9970841
0.016303763
0.99967146
0.9752157
0.99647176
0.029870175
0.99132675
0.99147487
0.99927944
0.9214437
0.05366167
0.9995621
0.99954826
0.9958776
0.9941843
0.9980338
0.9970396
0.8790762
0.12870403
0.98901635
0.9595271
0.9980907
0.99858725
0.99656796
0.6498613
0.027212944
0.999534
0.997065
0.9751405
0.99600106
0.9898977
0.20339574
0.9982901
0.99595684
0.9970451
0.9943334
0.4578588
0.9937196
0.99669904
0.9939791
0.13879944
0.9974482
0.9096104
0.9938626
0.112358615
0.9924206
0.25018096
0.9984529
0.55529314
0.995018
0.99322987
0.9986848
0.9948978
0.9765999
0.97879285
0.9944193
0.98941445
0.99373674
0.99618185
0.9978777
0.99983215
0.98192734
0.99874336
0.36828953
0.99720925
0.96620685
0.9984666
0.10475548
0.99320024
0.9916773
0.9949102
0.99616134
0.016906518
0.9876466
0.025951909
0.9987565
0.9999337
0.99440163
0.998757
0.9976393
0.9959312
0.9960532
0.9965513
0.084839635
0.9879758
0.98628426
0.7182648
0.010793503
0.9894929
0.99826235
0.9958918
0.99843293
0.99903786
0.9982613
0.9576745
0.9270746
0.7875031
0.9728917
0.954066
0.98365307
0.98887503
0.9893082
0.99755836
0.9309883
0.9995357
0.97391164
0.98834246
0.99463636
0.98244077
0.996381
0.9973205
0.98947525
0.9953113
0.022469478
0.99666154
0.99445844
0.99232566
0.18434045
0.26233795
0.01727988
0.9987213
0.99450594
0.9988858
0.99944884
0.95518017
0.99917006
0.9967878
0.9663815
0.9786678
0.99699044
0.011010491
0.98413473
0.048104335
0.93723094
0.12911554
0.9469588
0.14665325
0.9952454
0.9983833
0.99986124
0.9990005
0.07376705
0.33695328
0.8653984
0.97548395
0.9971854
0.99888796
0.9998561
0.9978872
0.9988991
0.018346999
0.069125295
0.99724555
0.9999137
0.54819477
0.9977386
0.9961283
0.99123454
0.93786526
0.9616208
0.99984837
0.9940766
0.9972053
0.9997329
0.99914515
0.9984841
0.99987125
0.6940765
0.9980003
0.99578273
0.9971847
0.92564636
0.9698038
0.9995546
0.04981257
0.99623185
0.9989648
0.99869823
0.06433937
0.97111964
0.996872
0.99981695
0.99103993
0.9020544
0.019862693
0.13262902
0.9975817
0.9978459
0.9969248
0.9474893
0.021640416
0.8808473
0.9988716
0.011170955
0.9332621
0.9406773
0.035960462
0.61427957
0.18229717
0.96961415
0.03742976
0.74383116
0.87202996
0.9738834
0.9960051
0.99607265
0.34305614
0.99310863
0.9998542
0.05181933
0.8582645
0.9975574
0.9977748
0.9964101
0.015897058
0.9989396
0.7220545
0.9990614
0.9981598
0.9769141
0.9309536
0.6128006
0.9349962
0.9951957
0.98827714
0.9934643
0.98303
0.96168303
0.988367
0.2212991
0.9953465
0.99439275
0.053407088
0.99862564
0.007964285
0.7025996
0.6599105
0.9423646
0.99528223
0.99195987
0.98744977
0.99428326
0.012793759
0.9988003
0.19444041
0.2121067
0.9844988
0.04330346
0.99740297
0.9782924
0.9998462
0.99943405
0.9968804
0.9923228
0.90114224
0.99353844
0.9989278
0.6549119
0.9974371
0.06321806
0.04987752
0.22831437
0.99738926
0.99990344
0.9937249
0.9811365
0.99531895
0.9981629
0.99746656
0.9768927
0.9968161
0.99712235
0.9915114
0.9924736
0.9966563
0.81707346
0.9981451
0.9707144
0.9899065
0.82389057
0.97480804
0.015664171
0.67484236
0.9894434
0.65503484
0.95310277
0.9915563
0.99578094
0.979829
0.99508375
0.052804686
0.8347873
0.9889979
0.9142869
0.7458972
0.009640912
0.9990288
0.99844664
0.9989255
0.964993
0.0066354154
0.9601509
0.052397873
0.969344
0.19556653
0.9999131
0.9971347
0.9945661
0.9885202
0.99068063
0.99417144
0.9938985
0.8881289
0.99850583
0.042978913
0.9543772
0.98495203
0.99950945
0.9991345
0.12048584
0.9905856
0.9652578
0.032310024
0.9999006
0.008479524
0.9967885
0.9813659
0.9942462
0.7616408
0.9879237
0.99319094
0.99861515
0.9897195
0.9971629
0.967721
0.99328107
0.3390282
0.99376833
0.093645096
0.95786387
0.99615675
0.9911282
0.98411304
0.12776047
0.9906052
0.16710034
0.99905485
0.99958855
0.9989611
0.19532655
0.9972192
0.7754984
0.9967878
0.9929662
0.99875784
0.18263079
0.98566103
0.10669598
0.9988894
0.99038893
0.999572
0.012731786
0.760207
0.9994709
0.9798538
0.23808438
0.9961194
0.9881732
0.9983253
0.99577445
0.9929097
0.9862213
0.6864196
0.99586225
0.008702931
0.04313866
0.93526524
0.99937516
0.12827615
0.9948454
0.8380808
0.018684
0.9985287
0.998985
0.99916387
0.99954224
0.9985826
0.99527454
0.09165778
0.02591336
0.06727366
0.999912
0.3901378
0.9968855
0.9967487
0.8785062
0.89339304
0.9981767
0.99922514
0.9275777
0.9995111
0.99843067
0.9999449
0.9926559
0.9941339
0.9950572
0.9972205
0.031158648
0.9927591
0.86370236
0.9857577
0.9968573
0.9821568
0.98940814
0.9679124
0.99522495
0.9990753
0.99655557
0.9958158
0.9989858
0.16917782
0.007365177
0.98045933
0.9996517
0.9511234
0.0065154955
0.07941923
0.99416006
0.9891762
0.95699656
0.46899804
0.97364455
0.99219865
0.99835265
0.015681738
0.99972755
0.033522956
0.96817946
0.02394657
0.031290315
0.9955142
0.99255764
0.996872
0.89875877
0.023152478
0.99840623
0.9821254
0.99720323
0.9965306
0.9992624
0.9983563
0.9994955
0.9929484
0.9940317
0.031844202
0.9948342
0.9926501
0.99476236
0.9652715
0.94819766
0.8570795
0.9960914
0.99885464
0.9978892
0.9956707
0.017284261
0.99604875
0.93267536
0.99892956
0.012374912
0.99742055
0.584848
0.17338672
0.9969421
0.79626155
0.12274824
0.98857343
0.8558989
0.9895985
0.10229457
0.94679075
0.16480461
0.999602
0.999065
0.99699914
0.05871412
0.9956043
0.9982022
0.9977087
0.009995751
0.99845624
0.66220987
0.99918646
0.99028325
0.9934422
0.99976677
0.044969246
0.982394
0.88936585
0.9997943
0.97522724
0.99993026
0.73626715
0.99468464
0.05866275
0.10174015
0.99377775
0.116806015
0.9670086
0.93095183
0.30728802
0.9873143
0.98917574
0.9797339
0.9040757
0.9950955
0.9488503
0.993089
0.9907329
0.18679373
0.983723
0.99884206
0.99573094
0.009253244
0.04123261
0.9929327
0.9582651
0.5298193
0.07711875
0.97474164
0.8533834
0.9970348
0.979932
0.9969087
0.9986192
0.9669785
0.11338466
0.9874544
0.9991424
0.022039544
0.98987937
0.8947339
0.99705577
0.9983454
0.9973857
0.9919229
0.9996327
0.69387424
0.9997168
0.99006504
0.73504364
0.99863774
0.94254774
0.9977449
0.99577266
0.99621
0.07954704
0.87920296
0.9905426
0.99994373
0.97893244
0.99840975
0.9929489
0.04360352
0.9263551
0.99904484
0.06485802
0.994381
0.99971896
0.96371055
0.992714
0.9983897
0.9956868
0.9005079
0.9927424
0.9985417
0.9846565
0.99948573
0.99312156
0.91097337
0.9986859
0.99887365
0.9954846
0.9981717
0.5258112
0.8248982
0.9992976
0.9983816
0.93482715
0.99740654
0.9391099
0.996015
0.99829656
0.32391426
0.982015
0.99944896
0.9912635
0.9383681
0.9820755
0.99759114
0.017892912
0.99919957
0.937875
0.9999125
0.99990237
0.99254483
0.99530125
0.05448461
0.99212086
0.72498155
0.08910723
0.9987979
0.19479005
0.99191487
0.9991886
0.99532026
0.04942275
0.9971564
0.9809131
0.03747948
0.9978521
0.9984963
0.060718786
0.9080464
0.99393314
0.6207012
0.998601
0.9950088
0.06179365
0.037399467
0.44946653
0.9967368
0.99008524
0.23430222
0.06011265
0.050446402
0.2901214
0.998874
0.9984642
0.98741746
0.9971015
0.024337046
0.025580065
0.9987006
0.9983966
0.99991834
0.99828124
0.99723154
0.014690114
0.019146672
0.99837
0.92542773
0.99767464
0.6897312
0.010440828
0.30512172
0.8632855
0.9973127
0.99752957
0.9971209
0.9990445
0.9961094
0.99749255
0.9255138
0.018113213
0.99626946
0.94451255
0.996082
0.970812
0.9923543
0.855119
0.98698795
0.9994473
0.9693518
0.92262053
0.9934262
0.9990663
0.9921681
0.98572934
0.9819608
0.99751055
0.20696029
0.9963283
0.89700425
0.99636745
0.046898652
0.9880563
0.99693763
0.99487066
0.99929214
0.99349445
0.99394786
0.9943984
0.9126522
0.97770643
0.9983981
0.99598455
0.9975067
0.99711204
0.024993604
0.9451896
0.9985644
0.46648356
0.9934901
0.98318017
0.9994654
0.98904383
0.9969709
0.9649627
0.8666804
0.9784426
0.9979411
0.9958198
0.9701065
0.99928004
0.034932442
0.006078101
0.99778545
0.9642593
0.99991655
0.9920846
0.9897086
0.9961331
0.23788264
0.95276296
0.9726977
0.9815181
0.06368119
0.9956169
0.8902511
0.012079388
0.08145341
0.9996331
0.115650654
0.04012612
0.9981059
0.98349345
0.02378897
0.9980299
0.9937716
0.02143496
0.99857426
0.043805264
0.99805826
0.013094901
0.99551386
0.9804028
0.9973801
0.9987452
0.99328893
0.25440294
0.999811
0.009627513
0.9981384
0.9908857
0.9343509
0.9999571
0.9996637
0.9999106
0.9884985
0.9085875
0.9997061
0.9983125
0.98358697
0.9978629
0.9955362
0.11567106
0.05932633
0.99292314
0.98722017
0.97956514
0.99640334
0.9897143
0.985782
0.87509906
0.9707909
0.9965575
0.9868715
0.997572
0.8883707
0.1320426
0.9799412
0.9987154
0.006215694
0.06300604
0.99398106
0.9153786
0.5017653
0.009615871
0.9619893
0.9934556
0.99715257
0.96912897
0.9983388
0.9985292
0.99478614
0.99903715
0.9926075
0.98667043
0.94187444
0.6643392
0.98962384
0.9998534
0.9092494
0.9990693
0.9951958
0.9976826
0.99694663
0.079217754
0.99121046
0.9702031
0.9964257
0.97597957
0.99954116
0.9955562
0.9972372
0.9967618
0.73879176
0.06373669
0.993335
0.036753654
0.99345446
0.55947095
0.017804464
0.6817428
0.99741995
0.9960424
0.99713033
0.5226023
0.9999306
0.9884043
0.9978738
0.97294146
0.9930046
0.89068145
0.117702864
0.9967744
0.93006295
0.9991549
0.108926214
0.9802813
0.9942503
0.99633694
0.99858826
0.82454294
0.997472
0.9862365
0.12850837
0.9733148
0.9991235
0.7149845
0.9972976
0.99984825
0.97373194
0.9963701
0.99094415
0.88260704
0.0054339226
0.9664842
0.9994072
0.9969125
0.994207
0.9291737
0.97817594
0.9202702
0.9979321
0.9935588
0.9987872
0.99955386
0.99635714
0.9984113
0.9948926
0.9829615
0.99830174
0.9962035
0.96222353
0.9886141
0.98547876
0.9994641
0.9931038
0.1465948
0.8633156
0.8967481
0.98256564
0.99881613
0.9964635
0.12822162
0.99758387
0.994886
0.97993535
0.99788445
0.989301
0.067900814
0.9867027
0.9966575
0.9937389
0.9982893
0.9845184
0.99769384
0.88682896
0.99809295
0.9939272
0.019168139
0.88308054
0.98838323
0.9940508
0.99535936
0.53175956
0.99353445
0.96059334
0.16813491
0.9976433
0.9619557
0.9130903
0.9833686
0.9988538
0.9990044
0.9977576
0.983934
0.0068877945
0.68906754
0.06850044
0.96741486
0.030767996
0.9678646
0.9841128
0.99876875
0.98994434
0.99862194
0.011422936
0.9604861
0.9994815
0.14193034
0.92492265
0.065541565
0.652299
0.99675804
0.99015194
0.7308561
0.0079088
0.99884367
0.9999044
0.9986895
0.99521184
0.020508828
0.9975611
0.991911
0.6998444
0.99447507
0.9599261
0.026913026
0.7791712
0.9972783
0.4425601
0.9512922
0.99992704
0.98295444
0.9942953
0.9905206
0.9973942
0.9687244
0.8124517
0.9308926
0.04996031
0.99842715
0.95274824
0.023450064
0.9518567
0.061024603
0.9531778
0.99864286
0.9690657
0.981874
0.96589583
0.9894288
0.97645164
0.9795338
0.2366723
0.005653332
0.54434425
0.998901
0.9938067
0.9985813
0.997157
0.9989655
0.99799925
0.9959573
0.04891334
0.96861064
0.94358176
0.99881846
0.9994143
0.9906241
0.99966073
0.99638784
0.98314536
0.978225
0.99228865
0.99744546
0.9981974
0.9302843
0.98508334
0.95914066
0.851443
0.012369592
0.9821086
0.28770387
0.99639744
0.8106051
0.99959844
0.003681962
0.8029785
0.99667645
0.9964862
0.9963779
0.9920833
0.98448133
0.99711895
0.96736944
0.9841871
0.9886525
0.95696044
0.9593872
0.99610233
0.09720698
0.00843435
0.99972636
0.9873103
0.99834585
0.9965481
0.99932337
0.9929597
0.9986187
0.9873375
0.99734974
0.9994118
0.9815601
0.9447118
0.9974848
0.014867636
0.9921848
0.12335619
0.9980211
0.9902024
0.99227273
0.8213857
0.02194221
0.0076287147
0.902372
0.7934132
0.9974831
0.99278486
0.99764913
0.99452245
0.99261934
0.015613646
0.99926597
0.99946696
0.9986761
0.016781578
0.7518745
0.99265164
0.7209766
0.99941945
0.99678636
0.9921685
0.99987936
0.9816166
0.9758065
0.978152
0.99432135
0.9808461
0.98941886
0.999647
0.9983668
0.99346787
0.9984137
0.051447682
0.9974927
0.011040049
0.9996619
0.97679603
0.9995055
0.047637887
0.9668036
0.99714833
0.9240547
0.48321933
0.99871683
0.987205
0.9878121
0.9961249
0.9982097
0.992362
0.99639577
0.9960141
0.038888387
0.99837697
0.77271587
0.08518317
0.9965958
0.9435081
0.9971846
0.77277595
0.9563838
0.9912976
0.9903853
0.9957379
0.03770414
0.9833835
0.71956825
0.018642217
0.99153733
0.7969959
0.016158534
0.010340788
0.9966754
0.996783
0.5619093
0.93943083
0.99902546
0.98784375
0.9912754
0.084749885
0.98993874
0.995074
0.99328303
0.9987576
0.11720676
0.99552166
0.95094424
0.027600154
0.9998473
0.5629495
0.9800062
0.9964468
0.99098456
0.99944764
0.9972595
0.9958482
0.99170226
0.9996836
0.0073087225
0.9998423
0.6812408
0.965129
0.009445502
0.9949039
0.013441212
0.20794402
0.9833134
0.049092364
0.9993224
0.99562496
0.9863858
0.18314017
0.9965288
0.9998474
0.995852
0.045817122
0.9534064
0.99429107
0.9879375
0.9977871
0.9986712
0.9948427
0.9572497
0.99493223
0.99951696
0.99775225
0.98892653
0.9954574
0.9989365
0.9897878
0.9999157
0.9474277
0.99681866
0.99973375
0.0033341013
0.9988005
0.9971353
0.998659
0.9536955
0.9914227
0.99931276
0.801953
0.77459955
0.9961008
0.9976725
0.99344903
0.996405
0.0058062854
0.9864261
0.99924624
0.9334526
0.9789444
0.9990349
0.9974885
0.9949267
0.51557004
0.9985763
0.03921104
0.9686498
0.98624784
0.9955277
0.9911885
0.99458826
0.9939078
0.9617129
0.00863779
0.96976423
0.80839044
0.012532298
0.99627894
0.97903305
0.9970841
0.9937975
0.9948802
0.99402314
0.99576664
0.999448
0.9798907
0.99690837
0.62254786
0.99658245
0.51363426
0.02323238
0.006730438
0.942785
0.99425983
0.99960464
0.9989085
0.9771473
0.99555725
0.98105913
0.9333289
0.99059594
0.9970855
0.99859995
0.9966922
0.007110321
0.9963995
0.5640589
0.0075706574
0.99391633
0.9972203
0.023503045
0.22713615
0.99908006
0.99594915
0.9909479
0.9959875
0.8721523
0.08678335
0.011441227
0.99845326
0.99550015
0.99668413
0.98223466
0.9981426
0.32567245
0.98120326
0.9980862
0.13886507
0.058200296
0.0104313
0.9902289
0.015236919
0.009384891
0.99512947
0.3749642
0.63120747
0.8621415
0.99776626
0.99623007
0.99339163
0.98601484
0.99979764
0.9966912
0.99095106
0.98977715
0.9984787
0.9972909
0.99800414
0.013847685
0.99577266
0.041793548
0.98253167
0.029379744
0.99558014
0.99701905
0.6470534
0.36331758
0.9932238
0.025539871
0.9673893
0.98804873
0.9910262
0.99969864
0.99715376
0.1872748
0.99578875
0.99855155
0.018213442
0.92975837
0.9199083
0.9888548
0.9699762
0.0053365724
0.81211275
0.9712468
0.98342067
0.9954652
0.94828117
0.99445575
0.9981559
0.8926391
0.99728274
0.75579107
0.03806241
0.9950977
0.08363045
0.98498267
0.06452221
0.9938461
0.99906546
0.8371449
0.99652773
0.9827901
0.9891105
0.99837095
0.99828583
0.99746895
0.008633038
0.034215074
0.9964425
0.9974038
0.21468186
0.9985033
0.997162
0.9992607
0.9400351
0.987432
0.90356576
0.12257726
0.017728666
0.9967393
0.9871121
0.99465644
0.060349226
0.80291826
0.9988803
0.99492353
0.9950369
0.037300486
0.9977011
0.99358565
0.8536046
0.995109
0.9890794
0.014278235
0.7106882
0.999158
0.99469334
0.9822397
0.99231064
0.18966916
0.9995259
0.9959777
0.99894565
0.9916713
0.03356415
0.99929106
0.9780507
0.99779725
0.8107818
0.9895782
0.6619784
0.99877113
0.9720784
0.9984945
0.9551827
0.6333045
0.9967354
0.3211372
0.9989047
0.93380713
0.98990625
0.9986871
0.9490763
0.8704563
0.99919444
0.9954484
0.98827934
0.99841595
0.9943456
0.99659026
0.665621
0.028630706
0.9988876
0.9945715
0.97900724
0.999762
0.9972395
0.997618
0.9938646
0.99424756
0.9598069
0.99646986
0.9935247
0.9955978
0.026993496
0.5342534
0.9542619
0.9943093
0.087579615
0.0882956
0.9987413
0.91714346
0.9972595
0.9948913
0.99654835
0.83694905
0.9934335
0.97747964
0.99709713
0.023393953
0.9998903
0.99718314
0.99302626
0.99785006
0.99717987
0.8694106
0.9994697
0.9991429
0.9913667
0.054542694
0.9969176
0.9941058
0.9991197
0.99552864
0.9710241
0.99769765
0.9914573
0.9948061
0.9098145
0.9763688
0.99486697
0.9966067
0.9922862
0.9929236
0.9230263
0.9973839
0.97699475
0.99675035
0.98994946
0.7274068
0.70180535
0.99666685
0.9990502
0.99206245
0.9634756
0.0035295964
0.99038917
0.9989417
0.8985895
0.99804425
0.9975266
0.9946786
0.054936744
0.9610225
0.9909567
0.99831796
0.382333
0.0025451717
0.99789584
0.9991627
0.9416298
0.993768
0.99686396
0.99476874
0.045425203
0.89507425
0.8161261
0.9030296
0.9939215
0.99953675
0.99430287
0.9984806
0.9993507
0.99801034
0.99330175
0.12037151
0.99983203
0.8587411
0.92292386
0.9910473
0.99715817
0.9880377
0.9954482
0.99958307
0.92784584
0.99724054
0.997718
0.014362152
0.854342
0.99506605
0.99904436
0.99605054
0.99456936
0.9885146
0.9976393
0.9766432
0.15882312
0.9924104
0.9964651
0.9992005
0.032441463
0.88844484
0.9558948
0.79241335
0.9983741
0.996061
0.15639202
0.9730257
0.44584587
0.9890927
0.6117993
0.72519153
0.99764484
0.9956578
0.998887
0.16869119
0.00786861
0.98275363
0.9894853
0.0200054
0.9958949
0.9977865
0.9789811
0.9295068
0.99318564
0.98847675
0.992991
0.9966875
0.99798954
0.9561847
0.9929749
0.9974051
0.9870821
0.9999362
0.98805887
0.9944469
0.039732344
0.9971444
0.91083133
0.006623586
0.9882733
0.9393295
0.97107434
0.9943341
0.67136824
0.99676216
0.9993494
0.9875613
0.96980965
0.9898107
0.9986045
0.7018675
0.07625886
0.4635142
0.9937395
0.9967135
0.021160098
0.98813
0.98973256
0.9994961
0.9995104
0.99786973
0.99424076
0.8357972
0.017612291
0.99886286
0.99672335
0.80318826
0.9966421
0.98902726
0.98478067
0.9892876
0.99525553
0.98559445
0.9992094
0.9568483
0.9933435
0.9972705
0.9975594
0.9672869
0.996276
0.9934095
0.8003975
0.9980211
0.9861498
0.98663586
0.051071264
0.016159747
0.98722214
0.005882948
0.99444145
0.81785566
0.99764687
0.9970753
0.99831295
0.99724954
0.99635506
0.9984713
0.9990681
0.7234225
0.98584586
0.18221167
0.997088
0.9960085
0.54046965
0.8296911
0.11071669
0.99890256
0.97623605
0.99615884
0.99403834
0.043483533
0.032244295
0.99644476
0.90333724
0.9983895
0.99962974
0.06527278
0.9997961
0.99378794
0.9856984
0.9966383
0.019698504
0.9461856
0.9882088
0.9944883
0.9997845
0.9975146
0.03679512
0.8119138
0.99970275
0.9930716
0.93590885
0.08321524
0.98068446
0.94571775
0.822274
0.99991536
0.99660206
0.9992723
0.994189
0.9906098
0.9984717
0.74489087
0.99644816
0.9907267
0.99300814
0.036537208
0.99784267
0.99691063
0.9605423
0.99370825
0.9987293
0.99612856
0.98785084
0.9951267
0.99180764
0.9827199
0.6277977
0.98413795
0.99824154
0.95995545
0.82611823
0.9987337
0.9985305
0.038653884
0.998613
0.7882087
0.97555643
0.98794496
0.99922657
0.99828583
0.88698053
0.13299887
0.02926797
0.99335665
0.997242
0.99554116
0.9624211
0.99839526
0.99832195
0.96394736
0.99950016
0.018698892
0.9990013
0.99155617
0.9980844
0.97889644
0.87397355
0.9705465
0.9231474
0.97588706
0.30185348
0.034065105
0.9972204
0.99942577
0.9996251
0.98936266
0.9998227
0.99643385
0.11456362
0.8404397
0.9972562
0.9973667
0.9975788
0.05355278
0.9888554
0.9255145
0.9442647
0.9980519
0.98674184
0.99221194
0.99821955
0.99686867
0.9987184
0.9924735
0.9987998
0.99732155
0.9979323
0.9524262
0.9975012
0.09930459
0.99535465
0.9912821
0.965415
0.9865225
0.9943423
0.99409974
0.9985259
0.996326
0.9869603
0.05266198
0.1410455
0.99686676
0.98396504
0.9993968
0.9992543
0.017075758
0.993004
0.9452436
0.99605656
0.9959186
0.9972773
0.9999448
0.99424344
0.57738864
0.019158017
0.9778267
0.9936978
0.44342315
0.9873378
0.9970716
0.013300676
0.9989178
0.985327
0.9947437
0.6183627
0.9926196
0.17434938
0.999665
0.39935395
0.99738544
0.98829436
0.9835262
0.99554056
0.992021
0.99667335
0.39734358
0.9998516
0.97064465
0.99879515
0.04730965
0.9962741
0.9909252
0.9988017
0.9776577
0.99863464
0.9921659
0.9899912
0.99965835
0.9305987
0.9789283
0.993002
0.9976186
0.022981705
0.9903847
0.99878925
0.7017288
0.9934111
0.99281925
0.9478903
0.78872097
0.91448104
0.9928912
0.998914
0.9628764
0.9948708
0.2562593
0.9968194
0.9973659
0.08936636
0.93244374
0.998066
0.99430686
0.9874113
0.99975544
0.99511683
0.9479379
0.99953485
0.99768496
0.8240612
0.996018
0.98361486
0.9956981
0.9924075
0.943043
0.9979728
0.36388224
0.99525476
0.023158567
0.99850804
0.9460922
0.9993343
0.9992322
0.12282675
0.24926107
0.9927659
0.990629
0.102074005
0.9881121
0.9997075
0.014599608
0.9946997
0.15322907
0.5495053
0.7286308
0.992983
0.9987017
0.97390944
0.98540664
0.95164263
0.08963459
0.020474927
0.996967
0.08398124
0.5506199
0.13849534
0.98490125
0.8232382
0.9980332
0.9771049
0.049170457
0.9977189
0.99842715
0.99343055
0.9979711
0.98607045
0.9886354
0.99216026
0.99981195
0.9981693
0.6521657
0.16760007
0.09549762
0.1794814
0.9994635
0.98208123
0.80592877
0.6428672
0.9793117
0.9884235
0.9976248
0.5315612
0.99826115
0.997086
0.9818141
0.99266
0.99255437
0.9892419
0.9826453
0.034942273
0.03164209
0.9979475
0.99098957
0.9885993
0.97158563
0.023440337
0.99639374
0.92280716
0.9990221
0.96371984
0.9841266
0.9963917
0.99393964
0.4855863
0.26704413
0.98999757
0.9971819
0.99657094
0.996736
0.95498407
0.97409433
0.011933657
0.98546565
0.72721624
0.9998029
0.98961824
0.017679384
0.73656684
0.9977997
0.99882406
0.7688529
0.2949838
0.9973883
0.9986084
0.9945258
0.05221716
0.0040409267
0.86437595
0.9880067
0.99582124
0.99169195
0.051034164
0.9999368
0.99978787
0.9770582
0.98205596
0.9952714
0.9830777
0.99099076
0.9866334
0.99579656
0.9186342
0.98346967
0.99556327
0.9960157
0.88925165
0.9798718
0.8557511
0.11425997
0.757344
0.9941784
0.99940944
0.9963888
0.98896176
0.99400157
0.98827773
0.90394676
0.75348955
0.029341243
0.9971372
0.99715364
0.9547276
0.99523336
0.047950666
0.98893446
0.4397715
0.016918847
0.99987376
0.995229
0.99584526
0.99927217
0.92214245
0.8063921
0.9985184
0.99991274
0.9306933
0.9926883
0.99253696
0.9953967
0.34655413
0.98793703
0.105233744
0.09641311
0.9984043
0.99454075
0.009229306
0.51470387
0.9919058
0.0076828217
0.9990146
0.22022578
0.9969921
0.0060945665
0.99659675
0.49124423
0.99931955
0.036305904
0.9908001
0.91925555
0.98110926
0.051951777
0.9936249
0.9979159
0.9937273
0.99403846
0.9941176
0.009973861
0.121629424
0.41046363
0.12289854
0.99760747
0.32500198
0.74585295
0.99895144
0.031064607
0.9522304
0.99756455
0.9494451
0.031363398
0.98448807
0.9982097
0.38187325
0.9756454
0.99869955
0.9977215
0.9883901
0.9985227
0.99989605
0.9977564
0.95961183
0.99871445
0.8534388
0.96913916
0.9980957
0.9982687
0.93419254
0.022407217
0.9980478
0.3375048
0.0029605913
0.018350512
0.9761789
0.23557219
0.2355055
0.9585656
0.99917895
0.9991561
0.9991391
0.0021839358
0.96064395
0.9962999
0.98979855
0.975053
0.97970486
0.014985813
0.8682378
0.029497622
0.24909048
0.9985532
0.9990158
0.9875661
0.9965822
0.9996358
0.06594718
0.9984211
0.9957645
0.07904421
0.98866755
0.82822293
0.99102575
0.99881124
0.9978759
0.014088349
0.9586367
0.9903955
0.9965677
0.99984086
0.98673624
0.98916924
0.94269615
0.021306802
0.9960407
0.014790631
0.9987531
0.8385782
0.99408495
0.9683192
0.9574458
0.3809019
0.9994754
0.02963747
0.9092036
0.98922265
0.99236053
0.9778607
0.9968094
0.60950947
0.99533725
0.99347633
0.9827324
0.025324745
0.99916553
0.291949
0.99877757
0.99863905
0.99821377
0.9938769
0.08819879
0.9958573
0.68346035
0.8110536
0.99795413
0.036267426
0.97782034
0.9304174
0.9067928
0.9976539
0.99700755
0.80218107
0.9918801
0.026849618
0.99859935
0.5713319
0.9484526
0.9947179
0.9898588
0.090790324
0.99203706
0.99849164
0.03241467
0.029489627
0.021047553
0.7423316
0.99937004
0.99805117
0.99984384
0.998271
0.62367815
0.0020403496
0.9894211
0.99801326
0.8741284
0.88323784
0.9911608
0.9970726
0.7930762
0.99938154
0.9893695
0.99652004
0.005989203
0.6672819
0.9974414
0.9942101
0.99790525
0.99765354
0.95981956
0.016278636
0.9977684
0.995001
0.99813443
0.8620076
0.9930462
0.9938117
0.1254752
0.99753076
0.026526116
0.9993006
0.9918305
0.9983688
0.88949454
0.99578094
0.72352135
0.026505899
0.999584
0.9569347
0.95843935
0.99485236
0.73163176
0.9546464
0.9709004
0.91274613
0.99614453
0.1327798
0.01615504
0.93832123
0.9426463
0.9959486
0.35791075
0.9978759
0.5402776
0.9476236
0.47164622
0.99174577
0.9989588
0.9987765
0.99707663
0.99086374
0.9984267
0.9994673
0.017025722
0.9732044
0.9998369
0.9951552
0.9897125
0.52601177
0.9798063
0.9904698
0.86152035
0.6998689
0.01916506
0.5707946
0.99827635
0.17457098
0.9292311
0.98849595
0.9978834
0.93353146
0.95008004
0.99833894
0.8864579
0.818104
0.9996271
0.9960515
0.0075569227
0.9995196
0.9681253
0.9852189
0.9999453
0.01707752
0.99686265
0.9965952
0.073367365
0.0575335
0.9811348
0.99855524
0.9866682
0.97785735
0.01116292
0.99962187
0.994472
0.99819547
0.008350498
0.997006
0.014398526
0.02612194
0.9900927
0.9964876
0.060381588
0.9935755
0.995031
0.9998247
0.009665843
0.054541074
0.9974254
0.999199
0.99390817
0.049048
0.031564776
0.9958758
0.97896564
0.99642915
0.97971857
0.99703145
0.9585368
0.059167106
0.9956541
0.6968749
0.9965497
0.99356174
0.9239017
0.7961801
0.99825567
0.9983883
0.9978259
0.9976482
0.99109834
0.99973804
0.99668366
0.9520471
0.9978636
0.095137745
0.9946518
0.93090487
0.9920614
0.010714405
0.9999014
0.99026793
0.67398375
0.997086
0.043010484
0.5515938
0.99942327
0.9893371
0.307772
0.9871251
0.9893845
0.9971271
0.082929865
0.9973539
0.99340856
0.9887573
0.94217205
0.007967522
0.9991935
0.9730076
0.9825653
0.9308658
0.99824476
0.9964619
0.97180444
0.99488926
0.99673766
0.9770437
0.99601495
0.99849844
0.5441854
0.99562126
0.99717295
0.85463923
0.99970764
0.99808216
0.9208898
0.93789136
0.7290084
0.9290662
0.9986331
0.021507936
0.99992454
0.99811244
0.99206173
0.98698074
0.15642197
0.9825531
0.19239253
0.98985505
0.8891834
0.94019616
0.1649345
0.9899366
0.9969117
0.98310626
0.017444676
0.011553133
0.7063459
0.97714454
0.99807173
0.98672336
0.99826616
0.07328505
0.8454004
0.9980882
0.9411305
0.60522616
0.99469537
0.9995111
0.9975551
0.96174043
0.7538592
0.99959713
0.9949313
0.9944019
0.574462
0.7257661
0.87310946
0.9969548
0.9975914
0.96433496
0.99773324
0.9998036
0.5849877
0.98715824
0.99722594
0.7318901
0.9992493
0.9250793
0.96413344
0.9983646
0.99637574
0.991172
0.993068
0.97515905
0.9829213
0.7684228
0.17400137
0.9996145
0.99826175
0.99621284
0.018578667
0.9984676
0.07087179
0.009892869
0.9916202
0.9659928
0.9978824
0.99036974
0.011636537
0.2150333
0.99607134
0.0054140356
0.9869272
0.9989981
0.9996277
0.9901024
0.9940055
0.07913934
0.99734735
0.9996099
0.9977361
0.995877
0.9955974
0.99556655
0.026499415
0.9978956
0.9959443
0.9989268
0.9977429
0.98216575
0.9964971
0.998569
0.9970291
0.98545015
0.5407082
0.9429282
0.9969523
0.99256223
0.9817145
0.99106055
0.99106944
0.11849321
0.99655485
0.9987539
0.9971602
0.0047299517
0.9284354
0.98014563
0.993453
0.98443896
0.9961391
0.5865422
0.9957249
0.8278445
0.9974462
0.0026782218
0.9996958
0.9997967
0.9717637
0.9890155
0.015641762
0.56222796
0.974858
0.9717001
0.97078115
0.994799
0.9986338
0.9864644
0.9956939
0.040826786
0.9967579
0.028238563
0.9923724
0.9690656
0.99790996
0.79402804
0.9969151
0.99688005
0.9791039
0.3519153
0.5713234
0.99884427
0.99826694
0.038071714
0.9991404
0.9984584
0.62362987
0.9746527
0.99453676
0.9982509
0.98426336
0.961031
0.9474709
0.018303761
0.99778455
0.9915017
0.9954717
0.9691402
0.9946002
0.01719512
0.067590296
0.9961128
0.99377394
0.99490875
0.808768
0.9995127
0.9906459
0.9944067
0.018437028
0.9926997
0.9569469
0.99614114
0.9980578
0.99772686
0.9978249
0.997072
0.99682945
0.9976787
0.541839
0.9800546
0.6978261
0.9933082
0.9891773
0.995182
0.9950228
0.99707115
0.61826104
0.99888414
0.9965192
0.0417101
0.021937381
0.99715143
0.9918691
0.9936667
0.998502
0.07227636
0.38163406
0.99633443
0.9988018
0.9971311
0.786497
0.004223825
0.99917394
0.0981236
0.016746242
0.9970311
0.99386156
0.9763217
0.995182
0.66344947
0.9877822
0.9994906
0.94993985
0.99620545
0.997056
0.9783741
0.9895158
0.99924576
0.026551541
0.99357647
0.90428275
0.9971207
0.99973565
0.042456884
0.115002245
0.11882762
0.98651564
0.9925835
0.99735665
0.79037166
0.029183319
0.99453956
0.9969849
0.9990736
0.9993747
0.9941551
0.99041146
0.19054139
0.9959461
0.9999194
0.9084673
0.25333083
0.79103464
0.9772284
0.99463403
0.9925666
0.97805554
0.9833324
0.941461
0.998904
0.9979132
0.95250696
0.9980019
0.10434051
0.98700047
0.00498668
0.96288234
0.99420136
0.9585911
0.7948627
0.9873231
0.99879956
0.995811
0.9919809
0.99831164
0.99363786
0.72153795
0.9943177
0.9966979
0.99041384
0.9973104
0.067026615
0.9960532
0.5895726
0.9925299
0.35630578
0.2865745
0.17336498
0.9986505
0.999335
0.049360774
0.98288846
0.3509959
0.9897099
0.7099104
0.99776554
0.9997837
0.9997421
0.9933687
0.99793845
0.99865663
0.92870367
0.9967662
0.8536755
0.8003686
0.9916053
0.99883074
0.036047745
0.07091856
0.85995895
0.9697269
0.99376583
0.97118324
0.7693203
0.98184663
0.9974637
0.9998362
0.9982078
0.8116521
0.93595195
0.12433789
0.014673738
0.9913361
0.9914568
0.99837446
0.99675506
0.99818915
0.9919154
0.011624751
0.9948836
0.9444626
0.9860261
0.009603319
0.9987503
0.032818727
0.99950767
0.9969126
0.8029753
0.86886746
0.9868095
0.9994837
0.99619365
0.9942188
0.9967895
0.059726167
0.99705267
0.2011977
0.99679023
0.9981071
0.27313942
0.6310385
0.9986155
0.99392164
0.9993782
0.0858998
0.9261146
0.99817836
0.15160249
0.99730265
0.9963941
0.99067605
0.9622015
0.05693132
0.996988
0.98079544
0.9904715
0.06816679
0.99394155
0.9948955
0.016132372
0.9990864
0.6033616
0.11373787
0.9932626
0.9069896
0.9659614
0.9982369
0.95187557
0.91111237
0.99385345
0.79919845
0.9885013
0.9042605
0.9896814
0.75662243
0.99791497
0.396738
0.9518914
0.9997651
0.99920803
0.9952968
0.9973705
0.99694794
0.023231573
0.9990306
0.74917483
0.7234444
0.009172131
0.99798286
0.010900435
0.998133
0.997951
0.99773216
0.99924916
0.99744475
0.9190195
0.01582933
0.998713
0.9919465
0.999268
0.99112153
0.99771285
0.9967308
0.9978638
0.9633561
0.7646539
0.48945943
0.018558873
0.9770323
0.884578
0.9940304
0.9964928
0.042221252
0.9987417
0.92642593
0.17621386
0.99717134
0.98710465
0.94605815
0.9926657
0.99142176
0.9881401
0.99912304
0.9979303
0.99824035
0.98529506
0.0031142875
0.7097762
0.97993577
0.40046847
0.99784267
0.9974954
0.03732902
0.9993331
0.044790693
0.99590486
0.63736856
0.95286673
0.99989545
0.99694437
0.99024767
0.91888183
0.02772383
0.99193114
0.9810445
0.043642044
0.7896476
0.9608102
0.995272
0.8412255
0.99766684
0.9943364
0.9950352
0.9945832
0.98843074
0.9965759
0.9986443
0.9836813
0.999481
0.99485767
0.012336995
0.022120286
0.02342464
0.02092962
0.99902284
0.03419029
0.9954959
0.99659
0.87679684
0.02275266
0.9972268
0.025286853
0.035146803
0.9879006
0.99818736
0.9951279
0.9949031
0.9998248
0.99875414
0.72690815
0.06322079
0.99487126
0.9989592
0.98278505
0.99677354
0.93329304
0.9816534
0.022183402
0.99852437
0.9207964
0.99461937
0.9179866
0.9995937
0.76401985
0.99815327
0.012887444
0.9965759
0.99851483
0.012406492
0.12074825
0.994333
0.9287882
0.99607664
0.99985206
0.99541086
0.9914997
0.99641657
0.99146056
0.99737823
0.98487407
0.75779206
0.99743026
0.99922097
0.011491508
0.9204404
0.020714885
0.9942107
0.117287576
0.9958509
0.765845
0.12725347
0.99914956
0.9479243
0.8472654
0.9946518
0.52264684
0.9833192
0.9960913
0.9912874
0.9800044
0.95568967
0.94095665
0.24032006
0.9963445
0.15264648
0.8837179
0.9783658
0.99748033
0.997086
0.075597934
0.9967759
0.99560165
0.9927867
0.9992046
0.99781334
0.9957865
0.9979007
0.98678243
0.99698335
0.99385923
0.99544525
0.9975345
0.99577975
0.020477457
0.9967007
0.9939229
0.9922299
0.98669124
0.9904606
0.99578387
0.99019074
0.99427867
0.9937443
0.97570544
0.99315673
0.99749786
0.99780744
0.97322065
0.9960913
0.03512836
0.99762017
0.912025
0.99873847
0.9946326
0.9152227
0.997695
0.035503466
0.99768233
0.0694786
0.9942941
0.9934109
0.77469045
0.014218508
0.9978331
0.9888149
0.9919859
0.7610962
0.9966282
0.9756471
0.99510163
0.9965958
0.98735493
0.8011679
0.97849727
0.9999504
0.9312212
0.9964167
0.9668884
0.66236484
0.46071842
0.27780515
0.9924355
0.95049167
0.09984021
0.0029275725
0.96798193
0.03736413
0.98090726
0.9979545
0.86745167
0.9977411
0.24468637
0.99317145
0.99424225
0.99790156
0.7493421
0.9219927
0.99535817
0.9768769
0.98915404
0.9922275
0.9994522
0.06381141
0.9824933
0.028877946
0.99658066
0.9991493
0.9986136
0.99359655
0.9951976
0.035957757
0.99794155
0.9860552
0.99767214
0.9053653
0.016978456
0.98885417
0.9977915
0.98285586
0.9975841
0.9992205
0.9964226
0.8196635
0.1844957
0.9963987
0.8395073
0.07330962
0.99832636
0.99846506
0.9503505
0.99777657
0.090257734
0.9610084
0.9130459
0.98256344
0.9981767
0.99756
0.9937331
0.9320933
0.84537816
0.554561
0.9978794
0.9998591
0.99524885
0.98991233
0.9904516
0.9469678
0.99515176
0.99967504
0.6880587
0.5773323
0.9977064
0.99872094
0.9968713
0.9994266
0.019013051
0.99084926
0.9992925
0.8411301
0.9952577
0.9971264
0.6205335
0.7881553
0.9886312
0.9902014
0.99981946
0.7713009
0.116705105
0.9996629
0.98865217
0.994651
0.34703082
0.99342006
0.9942964
0.99744
0.024151277
0.14790025
0.6646165
0.99340713
0.9998864
0.99711764
0.99373204
0.7743707
0.17514035
0.88598645
0.98656344
0.015879804
0.99545103
0.9167471
0.9986582
0.41271004
0.9995048
0.9614794
0.996624
0.8662839
0.9988199
0.9995466
0.9872801
0.85524976
0.9926926
0.99615854
0.99128485
0.9954354
0.994592
0.9960991
0.9969627
0.9949181
0.08354687
0.9757857
0.99861836
0.9906612
0.9980921
0.9956999
0.99571675
0.99198675
0.9957365
0.9763897
0.69792247
0.99791664
0.10797888
0.97543496
0.87772083
0.9901432
0.9853808
0.9943199
0.026181664
0.94519156
0.9944787
0.99342304
0.99331516
0.93658113
0.97935176
0.99349725
0.083618686
0.99650216
0.7339825
0.9995433
0.98415947
0.9942002
0.10702338
0.9279758
0.99656796
0.9845307
0.9983815
0.99691284
0.9998877
0.99746525
0.9976221
0.8559843
0.946585
0.99622345
0.55378395
0.04173496
0.9571539
0.99540615
0.9997123
0.99688184
0.9881534
0.9975624
0.9914113
0.2635345
0.99865556
0.012132177
0.04724527
0.0226166
0.676363
0.99792767
0.9911538
0.9965055
0.7531678
0.9290491
0.9769245
0.99757427
0.99885356
0.99611276
0.99931645
0.99631137
0.9923253
0.9854718
0.0142720165
0.989282
0.9350933
0.98528093
0.9870302
0.969098
0.9971214
0.992093
0.97799015
0.99593025
0.12383806
0.9961893
0.07947522
0.99911934
0.98306906
0.9965396
0.9997831
0.99993706
0.06385435
0.4318899
0.99497074
0.9983198
0.06487571
0.9950394
0.28554103
0.19104171
0.9913515
0.99705374
0.049118828
0.99590707
0.9983071
0.99830127
0.9915428
0.99713206
0.9996555
0.9953876
0.9563537
0.0055212523
0.9935363
0.17859009
0.808938
0.007315531
0.9758046
0.99797636
0.992421
0.4866585
0.91461486
0.99729496
0.9948953
0.99808997
0.015590517
0.98057723
0.9985378
0.99714786
0.12117374
0.7393103
0.069308266
0.99800223
0.9865993
0.94005185
0.97989386
0.9957273
0.010880655
0.076283425
0.973671
0.10367813
0.18336159
0.99915063
0.9887251
0.9958978
0.9976114
0.995695
0.9745944
0.9911589
0.99844605
0.17776611
0.12893336
0.9998765
0.98713183
0.98828644
0.11750831
0.0039295424
0.4864855
0.5499705
0.9965205
0.8135452
0.9998406
0.53127605
0.9813141
0.99748945
0.99819416
0.9973579
0.9963291
0.9957436
0.26186135
0.99339575
0.99354786
0.9589519
0.9924279
0.9944066
0.9974815
0.99011236
0.99986243
0.57717663
0.9995975
0.040417217
0.89334875
0.995436
0.66097957
0.66646314
0.66247267
0.99563855
0.99366343
0.99858946
0.8480025
0.007295564
0.7489926
0.97866493
0.99681795
0.9889682
0.9997769
0.9975822
0.9914829
0.9289894
0.839545
0.9997557
0.9957606
0.99192375
0.3409373
0.014064004
0.1986342
0.99993813
0.2227636
0.25877702
0.9988979
0.99881625
0.7683211
0.9988193
0.9908284
0.7084182
0.9944019
0.9666199
0.040154394
0.99400723
0.044364013
0.9969476
0.997159
0.015255189
0.92095685
0.9996362
0.8946777
0.08712525
0.86157274
0.027826713
0.99930036
0.9920814
0.96423686
0.99782926
0.9142734
0.9978759
0.9714793
0.99847203
0.99074215
0.99106383
0.9954982
0.9974636
0.99982834
0.9974184
0.9759291
0.99467117
0.99163556
0.9973707
0.9981407
0.81708795
0.41600966
0.98899263
0.99868757
0.99652666
0.9970284
0.9376384
0.98753834
0.9482114
0.9986926
0.024449678
0.9850773
0.95516515
0.79750437
0.97987133
0.018505333
0.98336834
0.99794847
0.9934362
0.9907871
0.9843003
0.9972247
0.94593805
0.99703085
0.99956745
0.9984303
0.019959392
0.9110004
0.9956032
0.9998652
0.9971414
0.9900748
0.9755908
0.9963212
0.9829081
0.77553016
0.9981248
0.99632496
0.03697928
0.9950198
0.9971015
0.04873408
0.0120054325
0.9978223
0.3807754
0.99748176
0.041787222
0.99572915
0.9798039
0.99960476
0.99412525
0.7202488
0.99207604
0.99669987
0.9987929
0.9052532
0.9989882
0.9024653
0.99776936
0.69494617
0.9944876
0.9861357
0.99813855
0.9618158
0.9194834
0.994499
0.9993518
0.9969505
0.9986461
0.10193925
0.0027270725
0.9981963
0.9921314
0.984814
0.10316578
0.93112403
0.99008006
0.9779809
0.92285186
0.9475184
0.9513989
0.120031804
0.92562604
0.9951185
0.9944317
0.9980617
0.9893154
0.051246747
0.9564995
0.9867178
0.98484147
0.9918006
0.99471223
0.9915604
0.9960849
0.6020254
0.027507875
0.9972524
0.06738156
0.9872498
0.9684531
0.9978204
0.96528006
0.9978928
0.97207314
0.021395719
0.99632275
0.9974963
0.9986344
0.9956482
0.9630335
0.989326
0.86990106
0.14294687
0.98729837
0.97572416
0.967475
0.2714356
0.56260705
0.99083483
0.12207842
0.9998165
0.9729217
0.16251601
0.0467327
0.022816133
0.9941677
0.9883581
0.98513967
0.9976094
0.276159
0.94674635
0.9996438
0.9634458
0.023130057
0.9334171
0.9885959
0.9979183
0.38623127
0.039299726
0.8896326
0.00666866
0.70840657
0.97683775
0.021426965
0.99550265
0.99688196
0.99718446
0.9993
0.010723876
0.996276
0.88192713
0.9968466
0.041185603
0.99206054
0.9665549
0.99985385
0.9999037
0.6533104
0.96033335
0.9885616
0.94657755
0.07886088
0.833616
0.49093267
0.97801733
0.6492711
0.9992217
0.99384564
0.9949603
0.9806486
0.98201984
0.9523522
0.9940428
0.9952034
0.9857971
0.036617562
0.6745666
0.047605176
0.07163495
0.02319564
0.99879897
0.1010533
0.5932547
0.99140745
0.018389886
0.9912691
0.9971873
0.9933617
0.094499126
0.98543787
0.99894816
0.99059415
0.4202727
0.9885675
0.9985538
0.99532783
0.99543554
0.9993788
0.99986756
0.0723076
0.99991083
0.9890225
0.99460703
0.11080649
0.99554694
0.9992347
0.6399583
0.98684
0.98996735
0.9961784
0.99703
0.9984255
0.9998406
0.96882445
0.99051625
0.99537563
0.98772764
0.30372033
0.97801745
0.9968058
0.99351186
0.9922389
0.98340696
0.99827087
0.9963983
0.95481455
0.918736
0.9934488
0.04744211
0.9926838
0.98946756
0.99294657
0.99881846
0.9739159
0.99682486
0.992359
0.99978584
0.925086
0.85125256
0.99833196
0.9746674
0.22161625
0.99770665
0.99797636
0.9560797
0.99841535
0.9945703
0.992388
0.9977635
0.99466914
0.9983551
0.93358546
0.0551785
0.9938426
0.995154
0.051418465
0.8846697
0.9983032
0.96444905
0.026299577
0.82996804
0.99744093
0.99490696
0.027382595
0.9981091
0.91175604
0.021808034
0.90230995
0.99208075
0.9894196
0.9240453
0.9975447
0.03207627
0.99287087
0.9920407
0.99635303
0.99242663
0.4122085
0.009394879
0.9986407
0.99506795
0.68878144
0.998372
0.8737538
0.99702954
0.98115885
0.99939597
0.94493675
0.9560043
0.9901737
0.9948744
0.9979219
0.98665315
0.9932835
0.9189177
0.9975968
0.9907415
0.12614244
0.9992355
0.04254405
0.4880363
0.67014956
0.9566205
0.71723086
0.99950945
0.999482
0.9918901
0.99688965
0.9714154
0.9967753
0.9983291
0.014873175
0.9963033
0.9914562
0.20975742
0.7944872
0.020776436
0.9885179
0.0397684
0.99693406
0.9915148
0.9698061
0.9991141
0.5757331
0.9892518
0.9290067
0.9976185
0.9975394
0.026740184
0.99284744
0.994709
0.8339697
0.9999491
0.9947916
0.6316547
0.91782814
0.96600515
0.9879951
0.99234384
0.9994054
0.9822041
0.99506456
0.9828697
0.9251961
0.97224945
0.98137456
0.99428284
0.9910171
0.9994217
0.9992305
0.991146
0.9894208
0.99760395
0.013062883
0.8231158
0.2302896
0.9825065
0.997482
0.04641059
0.99868625
0.102665745
0.9971199
0.9964324
0.99474096
0.9977791
0.99462587
0.9975635
0.99607277
0.082435586
0.97537154
0.98651
0.95549786
0.9967174
0.99380916
0.034903176
0.97724724
0.99869424
0.9688005
0.9982803
0.5897438
0.99638546
0.99958795
0.85476357
0.9955781
0.99757105
0.99447846
0.9950677
0.9936081
0.9943954
0.9924966
0.38187394
0.99341255
0.9974591
0.99107635
0.9980715
0.9385744
0.91971403
0.99606127
0.9927073
0.9988801
0.98506737
0.996804
0.9840741
0.9968137
0.13624273
0.99903417
0.99762577
0.70864564
0.99564713
0.9782517
0.9981706
0.0037147189
0.99891436
0.992664
0.99124557
0.97251666
0.04033345
0.97105646
0.9796484
0.9973768
0.9505054
0.99995244
0.9974546
0.96005267
0.9710878
0.9724582
0.51942265
0.55005217
0.99929965
0.90616864
0.99864095
0.9971727
0.012138212
0.994987
0.9966079
0.996626
0.9918168
0.9888326
0.9760241
0.9975407
0.997981
0.99051636
0.9959805
0.9973437
0.9956201
0.9496872
0.9926339
0.9921508
0.9944351
0.99538773
0.9777039
0.9919152
0.9905877
0.99973744
0.9946972
0.9957919
0.007778821
0.18388554
0.9400476
0.9959681
0.94385886
0.9983974
0.9968431
0.9739673
0.9983955
0.99730384
0.9921673
0.9677358
0.8778096
0.9858585
0.9913317
0.9929784
0.8139784
0.92614824
0.997678
0.88981706
0.99665666
0.96424085
0.042032886
0.99673826
0.5786225
0.9997744
0.99674314
0.98803407
0.09256184
0.9908991
0.99306494
0.9990779
0.9966581
0.97075
0.04055391
0.018075759
0.051066007
0.47797158
0.9932829
0.99900323
0.99375135
0.9336555
0.07350011
0.9934754
0.997214
0.9974819
0.99431205
0.8137471
0.9926388
0.029141063
0.99458545
0.99163556
0.5649049
0.9687489
0.9617517
0.8958767
0.99584514
0.966441
0.03018669
0.48894736
0.9821597
0.03350674
0.9953755
0.87207353
0.9940451
0.90435296
0.996117
0.99745625
0.45720434
0.8504575
0.04191395
0.9910904
0.9911089
0.83496267
0.9957652
0.9980234
0.9623054
0.9785575
0.9988888
0.9961796
0.9966091
0.99872345
0.24868327
0.54593533
0.9991234
0.0671627
0.99471915
0.99825615
0.9875216
0.4318651
0.03498099
0.9887135
0.9946867
0.5406119
0.99408203
0.9964838
0.6236245
0.9911684
0.10688968
0.8419282
0.06751246
0.9956915
0.98177105
0.9729682
0.9620038
0.8572376
0.9986755
0.012202274
0.92742443
0.9940375
0.99785537
0.9746592
0.98361593
0.9971545
0.9945857
0.17726766
0.90110546
0.99148893
0.04166815
0.5115509
0.9991879
0.99633956
0.996801
0.99506503
0.09363987
0.993468
0.9748481
0.9935788
0.99576914
0.5175296
0.9855296
0.995021
0.99970585
0.5080947
0.011167748
0.81481045
0.989416
0.99915946
0.96581686
0.9886381
0.9995241
0.9830148
0.7421575
0.9959661
0.9958961
0.7507683
0.98005396
0.0039009082
0.9890421
0.9911634
0.99646425
0.9961392
0.09523935
0.99908566
0.99802834
0.999902
0.023480192
0.943224
0.99738353
0.99904054
0.9999089
0.02000289
0.99808455
0.8143742
0.7912792
0.94142556
0.89448047
0.9681073
0.99691546
0.97607577
0.9439827
0.9986253
0.74698013
0.9903199
0.9988681
0.9945615
0.95144486
0.99886835
0.999311
0.11089778
0.03124368
0.9277697
0.9962835
0.97560275
0.4071869
0.9916114
0.996031
0.97766155
0.9939355
0.9946801
0.027355313
0.08434087
0.9895816
0.99713194
0.9976198
0.51769674
0.99938416
0.98301584
0.005089759
0.99964964
0.99343973
0.99577796
0.99875104
0.066412255
0.48162913
0.999676
0.9802389
0.006737011
0.9959941
0.9975579
0.99940217
0.9904924
0.9861567
0.9978817
0.99578613
0.9784293
0.58346444
0.9966407
0.20616184
0.93417954
0.98744303
0.98912746
0.1131555
0.047031116
0.9958605
0.513289
0.9991357
0.97168815
0.9922132
0.026112912
0.60239077
0.9993742
0.99617445
0.02390621
0.9946785
0.9726523
0.88043135
0.4076323
0.9909492
0.9931136
0.98810476
0.9884
0.997936
0.9943885
0.047500625
0.9914192
0.59072286
0.17800517
0.014370707
0.9992743
0.9968195
0.062040985
0.031847578
0.9984043
0.90896964
0.9980349
0.9729925
0.99170786
0.99053615
0.99948335
0.44441628
0.9959336
0.029487044
0.95725733
0.993233
0.99432653
0.9305206
0.7832657
0.9977228
0.97729504
0.17607856
0.11942717
0.9814294
0.786823
0.99637455
0.998054
0.99052507
0.8671304
0.018903174
0.9979842
0.6716697
0.7423347
0.99480695
0.99276924
0.9945649
0.995567
0.078717895
0.99629587
0.016042178
0.9999043
0.9998337
0.99824095
0.009917471
0.88203424
0.9981254
0.99860007
0.057946835
0.09081672
0.97862154
0.9876357
0.9947354
0.9954608
0.99588275
0.99410963
0.9920208
0.9709669
0.021329544
0.9995529
0.7482537
0.9904633
0.9068307
0.99937147
0.7792115
0.9992933
0.99387604
0.0082862945
0.9932521
0.95410496
0.9983248
0.9993868
0.994619
0.9985367
0.93229055
0.97641367
0.99626344
0.9428041
0.9961688
0.98010993
0.6613026
0.9990759
0.99617153
0.9625549
0.9951035
0.9899483
0.9057614
0.9946845
0.9961773
0.9538805
0.9457189
0.99709165
0.9972946
0.9953023
0.9933617
0.9928275
0.9815072
0.11856734
0.9919886
0.9908449
0.9486773
0.82491755
0.9996159
0.89589846
0.9936208
0.04439521
0.9726825
0.9985428
0.0067403815
0.99306434
0.9909446
0.6895234
0.9872673
0.9985116
0.997801
0.016248282
0.025889484
0.9996531
0.99511284
0.8633958
0.9932902
0.99601704
0.99988556
0.9950598
0.99921954
0.9904242
0.99056786
0.9915718
0.9996269
0.9968264
0.03698878
0.9827162
0.9972402
0.99936694
0.9926069
0.9681941
0.97612846
0.9936433
0.9935992
0.67421436
0.99971455
0.99968255
0.98407644
0.4997324
0.9973231
0.96324325
0.9973621
0.99862325
0.028916825
0.9980866
0.9997782
0.9992931
0.99942696
0.9986727
0.9967891
0.99711585
0.98777664
0.98444474
0.016230501
0.055817157
0.97891486
0.92624444
0.08385059
0.9888814
0.99640924
0.9948356
0.9997775
0.0071806572
0.98715436
0.89782
0.9913795
0.9934076
0.99246114
0.97940105
0.995849
0.7146968
0.9871221
0.5821008
0.9857991
0.9935436
0.9955936
0.99505615
0.99198145
0.0058674295
0.99785334
0.9908975
0.055276938
0.9959708
0.37661752
0.99176544
0.996786
0.99785846
0.9540955
0.9981421
0.9981949
0.97147524
0.9985247
0.090094596
0.9903334
0.99772674
0.018163865
0.96515644
0.9999305
0.90692526
0.95214134
0.99656916
0.9976284
0.9984303
0.98834676
0.9954326
0.9962663
0.9997423
0.9956169
0.9858333
0.9989189
0.93088686
0.99337655
0.034147434
0.9916556
0.99405503
0.9975635
0.96481943
0.9930727
0.9961456
0.9953471
0.8659412
0.9963921
0.9928659
0.49479908
0.01752877
0.009112479
0.047499686
0.99248874
0.035398085
0.17524612
0.9970145
0.99269426
0.71831036
0.999302
0.074952565
0.9908568
0.92673194
0.9169229
0.992841
0.123323984
0.99924976
0.85420454
0.9965065
0.9950599
0.9861434
0.9786966
0.7101854
0.9611068
0.98769426
0.6235785
0.9929276
0.99424595
0.94449425
0.9998585
0.9983633
0.07032762
0.99088925
0.1685192
0.9979044
0.119622044
0.9929965
0.03645544
0.011340277
0.99946696
0.92517906
0.022384312
0.883796
0.9969206
0.99830127
0.9769181
0.9892729
0.049242046
0.9977563
0.36671907
0.9611878
0.05374984
0.99919635
0.051527224
0.9871537
0.9978671
0.76220423
0.044608496
0.35816106
0.023873607
0.9976884
0.1869795
0.9909766
0.9937308
0.9966833
0.33735675
0.8877511
0.99555016
0.9978491
0.9991165
0.99783677
0.011901635
0.9941087
0.8726543
0.9920359
0.9895891
0.99456704
0.99730706
0.06444202
0.12185726
0.99795854
0.6516278
0.9569004
0.9733874
0.9902919
0.62871224
0.99275815
0.9960835
0.73446023
0.94225585
0.9969054
0.99544793
0.06426185
0.3154897
0.28241882
0.9861481
0.6359799
0.996739
0.9953242
0.011576631
0.99860674
0.9973941
0.87770957
0.8813468
0.99552625
0.9835286
0.9901438
0.85803735
0.99689144
0.966607
0.99757224
0.06504394
0.9844789
0.90754616
0.19059074
0.9822437
0.07553676
0.021757532
0.9985202
0.034075774
0.99795365
0.99092054
0.9961222
0.9975534
0.99993503
0.9916087
0.9955515
0.8879242
0.982734
0.99336666
0.27867588
0.0077866274
0.99779356
0.082532614
0.0106286565
0.9958067
0.99524176
0.99975723
0.99644524
0.97681195
0.99958795
0.013656052
0.19873717
0.99972934
0.07077616
0.99906737
0.30200818
0.0647772
0.9651481
0.051581558
0.99646074
0.9517734
0.9967859
0.4982106
0.9980557
0.99028075
0.9946226
0.9929096
0.994635
0.9975936
0.9992969
0.74519503
0.9983871
0.84497476
0.99802715
0.45749974
0.8916055
0.99775654
0.2260157
0.88808286
0.77428323
0.9976993
0.99240315
0.99553937
0.99462044
0.9979691
0.99140126
0.8673241
0.9344272
0.47725564
0.058813155
0.99644655
0.9985362
0.034916226
0.9971602
0.9849637
0.9997881
0.77228874
0.6509576
0.98744464
0.9843597
0.98004776
0.9968837
0.033807833
0.99824834
0.070833355
0.9938784
0.99673563
0.061706517
0.7753364
0.07187871
0.9934689
0.9956631
0.9999169
0.9979043
0.9895732
0.8931114
0.9818444
0.9938719
0.99249387
0.9976261
0.99865425
0.9987348
0.47257683
0.85863554
0.99755824
0.99674904
0.99796945
0.9986577
0.97166663
0.99523336
0.99861455
0.0039705685
0.9982516
0.025763849
0.9926011
0.6383282
0.99564844
0.9932647
0.9760969
0.872605
0.9921016
0.9937261
0.99820316
0.056312077
0.9110275
0.99810034
0.99048704
0.6307067
0.91905576
0.9828324
0.017664468
0.9776654
0.99809843
0.9957802
0.99852824
0.99854654
0.99551034
0.0440324
0.9466265
0.9742062
0.98446864
0.57958823
0.9968605
0.98116815
0.9949207
0.80147696
0.9953133
0.9863858
0.9990727
0.9998135
0.8786501
0.9977985
0.99456185
0.8100366
0.98235184
0.9962286
0.42436147
0.99892706
0.9987551
0.99741036
0.62304544
0.99890494
0.99710625
0.013182962
0.99850607
0.9995621
0.88696903
0.99643326
0.99576974
0.92417145
0.9964449
0.9998636
0.79155135
0.99153054
0.9982488
0.9990257
0.996588
0.98959535
0.99801886
0.073764965
0.9976497
0.99584585
0.99821836
0.9906811
0.009178959
0.99851996
0.99419516
0.9774965
0.6739744
0.9873624
0.9942965
0.99661875
0.9639595
0.98483604
0.91533536
0.9826748
0.99934167
0.9929289
0.992315
0.99608874
0.99447304
0.9884466
0.9911999
0.9903499
0.9984749
0.9993717
0.45773116
0.72045773
0.9845083
0.053338103
0.8110287
0.49357376
0.9991372
0.029173503
0.7782766
0.9964587
0.99808335
0.021973014
0.9998355
0.95417887
0.7903535
0.98276377
0.9985677
0.9990784
0.7883931
0.99100447
0.99043965
0.012488
0.9971047
0.7862353
0.9966241
0.9759413
0.15881975
0.18416871
0.99345255
0.9122816
0.9787522
0.99911386
0.027004585
0.99515045
0.9953328
0.9833329
0.9940439
0.9892162
0.99435896
0.97577465
0.99144566
0.030051116
0.9872945
0.9946937
0.95378375
0.9356411
0.4239149
0.99399066
0.9935429
0.017705772
0.9827817
0.98595077
0.9963737
0.04530541
0.998869
0.7869098
0.99353564
0.98467153
0.8341733
0.03773353
0.99985945
0.99727976
0.9958093
0.9935422
0.9509675
0.9999311
0.9966793
0.86339474
0.9460874
0.009514102
0.092956305
0.990772
0.6856807
0.9930146
0.9917979
0.98386973
0.9958901
0.96212775
0.9959188
0.9288382
0.96179074
0.27603877
0.07960553
0.99138206
0.027050339
0.9956726
0.9962967
0.99729973
0.77706385
0.99128306
0.3600479
0.12515725
0.99454135
0.9410852
0.9985777
0.99766576
0.9987079
0.1782358
0.9909061
0.99291795
0.99559903
0.9971034
0.99835914
0.044083077
0.9987411
0.8670283
0.9911165
0.29748547
0.9488564
0.9699256
0.98547155
0.99051756
0.9893287
0.9975829
0.9995098
0.99226135
0.9917762
0.99769753
0.16973904
0.9988707
0.011190455
0.9830205
0.40451562
0.99606365
0.99840504
0.011375718
0.9897243
0.9855458
0.9988175
0.98623544
0.22280036
0.9165064
0.9968635
0.99782735
0.082448654
0.01855307
0.99692094
0.98539543
0.99748284
0.9993032
0.9969195
0.99455714
0.9989287
0.94579846
0.03836346
0.95119375
0.8898628
0.7652707
0.12344004
0.9962192
0.99714154
0.95501065
0.99673516
0.9978144
0.82498723
0.98066723
0.9882339
0.9475987
0.9945374
0.99798393
0.97985965
0.9444883
0.007665385
0.98812205
0.9969181
0.045839854
0.99686795
0.99766064
0.9926271
0.9856424
0.70641744
0.98547584
0.9995871
0.9934663
0.9999169
0.9928619
0.82682425
0.9962519
0.9680834
0.7938198
0.93557566
0.005307506
0.93930227
0.98789513
0.9884433
0.9981896
0.990334
0.99448484
0.019242078
0.2371098
0.99818677
0.9796301
0.9617064
0.99716467
0.6380026
0.9917475
0.9069695
0.9963889
0.9976241
0.99671316
0.9952181
0.9982455
0.9767268
0.98780197
0.46463552
0.01482343
0.9945258
0.99160963
0.996736
0.99084234
0.9992798
0.9424479
0.99672157
0.9917787
0.9979832
0.99965334
0.9229174
0.99879223
0.99841106
0.99508274
0.0660759
0.94657004
0.57687503
0.98967606
0.9991629
0.9978975
0.99164563
0.98593533
0.013818537
0.98774487
0.9530609
0.9931206
0.999607
0.99384093
0.9974962
0.9987896
0.99099195
0.9990049
0.9997712
0.35286415
0.9985474
0.9752075
0.9722092
0.0039533526
0.24125716
0.0157002
0.9963786
0.9923246
0.039920717
0.9983005
0.98952746
0.98675925
0.9995185
0.992767
0.99134946
0.99675447
0.9911748
0.19074515
0.9953223
0.99341595
0.05373069
0.99888843
0.40887147
0.9830034
0.99438655
0.99295735
0.13183431
0.8108638
0.81221944
0.9959059
0.9951924
0.009633398
0.9918876
0.9978126
0.9944383
0.9996278
0.04985138
0.99687386
0.97541475
0.02724309
0.95974135
0.9977925
0.99613476
0.997505
0.08601914
0.99744034
0.99975544
0.9872323
0.997721
0.995344
0.91970783
0.99298817
0.9948585
0.97582316
0.98305833
0.15611885
0.99947494
0.9999217
0.99883014
0.9968798
0.996815
0.9982975
0.30309513
0.0831912
0.9675504
0.9604161
0.9960975
0.9756876
0.9967012
0.25076643
0.987879
0.031424675
0.99456716
0.091587044
0.9873033
0.99539584
0.99620986
0.014333028
0.20489152
0.9286161
0.99423957
0.11074477
0.99713385
0.9952917
0.9993394
0.9975303
0.92234844
0.99735177
0.6138938
0.9859547
0.99838316
0.9886642
0.99576366
0.6305022
0.08082397
0.46185145
0.9797316
0.9929173
0.9929813
0.97057545
0.9935104
0.9854763
0.97906756
0.98300123
0.99138695
0.96670324
0.9999007
0.99249375
0.95979816
0.98981714
0.9720267
0.21455146
0.37410682
0.99803084
0.9864482
0.9953517
0.9793378
0.29863393
0.9394787
0.18800333
0.9756496
0.98949546
0.88182646
0.99662125
0.99978894
0.99677473
0.9255181
0.9994367
0.9977963
0.80784136
0.9970515
0.99772567
0.98845834
0.79697603
0.99714893
0.9999348
0.9998872
0.050373178
0.9997075
0.020258637
0.99709725
0.9991009
0.006845774
0.99987197
0.998175
0.9411015
0.98717785
0.998743
0.974767
0.1285739
0.69191474
0.81265765
0.979894
0.086428575
0.9921719
0.11231433
0.9972831
0.99798596
0.99462885
0.9978192
0.99943846
0.9898391
0.31267795
0.9997565
0.015960919
0.99281436
0.87272817
0.99756336
0.9827026
0.0053667515
0.040636916
0.05060394
0.9731703
0.59587246
0.99869967
0.069039166
0.99693406
0.9324593
0.99701285
0.9987832
0.99685633
0.9935508
0.99139434
0.980587
0.9739716
0.07442843
0.99799466
0.99789184
0.9943561
0.9981598
0.8672061
0.99837387
0.98890764
0.98693514
0.6682456
0.98374605
0.9941409
0.6662305
0.12941341
0.99839705
0.7687356
0.925662
0.9973507
0.998257
0.9974929
0.5522879
0.9971712
0.9999201
0.23541197
0.93986857
0.9966444
0.9975591
0.9914089
0.8542454
0.9955297
0.9893472
0.9183812
0.9962804
0.8594851
0.9980545
0.9945825
0.02712972
0.4486778
0.9957937
0.98219806
0.025758639
0.99657464
0.06956691
0.99534106
0.9835541
0.19908111
0.99155915
0.948382
0.9972385
0.9912258
0.97026294
0.30044463
0.9961687
0.61606956
0.99607146
0.9998528
0.95906675
0.99705076
0.9859903
0.9867895
0.9934557
0.9979377
0.41548735
0.9960567
0.9968857
0.9987318
0.9940346
0.9985922
0.9897142
0.95111305
0.9985298
0.6426514
0.80969673
0.9849127
0.7367788
0.990831
0.9987583
0.99745816
0.99854326
0.5382165
0.9697611
0.95766205
0.7427165
0.9960569
0.62390697
0.90959424
0.9741838
0.9996867
0.97437614
0.036105428
0.9709184
0.017577913
0.9320077
0.9808169
0.99936765
0.99333125
0.9977323
0.9976987
0.99775994
0.88942844
0.99487466
0.8194655
0.9835474
0.99751794
0.9980592
0.097267464
0.9945655
0.9846298
0.9749839
0.99988234
0.0068622245
0.9786904
0.9921894
0.9909512
0.9938338
0.12500131
0.6911006
0.9981858
0.8846197
0.9903599
0.025010824
0.99553776
0.9948999
0.92838144
0.054168317
0.9966714
0.65812385
0.113215804
0.99928397
0.99288356
0.99374914
0.99961036
0.99193007
0.9945734
0.9989779
0.9431605
0.99622405
0.9983078
0.99462235
0.0864881
0.24090558
0.010434185
0.998776
0.822567
0.96255964
0.9988663
0.9877907
0.9816472
0.99013644
0.994447
0.11823337
0.558057
0.99989486
0.9826438
0.05578252
0.9980836
0.4644552
0.75856155
0.9963503
0.9865984
0.98672175
0.99741733
0.07722529
0.99900585
0.9924043
0.9950529
0.99634284
0.06425633
0.9987839
0.99901867
0.007900232
0.9974546
0.70531607
0.9915223
0.010278872
0.995355
0.99710923
0.99512523
0.9933739
0.99144846
0.9966009
0.47820288
0.67773086
0.18469845
0.0059822947
0.09628317
0.12292277
0.0052339607
0.673387
0.99961615
0.99984014
0.9867426
0.9973242
0.30168438
0.98580235
0.011898871
0.9992198
0.99574417
0.18451366
0.016001923
0.9947514
0.9971439
0.9752457
0.99776363
0.9981908
0.99654895
0.99611866
0.03889821
0.520169
0.10746833
0.69746625
0.9994068
0.9973042
0.92018753
0.99830097
0.49526826
0.24796069
0.98963004
0.9823461
0.99936074
0.011591793
0.9971431
0.96522063
0.8499612
0.9972958
0.9872327
0.9826032
0.9773817
0.99279976
0.008415241
0.9996393
0.9967186
0.89063644
0.9996395
0.99525636
0.9710235
0.9935675
0.98346406
0.9331998
0.4682051
0.99602926
0.99871874
0.6395369
0.9934981
0.013992464
0.92841005
0.99135876
0.9994848
0.98479515
0.99484813
0.8921274
0.14241987
0.82163537
0.9977912
0.99803287
0.99847716
0.6601182
0.93214107
0.023699587
0.9983164
0.9994079
0.9336389
0.9704223
0.9567326
0.99899775
0.9982911
0.99882597
0.99050057
0.96980715
0.99385625
0.9966978
0.45478424
0.993489
0.063150585
0.99545825
0.4314097
0.9901316
0.99209857
0.08036092
0.04446939
0.9959488
0.98558456
0.5448042
0.98221725
0.069931075
0.996543
0.999879
0.9967931
0.06912371
0.98204386
0.9761421
0.98577106
0.99755824
0.98715836
0.99520075
0.9802492
0.48884228
0.9643314
0.9848681
0.9990988
0.029564237
0.96733165
0.9880973
0.9945181
0.9878463
0.99629956
0.832546
0.8315621
0.9918936
0.992454
0.4474733
0.9997551
0.996256
0.964644
0.9979411
0.89879084
0.9930593
0.6544742
0.947115
0.99752635
0.99967456
0.9449392
0.99264824
0.10321303
0.9468921
0.073456414
0.9946131
0.9852653
0.99605334
0.99391526
0.9939744
0.09336978
0.9988852
0.9978315
0.9996057
0.99745315
0.70393157
0.86894804
0.99388844
0.99934226
0.997521
0.9643542
0.9692932
0.08646288
0.9963516
0.998847
0.023319613
0.98697597
0.09360396
0.9735169
0.9997968
0.9931393
0.99460137
0.34981915
0.9906826
0.9988337
0.99741143
0.010131181
0.9954998
0.9908954
0.036376204
0.9884992
0.8492885
0.35493356
0.9865414
0.13315259
0.89622927
0.029585302
0.9995883
0.9740797
0.14887747
0.99878114
0.99466914
0.4282874
0.9350932
0.9984968
0.99636924
0.99802303
0.99738044
0.5830554
0.99265313
0.9977568
0.8589549
0.9996363
0.9883095
0.9944535
0.106738776
0.993761
0.99663997
0.9895559
0.99817324
0.09581098
0.68009484
0.95735294
0.9719787
0.9988147
0.9998399
0.956083
0.95304537
0.9978834
0.7464488
0.9966929
0.99286133
0.99880147
0.9850573
0.9976573
0.966009
0.6264431
0.056593128
0.025739541
0.9802885
0.9809817
0.019148959
0.06917123
0.99687
0.41656774
0.99752456
0.9023065
0.995082
0.98698217
0.15822892
0.973756
0.99925953
0.9914076
0.98357314
0.9334866
0.8286609
0.9991141
0.94844383
0.9935561
0.99966884
0.7062458
0.018779699
0.9998043
0.99751306
0.72072864
0.998609
0.99952877
0.9982174
0.9977641
0.9885782
0.9990853
0.62817067
0.0132036405
0.98949194
0.9896653
0.9311463
0.9967804
0.9927301
0.35216364
0.9916646
0.99193573
0.9997607
0.026850117
0.025668811
0.10371285
0.11569631
0.9936733
0.9998122
0.99738103
0.99657565
0.9823529
0.99319273
0.99905044
0.9959663
0.99890614
0.97871304
0.9941695
0.97555053
0.99753594
0.9976044
0.93525094
0.9697603
0.96871275
0.9977106
0.9948842
0.99816775
0.9985115
0.99793893
0.6630751
0.04097455
0.99398744
0.99415827
0.020674609
0.019057754
0.9647083
0.890394
0.97068226
0.03362629
0.9947595
0.051917594
0.99076754
0.99954396
0.003255368
0.9885848
0.99974746
0.9634885
0.99730575
0.9995516
0.9922874
0.031147512
0.99814916
0.99660397
0.9998323
0.9967359
0.99537814
0.93751454
0.9570883
0.9993585
0.99842393
0.9895555
0.99500436
0.99696106
0.9982495
0.9870467
0.9907726
0.9494015
0.920938
0.998611
0.998071
0.3439894
0.9958592
0.9916128
0.04278516
0.9951951
0.9979851
0.009872381
0.9992674
0.9960705
0.018140359
0.949421
0.99839467
0.9934614
0.9981857
0.9861351
0.95340204
0.99756193
0.009251605
0.9053498
0.20881887
0.99929595
0.99777335
0.9933083
0.9971
0.99316436
0.7857157
0.9591556
0.9986786
0.9972867
0.43591723
0.9857749
0.961152
0.15585694
0.9891066
0.9958332
0.071455374
0.84180915
0.99424183
0.9950682
0.9986694
0.9806537
0.9994103
0.053925447
0.9962167
0.9959617
0.015411081
0.99840933
0.99880326
0.9889714
0.88122463
0.9672358
0.99300075
0.9793951
0.03297861
0.8798708
0.0097209085
0.99987125
0.93633723
0.9912725
0.99357706
0.99234796
0.03381486
0.9623133
0.9946694
0.10374938
0.032945838
0.99921083
0.9975618
0.99805707
0.008013343
0.9799588
0.7640772
0.9999286
0.2428016
0.997551
0.9992963
0.022867283
0.9963433
0.99354774
0.9996563
0.12569231
0.9985721
0.99740535
0.85564643
0.51410353
0.14901675
0.9994906
0.99045724
0.9991436
0.59814763
0.97611904
0.9892636
0.9918988
0.94038534
0.99835926
0.9994925
0.0067007397
0.99607086
0.64734095
0.99790883
0.99779546
0.9851173
0.999106
0.98380107
0.99994516
0.98819333
0.46147737
0.5525289
0.9977385
0.7317895
0.80578333
0.019101076
0.9782245
0.9992818
0.80382663
0.21912104
0.9968612
0.99542975
0.0114012025
0.9990694
0.8577485
0.9985274
0.9927239
0.9813758
0.96058345
0.9921321
0.999297
0.9965228
0.9936499
0.9891805
0.9356077
0.9571893
0.5266102
0.9863506
0.8204098
0.9900614
0.65674996
0.19575645
0.99044925
0.22515684
0.8739523
0.989495
0.028359283
0.9057779
0.84596217
0.98412687
0.9922156
0.98672384
0.99205375
0.009582488
0.9944149
0.93342
0.9930447
0.96719074
0.9962192
0.9906775
0.9927792
0.99025154
0.9847801
0.9994766
0.22155787
0.9985468
0.99895275
0.89634615
0.0736349
0.96673745
0.9997069
0.9999311
0.9776703
0.9970823
0.9959216
0.98341376
0.6419255
0.9788169
0.9989017
0.9984097
0.993525
0.9979697
0.99375653
0.80395
0.99625325
0.0033948421
0.99977773
0.018554872
0.99511814
0.99204975
0.39733642
0.992939
0.8702766
0.9951101
0.99409986
0.9941995
0.8199796
0.993883
0.99235886
0.038634676
0.9769419
0.99674475
0.9984871
0.99965334
0.90966195
0.9971041
0.9995455
0.99559116
0.14786509
0.99137455
0.9863993
0.9594172
0.50738937
0.9995283
0.7486911
0.9995876
0.99162674
0.9960706
0.007930957
0.98199683
0.9965461
0.7989854
0.1504712
0.98476774
0.9966428
0.99767715
0.99545825
0.9951037
0.024750063
0.98059684
0.98701316
0.99259126
0.9930554
0.9871553
0.99970263
0.99704176
0.85550946
0.062745646
0.91466343
0.99484825
0.9941309
0.99050015
0.9923759
0.8193051
0.99978274
0.06402845
0.9955224
0.13401216
0.9738153
0.99846053
0.997825
0.6639602
0.99412185
0.99160695
0.9919024
0.99792707
0.9657411
0.95773375
0.21271262
0.9951525
0.99115103
0.99400985
0.9936724
0.9976674
0.99618834
0.99788946
0.98600185
0.997156
0.99743795
0.84475374
0.052503202
0.15270367
0.048043087
0.9901849
0.99135685
0.19365183
0.9815294
0.9196185
0.8160957
0.99199194
0.938223
0.035667643
0.935516
0.99973065
0.9998658
0.99805766
0.05924757
0.993163
0.9529605
0.92847663
0.9938134
0.9987909
0.98236334
0.9962807
0.99744725
0.9970499
0.9445566
0.9980768
0.9980185
0.8520412
0.99392796
0.99755824
0.9954301
0.99829715
0.73601794
0.97832
0.9988298
0.91677034
0.032306075
0.026363712
0.99687696
0.98334587
0.042702924
0.9970987
0.9979517
0.9961318
0.9982578
0.98191017
0.9991228
0.99746037
0.99772257
0.9997619
0.069710426
0.99605346
0.97522765
0.7975882
0.9772865
0.027324753
0.005479454
0.99618834
0.09947613
0.9955947
0.9980869
0.9966923
0.9991646
0.9986755
0.99813914
0.9744622
0.99305737
0.99491274
0.07650514
0.9985915
0.018351587
0.9775359
0.098926134
0.9986664
0.9868881
0.99631846
0.96849424
0.4123729
0.9608342
0.09568267
0.99856466
0.9971769
0.9952199
0.98801595
0.8314094
0.01398638
0.97482556
0.99711335
0.030311124
0.8453281
0.99755305
0.97328025
0.99635637
0.99517375
0.99781644
0.9968616
0.99082994
0.08323667
0.8952429
0.99721104
0.9919328
0.9952141
0.88340247
0.9954259
0.9979966
0.99813205
0.9830756
0.996705
0.77393705
0.993554
0.03655837
0.4344287
0.079418205
0.9880741
0.996485
0.93867826
0.9750964
0.85041946
0.9916146
0.95469975
0.9916807
0.41216776
0.9964191
0.7675549
0.99813443
0.9934784
0.98437333
0.9732506
0.052431118
0.9978333
0.9994974
0.99405247
0.9839316
0.997031
0.9902084
0.011425871
0.99721575
0.94289935
0.07012785
0.7770945
0.031227099
0.9916625
0.99853516
0.83034444
0.9902355
0.02314369
0.3220449
0.9946061
0.83881855
0.9976053
0.99912363
0.9977608
0.9823762
0.011147251
0.9795673
0.048824005
0.9730478
0.997233
0.007381185
0.9899997
0.9847936
0.99966013
0.97704816
0.09757814
0.070251964
0.99489886
0.030655935
0.974858
0.99370277
0.31868204
0.9238893
0.98506075
0.97657305
0.9888545
0.91698426
0.18016654
0.9925013
0.9937004
0.9993917
0.9976047
0.9628347
0.9975062
0.9975992
0.998889
0.9922294
0.6682212
0.12426395
0.9919978
0.9583052
0.99588495
0.98369265
0.9967866
0.06591586
0.9880482
0.016961982
0.37664223
0.14344193
0.972568
0.94303083
0.03887034
0.9994529
0.14455624
0.9833202
0.9996623
0.06293759
0.99723405
0.04249902
0.99463934
0.9966395
0.9911641
0.99044526
0.99712014
0.92898387
0.98908305
0.9957237
0.997769
0.99552226
0.030856181
0.9877528
0.9997731
0.9914972
0.9817058
0.9981719
0.9432714
0.9953583
0.9975005
0.9972596
0.99327713
0.94400257
0.99171025
0.98024005
0.97752804
0.9984823
0.9839357
0.92203623
0.99980456
0.99976784
0.99930954
0.995774
0.91566557
0.99718624
0.018587647
0.99365485
0.13076285
0.99597615
0.9987186
0.5251838
0.9897351
0.96061236
0.9923861
0.9970209
0.9951874
0.99466383
0.99880886
0.9815278
0.9995086
0.9962541
0.9943399
0.9969222
0.9986308
0.9983033
0.88246834
0.99833727
0.99697256
0.9992418
0.9541022
0.9975788
0.9227586
0.9977137
0.99428976
0.99792224
0.9859226
0.9848045
0.99843603
0.99918765
0.9954455
0.9908303
0.99906105
0.032276593
0.99486536
0.99440914
0.05270463
0.99448293
0.9996817
0.5503241
0.9994261
0.9867763
0.99965477
0.9963464
0.9938904
0.9694054
0.03491932
0.9956624
0.9504236
0.98946756
0.014259598
0.99450326
0.9948448
0.9921697
0.9970066
0.046214715
0.98952407
0.9963068
0.9910027
0.96718395
0.98701686
0.27656096
0.0204163
0.9976534
0.9875021
0.99905485
0.9987155
0.9989999
0.99773645
0.99864024
0.99571675
0.9874548
0.9992385
0.9959
0.9981097
0.9973354
0.0053136894
0.99030566
0.99778676
0.9664119
0.9962213
0.92250896
0.013312045
0.4972056
0.043087978
0.035427894
0.99770653
0.9875087
0.0145451175
0.99960095
0.040448073
0.9992724
0.99192226
0.021791594
0.99646807
0.993749
0.64524895
0.9833161
0.99625
0.9958365
0.9876237
0.9997831
0.5091781
0.94439685
0.99955314
0.89111423
0.99800915
0.98732007
0.9969844
0.97992706
0.050392978
0.98836446
0.96551603
0.7532836
0.99141043
0.9881071
0.8042803
0.011893507
0.9968561
0.9849866
0.99716127
0.99782616
0.058970477
0.028006332
0.8628456
0.9769058
0.99771345
0.78728336
0.99817026
0.53668416
0.9329748
0.99215925
0.99565166
0.6767961
0.9401854
0.99625236
0.8045823
0.9987128
0.03578239
0.99716896
0.99689305
0.9923619
0.996287
0.9823903
0.9923804
0.43679538
0.9994142
0.98802525
0.9995351
0.7686736
0.99192226
0.9874796
0.99507326
0.9946607
0.99631655
0.006997533
0.9981706
0.98868084
0.1671959
0.9986318
0.99851257
0.9998926
0.9987005
0.99815613
0.9950376
0.6421532
0.9933785
0.9992536
0.9984642
0.999863
0.995089
0.9907222
0.9979487
0.9996582
0.965803
0.9944291
0.9965346
0.9970674
0.9532987
0.92078525
0.9780823
0.98631024
0.3592634
0.0041488493
0.9883003
0.9756058
0.99867874
0.95662355
0.9922461
0.9938414
0.9812806
0.028228717
0.9893674
0.996454
0.9973398
0.07444519
0.29055285
0.20776944
0.99078596
0.043714505
0.05538718
0.9755332
0.999694
0.9951632
0.16276823
0.9860756
0.99541146
0.9974111
0.13745445
0.9930743
0.95635015
0.81808656
0.0092755295
0.1780843
0.99710256
0.9132198
0.993353
0.046510085
0.33146495
0.9970822
0.99387395
0.98795205
0.99976224
0.99654984
0.023165418
0.9976484
0.99714607
0.99703753
0.9961056
0.5627151
0.9966719
0.8969912
0.9983633
0.9915758
0.98873425
0.99784374
0.99400866
0.9922925
0.9958528
0.8527192
0.9968059
0.9961469
0.9956255
0.9909506
0.99516785
0.9997882
0.99831545
0.9970567
0.98693997
0.065970875
0.99921536
0.95574594
0.9722373
0.99845886
0.995946
0.99263436
0.9911561
0.9984079
0.9878297
0.8175723
0.9931452
0.33416638
0.9998456
0.9970657
0.99543434
0.98075724
0.9984409
0.97827715
0.99542266
0.9872093
0.7707845
0.038791463
0.30007082
0.9928844
0.9980439
0.999158
0.97154665
0.99846846
0.95616525
0.933768
0.9951212
0.99707735
0.065497294
0.99548006
0.9963471
0.9966348
0.99957234
0.99949753
0.99390763
0.9952997
0.99629945
0.9844201
0.019313734
0.9992617
0.9994079
0.52853787
0.99902093
0.19159485
0.9847862
0.68274987
0.98583347
0.923469
0.99830174
0.99492186
0.5328017
0.39499405
0.95022327
0.9793736
0.06473074
0.4370513
0.062611066
0.9956886
0.013097983
0.89849526
0.98617804
0.89182884
0.9990582
0.9954124
0.89393574
0.997747
0.9994942
0.9798406
0.9962703
0.99703515
0.9972391
0.9676908
0.9942654
0.813193
0.99980325
0.2951936
0.32099465
0.90433717
0.9950624
0.9763934
0.9985543
0.99356836
0.01397087
0.0152905155
0.9999547
0.9990694
0.9661872
0.9960438
0.062203214
0.9872339
0.9843375
0.9976064
0.9413598
0.8012408
0.998083
0.02383626
0.9966717
0.95871866
0.019166503
0.99382544
0.9895661
0.9981694
0.9976037
0.9982297
0.9912806
0.024610274
0.9990408
0.030045489
0.990419
0.04690109
0.9954898
0.7080483
0.98913306
0.99867874
0.9776318
0.59267724
0.9973151
0.36191276
0.98096883
0.36418316
0.9986382
0.89306056
0.99698466
0.90346533
0.22673379
0.7808948
0.998801
0.97969055
0.9994641
0.06561722
0.5058007
0.9955492
0.41288307
0.17080487
0.86988175
0.9682096
0.9992094
0.22915709
0.96689063
0.5206732
0.9985183
0.1390775
0.29333857
0.98137397
0.9247908
0.99183613
0.9979965
0.99409467
0.009202016
0.9658044
0.99479043
0.99784315
0.39255366
0.9958091
0.9978623
0.079065055
0.9840695
0.995719
0.99142015
0.6456655
0.9486576
0.9877006
0.9915422
0.99701834
0.9922362
0.9968046
0.9989563
0.99476695
0.17910935
0.15799749
0.9880459
0.99585295
0.9795807
0.30683804
0.8774612
0.62806123
0.9934296
0.9949536
0.60931784
0.89368373
0.98251766
0.9713722
0.9950618
0.99365556
0.023091022
0.95003784
0.99670744
0.9984602
0.9923861
0.99195135
0.9970783
0.99782556
0.8738939
0.089645624
0.99926144
0.033888344
0.0350127
0.9965215
0.15513228
0.98116916
0.9984187
0.017001519
0.24951944
0.591394
0.039108213
0.99224234
0.96119726
0.9951681
0.9954573
0.7177984
0.15579751
0.07464856
0.9014715
0.99575496
0.051842686
0.5392061
0.011871929
0.95176834
0.99277616
0.9756599
0.9925845
0.9976113
0.999954
0.7276278
0.9962774
0.9971777
0.021660501
0.9965061
0.9949398
0.99821717
0.006899076
0.9960639
0.9948448
0.9982772
0.9989448
0.9921427
0.9827491
0.999315
0.99914515
0.9969476
0.06348306
0.99735814
0.9830183
0.99536884
0.5774379
0.024340386
0.9967649
0.08668055
0.97844064
0.1432331
0.99463946
0.9712455
0.9948651
0.97291934
0.9961408
0.99446255
0.21551514
0.9948683
0.9960465
0.92394537
0.020460874
0.991895
0.9997547
0.9923333
0.6542131
0.9946213
0.09124062
0.29280707
0.99897987
0.9979315
0.9929274
0.07145682
0.96095425
0.6270122
0.9573298
0.9861421
0.9664057
0.88250554
0.9964908
0.9971289
0.9893685
0.99919015
0.99189866
0.8521849
0.9986827
0.9233814
0.9987178
0.96926695
0.9884918
0.9985208
0.99977773
0.9367557
0.991702
0.9969735
0.0060076094
0.9877165
0.9961112
0.7335999
0.9893177
0.9977592
0.030508587
0.99677306
0.56346583
0.9903736
0.43573874
0.9937908
0.99707544
0.9947121
0.9870322
0.99808574
0.74710536
0.9940904
0.9976152
0.9071134
0.03422103
0.98365515
0.80030805
0.99654514
0.9988951
0.9926999
0.92713344
0.99716127
0.9643592
0.99863964
0.9978643
0.95127624
0.9670514
0.964176
0.97659624
0.9982243
0.9990922
0.99949145
0.50464916
0.9965473
0.013094549
0.010206472
0.9934012
0.98419267
0.9999033
0.9983205
0.99974936
0.966551
0.02653774
0.98120385
0.9973259
0.018070647
0.9913276
0.93233573
0.9990426
0.3391108
0.085920416
0.58348674
0.40127462
0.9988079
0.9980804
0.9956756
0.40970898
0.06027179
0.767614
0.97355866
0.98915356
0.9970196
0.99872833
0.9905248
0.9969523
0.9496731
0.9981527
0.99526006
0.9506123
0.943794
0.97326577
0.9997377
0.9970078
0.9930821
0.62896883
0.98524034
0.9959816
0.9879923
0.9949372
0.9964948
0.9484853
0.9976017
0.9549879
0.9974796
0.9974342
0.9997328
0.9920218
0.9964916
0.999438
0.54279673
0.9919051
0.02019555
0.99647164
0.99745244
0.9993156
0.9970175
0.0038766798
0.63466287
0.9968766
0.99334705
0.904575
0.96332955
0.95145625
0.94440484
0.99651945
0.9899697
0.99798286
0.864691
0.99757797
0.96821433
0.99776554
0.48673087
0.9987741
0.9873912
0.99608696
0.048701067
0.98617095
0.9973394
0.07561908
0.9944561
0.9988477
0.9910813
0.71634644
0.9565141
0.99835855
0.9996294
0.94927603
0.13419297
0.7190308
0.9998896
0.9808157
0.99860364
0.99780625
0.9981185
0.7505623
0.9877501
0.9983187
0.91288185
0.99138147
0.99637455
0.99901736
0.99088913
0.6658675
0.99824476
0.9889804
0.6261824
0.8997247
0.8277634
0.98977333
0.8103735
0.0057598287
0.99788207
0.99763227
0.999042
0.9939545
0.99916255
0.9977204
0.8380474
0.9574353
0.9972748
0.15784955
0.9980862
0.9985329
0.997186
0.979257
0.9952165
0.9975515
0.99511343
0.4807893
0.99626654
0.9865828
0.9642041
0.05656405
0.9919383
0.79671663
0.968386
0.9939989
0.034343284
0.08298635
0.9917006
0.9990748
0.99973005
0.9616443
0.99710566
0.9974037
0.9914342
0.99065053
0.99657464
0.9996051
0.17934112
0.98882395
0.99235415
0.99591476
0.9996816
0.9094885
0.9995011
0.8824687
0.9936399
0.9981554
0.9965779
0.11084377
0.09560651
0.9888995
0.9970577
0.9902748
0.97548
0.90554816
0.9985715
0.84418607
0.9970783
0.017187256
0.83636415
0.041820776
0.003007687
0.97982144
0.2408614
0.99750346
0.16182272
0.102540575
0.991072
0.99796224
0.17068751
0.999775
0.99976975
0.11447466
0.9858397
0.9587524
0.98125654
0.97453725
0.9928839
0.9916162
0.06699303
0.09920211
0.99116737
0.9985461
0.9783279
0.12169537
0.9906172
0.91827476
0.9836128
0.99911135
0.02616047
0.999236
0.9378732
0.99550676
0.995349
0.99859494
0.9874326
0.9973349
0.99766845
0.9986482
0.99640155
0.9945353
0.47296768
0.99499327
0.9863701
0.9989938
0.9946116
0.99550325
0.982505
0.012619291
0.7243317
0.99929357
0.31052157
0.89192706
0.98449373
0.98785156
0.0293697
0.016791921
0.9973489
0.9997801
0.9587832
0.9999318
0.3618163
0.99119425
0.034237467
0.9988035
0.99925
0.98795414
0.99659616
0.9876292
0.99535155
0.99713445
0.9957677
0.8047707
0.98360187
0.03715343
0.9984983
0.9951138
0.61787546
0.978161
0.99778616
0.99684024
0.9929121
0.9722324
0.9978861
0.98748803
0.94860834
0.9973073
0.063372895
0.6797191
0.9864774
0.9841128
0.052950054
0.99157286
0.9973181
0.9651106
0.99579287
0.9917998
0.9970497
0.99880636
0.9867958
0.99540186
0.9998209
0.9989222
0.24501352
0.9982039
0.3110171
0.38284078
0.9964395
0.988791
0.9586836
0.9909225
0.9785283
0.9992538
0.8964946
0.99902976
0.011257684
0.9860241
0.99710053
0.41379088
0.9906116
0.03840326
0.10693887
0.26280752
0.9405933
0.9950355
0.9990244
0.99707067
0.99858046
0.93958706
0.09633972
0.98826015
0.9989021
0.9966131
0.983337
0.9995782
0.9970565
0.9942715
0.33758226
0.9732387
0.99913484
0.98890483
0.9977513
0.033037327
0.99860424
0.994865
0.16082379
0.9970611
0.9931947
0.9983486
0.99895966
0.9874276
0.99221605
0.9985807
0.064482555
0.997521
0.9977569
0.9988342
0.127947
0.9804993
0.9947796
0.99492186
0.99436766
0.99835855
0.9981681
0.9944265
0.99671614
0.9986565
0.0053336015
0.9977792
0.98208654
0.98545754
0.9985025
0.19347437
0.9974982
0.07567848
0.9943052
0.99947983
0.9972337
0.7596172
0.075434834
0.997692
0.99204683
0.9966569
0.99754435
0.99065197
0.9998479
0.9835845
0.98259246
0.99602616
0.995112
0.9133984
0.9962643
0.9934541
0.99307996
0.9996296
0.9989737
0.9858618
0.99409455
0.9971208
0.99002635
0.99208117
0.014202076
0.025272114
0.99913317
0.017734323
0.9935138
0.990551
0.9974941
0.10230961
0.99871504
0.99642676
0.85426396
0.99344975
0.98757637
0.99748
0.9309133
0.9953135
0.9993691
0.98952746
0.998095
0.29435205
0.99811304
0.54485315
0.046907987
0.9965429
0.039450623
0.99783117
0.9901597
0.98782545
0.6295095
0.9986167
0.99506515
0.9940462
0.86586124
0.8604108
0.9854054
0.92122525
0.9561781
0.9931861
0.96299314
0.97743064
0.9983612
0.9980469
0.9936411
0.8495655
0.9998766
0.99841535
0.99815804
0.9844431
0.1249178
0.0028992651
0.25484052
0.99801373
0.99451846
0.09566638
0.008238634
0.98040855
0.88872105
0.9867676
0.04511683
0.9894589
0.9992636
0.99867576
0.9997197
0.9916956
0.9970049
0.9959545
0.9913496
0.9860321
0.98949665
0.9698545
0.9982622
0.99856794
0.017498143
0.9910954
0.9906267
0.9952479
0.7260066
0.98921555
0.9983359
0.9978756
0.9978752
0.019226493
0.99888164
0.67031515
0.98753345
0.91602653
0.9706024
0.10397173
0.9922112
0.031983502
0.66001487
0.019825252
0.3524987
0.74416834
0.9756191
0.9929852
0.008803783
0.9959282
0.7915191
0.993662
0.9423908
0.9844557
0.9992582
0.17412543
0.9951178
0.6021683
0.96758705
0.99746823
0.997482
0.9983809
0.9997476
0.78250015
0.9971615
0.9891171
0.9676012
0.17626554
0.9818649
0.025824314
0.7978354
0.02269205
0.9909644
0.5800487
0.98292726
0.9815593
0.21297391
0.14401571
0.99910825
0.98164225
0.9931825
0.999884
0.69496083
0.9924319
0.004773396
0.9840709
0.99858665
0.98706484
0.95059055
0.9479642
0.9988152
0.99768376
0.997417
0.9947379
0.98825186
0.9779704
0.8162365
0.99853134
0.96390045
0.9984675
0.99103594
0.99663216
0.991383
0.9963168
0.99425477
0.992228
0.96788466
0.99797314
0.9954417
0.8927466
0.0991071
0.9892237
0.9983315
0.9962179
0.996684
0.9991178
0.99602133
0.9961068
0.086203314
0.99817777
0.998626
0.9935276
0.9952982
0.37417597
0.105078794
0.9558308
0.99862385
0.87711394
0.031639352
0.9341937
0.9971322
0.99727947
0.99443406
0.0032452988
0.10936238
0.9709001
0.99629515
0.7050774
0.9820097
0.7261584
0.96043384
0.02701622
0.62490284
0.96966416
0.032918405
0.9929212
0.9850584
0.99149394
0.99695253
0.9851968
0.99744105
0.99411523
0.98068
0.99600756
0.9984438
0.9942081
0.95193356
0.9332919
0.03316129
0.99210185
0.9990876
0.99912137
0.9983707
0.6982781
0.028418332
0.9706698
0.99961084
0.99586844
0.9974291
0.015642775
0.6912914
0.9973596
0.36217678
0.9680759
0.99839467
0.97142595
0.99792385
0.021986349
0.99209553
0.9977621
0.9930831
0.9997433
0.99191684
0.9985379
0.9887467
0.997823
0.9440619
0.9977247
0.99979264
0.018618472
0.008266573
0.055590034
0.9985505
0.99375904
0.9931109
0.99670154
0.56822026
0.009880928
0.022139
0.996908
0.39489713
0.98913455
0.9958494
0.9775209
0.06925579
0.9550615
0.99051297
0.99922466
0.99901986
0.08605291
0.09022542
0.99900323
0.9962083
0.9858209
0.996815
0.99506676
0.020426307
0.054803707
0.8577944
0.7636751
0.943926
0.982392
0.9208542
0.99906164
0.99806625
0.00883563
0.9991548
0.07264994
0.0227149
0.95930445
0.81301993
0.9780855
0.7175785
0.99955946
0.97253644
0.99025667
0.9630454
0.99829835
0.99972147
0.9975643
0.7585974
0.041410945
0.14523408
0.98982483
0.99726033
0.088460736
0.9948744
0.93530935
0.997552
0.9979056
0.9728708
0.9957911
0.99749136
0.9891046
0.5249286
0.9993555
0.99973696
0.9973116
0.99835
0.49944672
0.9895224
0.99858
0.0021371718
0.9779789
0.99682283
0.9983198
0.99753416
0.9985014
0.9583308
0.9924527
0.9914409
0.9968112
0.99941814
0.9341395
0.15863632
0.6767384
0.16029081
0.9952212
0.7163349
0.998095
0.07868043
0.99794644
0.033302773
0.8784647
0.99976355
0.99971646
0.9937358
0.98095506
0.99024326
0.9980545
0.99928004
0.9918172
0.6669414
0.9941455
0.55647457
0.99828184
0.99093103
0.99341017
0.9945905
0.95343095
0.48256233
0.98473585
0.99483347
0.9829202
0.9909161
0.99170434
0.029729651
0.9982803
0.9999324
0.2017536
0.9906159
0.9980552
0.01097334
0.14137827
0.9787635
0.9913709
0.9491732
0.043489106
0.9933108
0.79766494
0.9762597
0.99413484
0.99993336
0.9961366
0.88969284
0.9925634
0.11163125
0.994269
0.9698343
0.9999094
0.9241223
0.9956457
0.99816847
0.8273022
0.9975921
0.7627587
0.9571366
0.9979393
0.9965281
0.99883276
0.9811652
0.9972337
0.94901323
0.9707488
0.9997739
0.9989122
0.9845222
0.60277754
0.99470454
0.9930709
0.981844
0.9920407
0.15772527
0.035510316
0.8303758
0.9941263
0.015005759
0.9966355
0.9921449
0.92049986
0.9697953
0.9985446
0.99884075
0.9955787
0.8338652
0.011181642
0.66390306
0.99375844
0.98979163
0.86620426
0.99564713
0.99901867
0.99959475
0.999076
0.8411599
0.9889803
0.8724136
0.0054015615
0.99078256
0.99559456
0.99519914
0.99499184
0.930275
0.10747118
0.9983102
0.9991248
0.9503562
0.092796475
0.015432534
0.0080674235
0.122022465
0.9943756
0.97631425
0.18247257
0.99652475
0.57487816
0.98033625
0.99935216
0.9998894
0.99793434
0.99979395
0.16879433
0.9987412
0.9899888
0.019244475
0.9985757
0.99787724
0.80871
0.99514943
0.9959798
0.44415802
0.017983574
0.99516654
0.9984723
0.9996605
0.013550169
0.9945984
0.98753077
0.25116277
0.01040093
0.99277496
0.9090572
0.7675371
0.9984743
0.98884857
0.9806778
0.9973417
0.99232167
0.99536884
0.9970782
0.9309495
0.9992561
0.9582134
0.55308735
0.99521625
0.08210959
0.99505854
0.023593828
0.19136862
0.022273013
0.984744
0.9969409
0.87387705
0.9989373
0.99511826
0.99996686
0.008342955
0.9831266
0.035540238
0.99714774
0.009971456
0.9950133
0.0069068233
0.8598604
0.9983565
0.9615999
0.995538
0.9962381
0.0064054905
0.9667323
0.99435174
0.9790517
0.997352
0.98558235
0.99740726
0.07220498
0.99298793
0.9618717
0.34529582
0.9935322
0.024727112
0.976607
0.9892568
0.99786526
0.996049
0.99647504
0.044742156
0.03503147
0.92289686
0.99806005
0.9921341
0.9537858
0.11340616
0.99668616
0.97126734
0.095838435
0.9909723
0.9748318
0.9920968
0.06698763
0.012439622
0.9980083
0.9836489
0.9943184
0.9958311
0.9981084
0.8348509
0.98846495
0.027142368
0.96071625
0.9974476
0.98488325
0.97416466
0.26524773
0.99803585
0.99751794
0.9928296
0.99456465
0.9968754
0.9992204
0.105049044
0.9982436
0.8944731
0.992864
0.9963995
0.99634296
0.99986637
0.9950648
0.9335975
0.99066496
0.07107683
0.9922386
0.6638406
0.9723265
0.9964078
0.0042808745
0.016841259
0.99509025
0.030867008
0.009551872
0.9983954
0.99645823
0.99691606
0.9977215
0.9783643
0.7708077
0.97933596
0.41990858
0.99657863
0.9737714
0.9926515
0.8107622
0.9425555
0.9707225
0.12609194
0.99793696
0.9943475
0.050617896
0.9946451
0.99571335
0.9943317
0.02087686
0.65014046
0.94061786
0.99992263
0.010678771
0.996225
0.032833815
0.9986234
0.42844948
0.9957461
0.99486464
0.009518323
0.99765116
0.7402186
0.96175724
0.9997812
0.99670756
0.96973383
0.11454349
0.9286749
0.99905163
0.99933535
0.9578185
0.99682873
0.94372106
0.9900855
0.9952303
0.9939826
0.015360018
0.9995441
0.989258
0.98566544
0.99836797
0.9712161
0.9972651
0.9978332
0.99958426
0.9976342
0.99325836
0.989279
0.99409664
0.99612695
0.60310537
0.06833366
0.9978271
0.008472099
0.28075618
0.9977047
0.9971386
0.9873559
0.07202158
0.99139565
0.9978123
0.5636896
0.9072935
0.8833032
0.9914914
0.9948242
0.9642641
0.9045348
0.99812514
0.9838382
0.07053163
0.1768914
0.9926938
0.9970721
0.010018421
0.99619627
0.98289156
0.7095292
0.99847955
0.9972218
0.9833794
0.87130576
0.99819595
0.99732554
0.09537937
0.29698727
0.06875758
0.99413705
0.9703648
0.9994987
0.9993005
0.9973688
0.8639878
0.9886824
0.9982151
0.9969188
0.011921114
0.99836844
0.9965299
0.9168729
0.99680257
0.9831104
0.9988071
0.998733
0.8114004
0.99739623
0.99752873
0.05972431
0.9919911
0.84968036
0.025847057
0.9843983
0.99093854
0.99352336
0.9853107
0.9938745
0.9875315
0.99920195
0.99401546
0.97551507
0.989958
0.9230129
0.99973947
0.10028744
0.9926242
0.6891479
0.047937803
0.98440623
0.99989843
0.99755573
0.90985113
0.9914288
0.99212533
0.0021962842
0.98644966
0.9994223
0.9986389
0.96174693
0.99462765
0.9351594
0.057241406
0.18266891
0.96546334
0.29464796
0.996567
0.9929524
0.99813014
0.9954106
0.006801889
0.56335765
0.8372246
0.73242843
0.7927992
0.4826056
0.9995252
0.9990024
0.98586047
0.97427577
0.97836864
0.9778246
0.9998498
0.9590774
0.99755543
0.9976115
0.99701273
0.0038302469
0.16792396
0.8542134
0.95115644
0.99542916
0.99764156
0.97274435
0.6023856
0.9481713
0.98137164
0.9998387
0.98893577
0.6316021
0.96429914
0.021986656
0.9926259
0.25700468
0.9270156
0.9065159
0.99819297
0.9740835
0.9999008
0.99701667
0.04724775
0.90832704
0.9986846
0.99879706
0.020119062
0.9961189
0.99101603
0.7500279
0.9948939
0.885242
0.9978872
0.9997173
0.98904574
0.9394005
0.6078383
0.99559045
0.99732816
0.9994916
0.10224169
0.061493076
0.947874
0.9947513
0.9833771
0.99656075
0.99652594
0.99144113
0.9983602
0.8308552
0.99910563
0.97649014
0.9990528
0.99564725
0.024747202
0.9866571
0.99855405
0.99781585
0.9813436
0.99900144
0.9895921
0.9885433
0.94119865
0.9992367
0.015182232
0.9964741
0.96800685
0.9965119
0.99767894
0.99813133
0.044694614
0.9975299
0.011390212
0.5896169
0.8516046
0.9974093
0.9982249
0.98594934
0.990311
0.62147605
0.037139706
0.44129205
0.9919274
0.99765056
0.9950558
0.9721547
0.99747664
0.9987275
0.95513916
0.9864383
0.8907335
0.13205667
0.9840115
0.9999106
0.99652135
0.55492115
0.99538547
0.991812
0.17898434
0.99929094
0.9958145
0.9991893
0.99617946
0.99043274
0.992424
0.5893504
0.95762455
0.98615396
0.9861405
0.9981345
0.98866165
0.9983146
0.9993352
0.99674183
0.95059735
0.9943281
0.96340466
0.99053663
0.99808085
0.054742124
0.9985483
0.98719656
0.97370774
0.9566844
0.9983724
0.9654164
0.99026966
0.9220348
0.021091608
0.008348942
0.99572927
0.942091
0.9485433
0.96930146
0.048416305
0.0109561095
0.44617653
0.99572754
0.99910235
0.98402935
0.73837364
0.96999836
0.9996996
0.008182851
0.99710745
0.5178522
0.018910028
0.99469006
0.97585505
0.9977906
0.85988235
0.999908
0.060467474
0.9968863
0.8937422
0.99837744
0.9942644
0.9967525
0.8746553
0.9855651
0.99675614
0.99475795
0.9962644
0.9932894
0.9967039
0.92175174
0.99755245
0.998367
0.9961882
0.9978849
0.9976866
0.99714065
0.99488235
0.008670303
0.48219612
0.30946702
0.99416864
0.9979405
0.9947404
0.99185926
0.999676
0.99496764
0.9979746
0.9902901
0.99229187
0.01944549
0.99527955
0.07244273
0.98172015
0.99767894
0.99691236
0.32237458
0.9899995
0.92075133
0.9920477
0.026931109
0.9980348
0.99744284
0.520452
0.9753483
0.99707806
0.8251008
0.98889565
0.99137634
0.052112006
0.22745505
0.99927825
0.98455113
0.9951514
0.9840612
0.05460371
0.77125555
0.0091152955
0.98797834
0.9939452
0.99843425
0.9988702
0.99910396
0.99139774
0.9988167
0.9991916
0.99538773
0.9993925
0.9453769
0.9770134
0.9978684
0.99937916
0.013142269
0.9818034
0.4194793
0.9061234
0.9978537
0.9924787
0.9712375
0.9987478
0.046973243
0.9958092
0.95433486
0.98872685
0.99652314
0.97129685
0.99767023
0.99445677
0.121990874
0.9631883
0.9919246
0.9970592
0.99446845
0.9935787
0.37892184
0.99225897
0.99942774
0.91499937
0.9849134
0.99904686
0.022769902
0.9975431
0.9987746
0.9945939
0.9975556
0.9985808
0.14165743
0.9858337
0.90582395
0.9974341
0.18322754
0.98320204
0.9964606
0.9981647
0.6951195
0.9917691
0.9921394
0.98862576
0.99705553
0.9619928
0.9963104
0.9995474
0.9992305
0.9941194
0.99099874
0.99780315
0.993905
0.99443215
0.9969848
0.7098374
0.9788684
0.99967885
0.9772226
0.99144113
0.98988664
0.99737334
0.9943895
0.9719411
0.9987319
0.9900513
0.8438499
0.9984403
0.047933605
0.98898447
0.97874
0.99796605
0.9883582
0.3856192
0.024523167
0.016138973
0.94675744
0.80042887
0.99674845
0.993005
0.9908337
0.08165137
0.040219642
0.08067006
0.9950854
0.11998332
0.99195546
0.99886465
0.996906
0.99081576
0.99352795
0.99626005
0.013638587
0.9431301
0.23354085
0.9965425
0.0342376
0.9990621
0.06737181
0.3497632
0.9971091
0.794961
0.99981374
0.99859065
0.9942357
0.0100327
0.05352846
0.99667823
0.99837685
0.99648654
0.9908828
0.99685043
0.9941174
0.115859784
0.6279689
0.9987878
0.9998671
0.01950455
0.7456362
0.92303026
0.019733083
0.014888994
0.9919274
0.9918532
0.9705433
0.9777589
0.99752885
0.9696657
0.11254953
0.9899104
0.99244916
0.16986649
0.98857635
0.6372444
0.9965804
0.16239119
0.99085265
0.30060855
0.99986815
0.99951017
0.99735993
0.9688501
0.98886406
0.99267983
0.9882222
0.9928409
0.022208596
0.9966903
0.020460367
0.9927913
0.9844169
0.0902071
0.9939476
0.86409765
0.020179408
0.3867367
0.064518854
0.99072975
0.95276153
0.9915976
0.83883464
0.99667054
0.9984719
0.99238455
0.99589914
0.21729258
0.9950938
0.99717426
0.9984775
0.9986002
0.99822
0.98948354
0.99894994
0.024999024
0.9972972
0.9971915
0.99905604
0.07389012
0.9903833
0.9686771
0.99735
0.99801093
0.0039949086
0.9980564
0.995876
0.99916506
0.9987154
0.99231863
0.9930662
0.997654
0.9812806
0.99223715
0.9912776
0.9977155
0.840993
0.9989618
0.034597855
0.99137986
0.99964833
0.99838614
0.9986739
0.9917067
0.99901557
0.99872005
0.95513916
0.99317604
0.022028629
0.9936893
0.9992256
0.023319384
0.99573344
0.9886813
0.99967253
0.9984446
0.9907295
0.95382386
0.98072976
0.99742424
0.98987705
0.9914976
0.98983455
0.14644375
0.048376225
0.99412954
0.04075586
0.12314492
0.8989539
0.9958955
0.8402829
0.99884087
0.4071
0.13397977
0.71658486
0.9922585
0.9921875
0.99770963
0.99261284
0.8777889
0.05122329
0.95502824
0.9980641
0.04287302
0.9996025
0.99146783
0.9988519
0.96477324
0.99793255
0.9974464
0.594809
0.9920036
0.9987864
0.99887115
0.99977404
0.9914779
0.013925454
0.9969266
0.0072841314
0.3517894
0.67265725
0.993869
0.1072785
0.9949537
0.94841516
0.97832733
0.98900247
0.9881848
0.99422306
0.94298077
0.9964522
0.98504955
0.97882926
0.9979755
0.28844193
0.22383207
0.98107076
0.99591124
0.9641275
0.9994023
0.01992431
0.9657516
0.9957866
0.9997371
0.978512
0.038730204
0.9977921
0.9955836
0.9965754
0.09483399
0.9844939
0.9681042
0.9888782
0.70372516
0.8844964
0.9966108
0.9992798
0.9753373
0.95907366
0.62764984
0.9951794
0.9962218
0.87237847
0.99906474
0.99930394
0.9931792
0.9946555
0.99756
0.99992085
0.9960372
0.99913305
0.99626887
0.9862736
0.99994206
0.9326483
0.009892663
0.9555822
0.99724483
0.00665569
0.9979298
0.9126218
0.98932576
0.9967859
0.9894797
0.9995943
0.951133
0.7523357
0.9980757
0.96788245
0.97467196
0.9963785
0.027536264
0.015028112
0.9978981
0.441128
0.9905337
0.15608788
0.99142575
0.9178366
0.9971644
0.9472583
0.9909142
0.9961002
0.9887216
0.9985078
0.0135937
0.9946345
0.006801106
0.99846375
0.9982254
0.99699223
0.99754035
0.9955901
0.033833195
0.05711744
0.99915934
0.026931517
0.40894496
0.013644727
0.80563986
0.99712735
0.9899026
0.975602
0.9984659
0.11266121
0.99971336
0.08363762
0.0790602
0.062352374
0.99736744
0.9669467
0.99668056
0.98950666
0.9985863
0.98570156
0.08902713
0.6787305
0.99963343
0.98802304
0.99989176
0.99535614
0.017216843
0.9941876
0.9967734
0.9966737
0.9966562
0.00739167
0.99312615
0.9388535
0.9652583
0.9993024
0.9924637
0.9999293
0.99740064
0.09732978
0.9941156
0.99663603
0.9932648
0.967956
0.9853076
0.99829894
0.998168
0.9847543
0.98610836
0.99440336
0.997282
0.0143520385
0.8065715
0.9719776
0.95169866
0.82486784
0.9991628
0.9720097
0.9940363
0.98096037
0.99497664
0.9992335
0.9914904
0.99502784
0.9824356
0.0779025
0.9523108
0.9980551
0.997486
0.025115391
0.99610704
0.9970391
0.21234247
0.9902593
0.99483055
0.9901209
0.99738365
0.9987513
0.9992925
0.99717194
0.99504143
0.99437594
0.9836062
0.99112236
0.56370354
0.95152086
0.99904937
0.99826896
0.8731645
0.90619457
0.994159
0.99351245
0.39277422
0.56726223
0.99512297
0.8594943
0.9977381
0.9445921
0.9945476
0.97584665
0.99364036
0.04348963
0.99522734
0.99986064
0.9877666
0.011726107
0.8984543
0.008404993
0.9954775
0.99627656
0.99694616
0.9972439
0.97762054
0.98744035
0.984382
0.93821293
0.9769812
0.9926891
0.36860636
0.08579879
0.9994499
0.9980702
0.30845502
0.9991574
0.9362572
0.99534506
0.95483243
0.9903807
0.96214163
0.9978542
0.99312556
0.96828204
0.97475886
0.0064985533
0.9998672
0.99510914
0.9984963
0.99595827
0.9959686
0.9985405
0.07918692
0.9907907
0.5822067
0.023164388
0.0076219817
0.99600923
0.09945188
0.18855375
0.97488016
0.9891093
0.9996488
0.98455137
0.98823893
0.9908688
0.08079703
0.7538909
0.99402386
0.9401802
0.9978625
0.8719893
0.9960542
0.9990119
0.99742055
0.998779
0.8650824
0.00603247
0.9969163
0.99561393
0.9939785
0.9948777
0.9871464
0.98898774
0.9988005
0.97859734
0.9988462
0.9815243
0.99625
0.999607
0.9461193
0.9979692
0.9977215
0.9952983
0.87078446
0.9950919
0.99896884
0.99363303
0.9969242
0.47893623
0.9973615
0.9937324
0.9947038
0.9940832
0.98260975
0.9911839
0.9981482
0.4621729
0.9996866
0.9996569
0.99278754
0.85609037
0.9837839
0.0681769
0.029612778
0.9980458
0.8592049
0.9997992
0.99991083
0.99841666
0.0061300807
0.9916741
0.99660397
0.99528897
0.97758204
0.99929035
0.9977744
0.9970431
0.0144258365
0.9953681
0.9966884
0.99549294
0.02996703
0.97165143
0.9692793
0.3886349
0.9887306
0.98412275
0.7180052
0.9963852
0.99486464
0.9952832
0.9998466
0.99313617
0.9977118
0.9961385
0.9998877
0.034516595
0.5910804
0.9954976
0.9966293
0.9953284
0.99465704
0.99834347
0.9887726
0.995738
0.9879672
0.9970687
0.9962071
0.08107158
0.98713833
0.9597462
0.9977533
0.9912243
0.9963091
0.9134659
0.9884821
0.9929721
0.99777716
0.99874383
0.9983113
0.9986639
0.98607177
0.9976768
0.9987728
0.9891711
0.9273091
0.99019814
0.9888205
0.8888277
0.011363145
0.99816704
0.999385
0.006521369
0.93538725
0.95742714
0.9970956
0.9941141
0.86610216
0.8633523
0.9937058
0.006811718
0.99743724
0.032247547
0.20384306
0.053927068
0.90531343
0.9987437
0.6865522
0.9999597
0.024910228
0.9468546
0.99968755
0.97164357
0.97708386
0.9961624
0.015614431
0.99486756
0.9938099
0.8952112
0.9996537
0.99943167
0.04744036
0.99521154
0.8513762
0.99878496
0.9990029
0.6014259
0.9964019
0.9716422
0.09452677
0.9997882
0.9877439
0.99688905
0.11871926
0.010620341
0.99810696
0.27108425
0.012714757
0.0058194324
0.99079597
0.91872734
0.9973022
0.99231464
0.97610176
0.99485946
0.3208428
0.102347165
0.8627008
0.98985773
0.9983796
0.99460995
0.052143283
0.7930999
0.9837494
0.62941796
0.99935657
0.9983651
0.9806013
0.9990608
0.99916315
0.99899775
0.8521989
0.07943628
0.99113935
0.037594743
0.9937873
0.9896774
0.9914078
0.049842957
0.9944161
0.5730607
0.926165
0.97517145
0.91226614
0.9806835
0.9961696
0.9559823
0.92386234
0.9944359
0.99679786
0.99648535
0.9863891
0.014537574
0.99945766
0.9029891
0.9964824
0.96674156
0.8421883
0.38618448
0.9977708
0.9996455
0.99817216
0.06473849
0.8733052
0.06442623
0.1586454
0.9178843
0.98064303
0.39390844
0.99988115
0.99652976
0.123754345
0.99823964
0.9966878
0.9979665
0.39035547
0.40473437
0.775614
0.48923984
0.9973688
0.996491
0.9967437
0.9947556
0.05571256
0.018178876
0.99808794
0.5057618
0.039704166
0.9886413
0.23001428
0.99392724
0.99407935
0.9987255
0.6710384
0.99462104
0.03221353
0.99908304
0.9874027
0.99835145
0.9945825
0.99463475
0.875105
0.9931492
0.18480021
0.99050784
0.88707304
0.99516875
0.99545115
0.9935421
0.9958715
0.9917366
0.9958896
0.99206233
0.99620616
0.8324683
0.055142257
0.99818796
0.9978243
0.005793
0.9948791
0.07058179
0.99650025
0.99560505
0.9988949
0.959649
0.9941338
0.99329525
0.98325884
0.9943165
0.9964288
0.995861
0.9802793
0.9961712
0.9972486
0.9707465
0.9963685
0.9972939
0.31003904
0.940738
0.99964046
0.9975122
0.90569824
0.99097544
0.9769494
0.99925095
0.37593925
0.91961986
0.99683505
0.9648707
0.99775463
0.89639753
0.9944232
0.008549123
0.99732494
0.03205269
0.9978643
0.9977912
0.9927326
0.9972506
0.96613634
0.026121905
0.9953957
0.99764305
0.99726486
0.9993444
0.9854107
0.9728433
0.9980519
0.9966719
0.72507584
0.02493306
0.99313205
0.50200576
0.6723173
0.9985501
0.0585282
0.7665692
0.026751176
0.9967505
0.9225035
0.09746996
0.9974414
0.057138473
0.9976525
0.79101855
0.8912512
0.9498222
0.9824577
0.015379944
0.9991141
0.9992188
0.21890067
0.9791003
0.5592045
0.9993278
0.9985055
0.99391633
0.99834216
0.99090844
0.95056534
0.9981584
0.9954796
0.99235314
0.99362445
0.8079862
0.9977884
0.751592
0.9915746
0.9987413
0.31576294
0.9943447
0.009061103
0.99378395
0.99049664
0.99627715
0.9932312
0.99749976
0.99384755
0.9977598
0.9849777
0.99593854
0.99519014
0.94977605
0.65577936
0.99079156
0.9390737
0.99372524
0.96920264
0.9980159
0.9595855
0.998599
0.99866486
0.6104061
0.6791989
0.26641777
0.9918663
0.9896897
0.99400216
0.99694115
0.036731478
0.99613154
0.98999035
0.987398
0.7683551
0.62106514
0.9977362
0.06974187
0.99708027
0.99895155
0.9984779
0.99398005
0.9311166
0.9943151
0.98987234
0.9777669
0.29518998
0.05708193
0.09689972
0.99652064
0.98363054
0.043155286
0.9977465
0.9969408
0.99354374
0.99887854
0.9945398
0.9985475
0.9982736
0.9884277
0.9927416
0.16607153
0.016950196
0.9974921
0.997352
0.99618787
0.99843246
0.16222985
0.99706
0.058910087
0.9628083
0.9985808
0.0386057
0.9838741
0.99571395
0.995736
0.99228126
0.9214683
0.27828866
0.9747566
0.98780406
0.9944213
0.99707925
0.97310233
0.9897892
0.9966168
0.95351636
0.8047355
0.99497247
0.4311501
0.99563485
0.9993303
0.99912864
0.99866986
0.9964606
0.7815828
0.03553831
0.8670672
0.944989
0.9704863
0.99872667
0.9972898
0.99454004
0.9935401
0.9797609
0.9915114
0.25176808
0.945194
0.11554666
0.9978508
0.99851733
0.9955173
0.99417734
0.9945155
0.0022375581
0.99440926
0.99034905
0.99287224
0.57243556
0.22715998
0.9959623
0.988789
0.92789185
0.43007237
0.9991233
0.05183712
0.9971902
0.9978212
0.99464285
0.8675839
0.034028716
0.979075
0.07060771
0.9997004
0.99988544
0.9971041
0.9965431
0.9999018
0.9915917
0.9529477
0.9193746
0.99763703
0.98125994
0.99622583
0.99735826
0.9813897
0.99346185
0.99494666
0.9802965
0.9969062
0.9984195
0.96791494
0.9943507
0.8803439
0.0048087714
0.9013174
0.9977627
0.992664
0.9961293
0.98261684
0.996591
0.99839455
0.99644214
0.9960037
0.0066732094
0.9989273
0.99474216
0.9998481
0.99614406
0.9942135
0.9961004
0.99458826
0.11071634
0.012132605
0.9951449
0.99443996
0.99459547
0.9870467
0.035466637
0.9990306
0.9983157
0.9793721
0.9944425
0.99063444
0.01862546
0.844471
0.9977451
0.040857945
0.7400238
0.64505166
0.8980536
0.96756124
0.99471384
0.81922007
0.98383313
0.99516404
0.76434916
0.98718333
0.39677858
0.99395174
0.9773352
0.9991652
0.9975103
0.99465126
0.7428533
0.5292252
0.7393467
0.911673
0.98954856
0.9989058
0.94219214
0.8892646
0.9513701
0.99751854
0.064163856
0.9913619
0.9631906
0.9966588
0.99825007
0.9941035
0.982862
0.1965318
0.0149085475
0.9941725
0.9998859
0.9988181
0.03313067
0.97402984
0.380272
0.995344
0.44415224
0.9958259
0.99842095
0.21802954
0.99263763
0.9745377
0.99671483
0.9994838
0.99655616
0.99023694
0.9993598
0.5535771
0.9897165
0.865714
0.987992
0.39514756
0.9850618
0.009860633
0.99555296
0.9915912
0.99943393
0.9944759
0.9490939
0.9200322
0.9830791
0.15363401
0.9976804
0.9424403
0.30184048
0.9971148
0.99950945
0.99503255
0.9920678
0.9388119
0.99539185
0.89828014
0.9921278
0.99814236
0.99521965
0.9870198
0.99063396
0.99538165
0.027236748
0.98229206
0.9978538
0.99007356
0.9913244
0.991569
0.9954554
0.027173042
0.8943698
0.9980507
0.9980702
0.9732309
0.9982015
0.9979159
0.01738867
0.97578263
0.28910738
0.3674862
0.9972197
0.98744255
0.91939384
0.9952669
0.9980798
0.36052686
0.14342515
0.9979578
0.99597895
0.9625305
0.015987244
0.99804807
0.019043094
0.99279296
0.8993184
0.99867356
0.95102507
0.9980324
0.9884256
0.99382764
0.9965798
0.07874416
0.9926116
0.90921545
0.33498815
0.006509661
0.96436244
0.99750704
0.992863
0.9972928
0.021309571
0.005695561
0.9940527
0.03986617
0.99592954
0.9386684
0.99631655
0.9950925
0.9973699
0.916511
0.9963889
0.9955363
0.15624978
0.99996257
0.9980958
0.99390715
0.9908524
0.9958105
0.9944418
0.99043536
0.99825674
0.25898764
0.5078862
0.045916248
0.06052501
0.035064306
0.6281674
0.9315405
0.99015826
0.99870837
0.97108454
0.9834187
0.7820399
0.9757775
0.05119331
0.9995732
0.99014133
0.50220996
0.9988128
0.056556392
0.8977066
0.99793005
0.9710264
0.98433876
0.9986759
0.92523336
0.96227896
0.955755
0.983253
0.18963403
0.99680364
0.9937948
0.5205395
0.90524805
0.9991486
0.9868464
0.9998254
0.9999577
0.97726226
0.98958826
0.070727006
0.98954356
0.9960897
0.9892023
0.7781563
0.99391395
0.9656173
0.99750805
0.718427
0.99925643
0.99960905
0.04209239
0.9965946
0.9020573
0.042199187
0.99601763
0.9248776
0.9655396
0.01770116
0.77434415
0.7992024
0.99563944
0.9981311
0.9163696
0.24983028
0.010248341
0.9606817
0.9831728
0.99648476
0.9882058
0.9039946
0.8490395
0.044981956
0.99670666
0.9965834
0.048429146
0.99828607
0.9933589
0.99195355
0.9987012
0.08201724
0.9830215
0.0932249
0.9984603
0.017526636
0.9983418
0.9924211
0.9413521
0.46748364
0.9961725
0.9880703
0.034192283
0.92828757
0.31797603
0.013205679
0.017612828
0.9966343
0.9468349
0.04385965
0.99058646
0.99872226
0.9988237
0.7528221
0.9973183
0.9975805
0.121800765
0.7126327
0.99785656
0.94496626
0.9307349
0.9974468
0.99153453
0.9896291
0.9965054
0.9981079
0.9959739
0.9922387
0.87897605
0.9963567
0.99924433
0.8691924
0.9979862
0.99458283
0.995531
0.9957176
0.9849379
0.9965791
0.9915358
0.01727716
0.9914035
0.9998839
0.032498974
0.94780093
0.9937643
0.8003556
0.06756669
0.008086716
0.9988582
0.98668295
0.9930593
0.97104543
0.07005393
0.9990533
0.4865231
0.9903458
0.99598783
0.9677297
0.99148154
0.9848599
0.9949844
0.99196506
0.9691705
0.3825047
0.7231617
0.015140879
0.9980742
0.9948895
0.998128
0.9987379
0.99111253
0.99981886
0.99506503
0.9154773
0.9977083
0.11280974
0.9099731
0.54274637
0.9707602
0.051467024
0.9974855
0.9869522
0.72887206
0.015135277
0.9813075
0.9977494
0.99649745
0.063486345
0.9958852
0.89554083
0.9981336
0.9823944
0.9800007
0.99375474
0.9966215
0.9937442
0.9876835
0.9925795
0.12436811
0.9946897
0.9954135
0.9499158
0.9969699
0.9997774
0.98616624
0.81697834
0.19282737
0.99116313
0.90376395
0.8964028
0.9974318
0.98976237
0.9973315
0.99412847
0.9891361
0.025286783
0.999967
0.99814
0.057164695
0.998334
0.99733704
0.18971542
0.89252627
0.94625795
0.9832903
0.9949012
0.9972752
0.011440623
0.99818087
0.99192655
0.99773645
0.9923435
0.93243617
0.9924811
0.028132297
0.9998435
0.9968657
0.025927054
0.051950946
0.9881202
0.99989104
0.9994993
0.998904
0.9779726
0.99839586
0.9634717
0.9665395
0.048679564
0.095934115
0.995729
0.9966627
0.84227437
0.9987128
0.98644906
0.013916192
0.08859085
0.97122556
0.9719925
0.9933015
0.9944343
0.9998964
0.21463013
0.9856566
0.98764837
0.990995
0.99994135
0.1378746
0.9975871
0.99734193
0.956769
0.056643482
0.99835545
0.98351526
0.83993584
0.689351
0.98533523
0.99982065
0.9993593
0.9979255
0.996563
0.99644804
0.9998503
0.3904469
0.020013142
0.9911311
0.99635893
0.23833624
0.98253804
0.9911758
0.99379915
0.4981471
0.010530796
0.11804655
0.9845079
0.0070332084
0.0893252
0.9991105
0.9811932
0.9908174
0.9872437
0.9996226
0.9976695
0.9979463
0.99905246
0.9448826
0.99655885
0.992535
0.9969054
0.99443036
0.018308427
0.99478525
0.99828315
0.99849904
0.9887804
0.9962682
0.9999404
0.9946457
0.99667716
0.057322633
0.01865377
0.995145
0.9930414
0.998345
0.84048325
0.9980111
0.99424654
0.99659014
0.31226906
0.017307904
0.9965514
0.94106454
0.9855032
0.9927043
0.9906686
0.78674877
0.99385816
0.7921625
0.9984939
0.96981514
0.9968401
0.9952608
0.96214885
0.99650383
0.99975985
0.99789953
0.9995049
0.98748153
0.40925977
0.9933883
0.9946542
0.9224591
0.99444395
0.99826837
0.9971871
0.99131423
0.9847355
0.97180736
0.98692155
0.8881534
0.99728525
0.82900804
0.97225755
0.9996635
0.023664996
0.9918249
0.9976705
0.98993915
0.019576032
0.062274322
0.798967
0.9611945
0.994622
0.99463993
0.9741832
0.2811369
0.9896798
0.080299675
0.9978975
0.9892001
0.81002986
0.4256035
0.8593334
0.99986756
0.89593107
0.933567
0.022194238
0.96558464
0.7756301
0.985608
0.9942327
0.9809411
0.9932012
0.9997509
0.07162767
0.7588428
0.03902231
0.9952807
0.9649041
0.99887747
0.9874505
0.99795413
0.99244505
0.9899429
0.9535374
0.11480202
0.9021417
0.99464583
0.99755543
0.9910842
0.9929422
0.99885786
0.9849749
0.018632488
0.22299315
0.9964265
0.76478136
0.015676813
0.954726
0.566446
0.9979551
0.9814447
0.9998708
0.99403656
0.99227893
0.9990011
0.990384
0.99317306
0.0356672
0.99879175
0.9967353
0.004841066
0.9943798
0.04009097
0.04681221
0.99741226
0.99863714
0.9955172
0.6747845
0.99223197
0.99819463
0.99497616
0.6648599
0.054566093
0.9986124
0.8122281
0.9947984
0.990767
0.9349954
0.9967494
0.99929154
0.076342866
0.9949603
0.4143587
0.9968696
0.9919625
0.99490416
0.9980792
0.061045438
0.113601804
0.9832418
0.99636155
0.989994
0.99910945
0.99833655
0.9993443
0.99018365
0.9651074
0.99776495
0.50445366
0.9976503
0.99844676
0.85579705
0.9897425
0.6191352
0.9802306
0.009810998
0.991
0.9856226
0.9480107
0.989498
0.9988752
0.815157
0.9973053
0.99721104
0.30958825
0.9998785
0.38759562
0.9989754
0.9571611
0.99973065
0.9593637
0.05495605
0.9577824
0.99521327
0.02934721
0.96129
0.046572685
0.9983058
0.29114017
0.08270342
0.9933082
0.7464084
0.9939388
0.9061747
0.9920189
0.99714917
0.9966916
0.99357975
0.03008361
0.9819932
0.99962103
0.99973994
0.997253
0.997227
0.9742002
0.9998087
0.99560565
0.9834193
0.020207757
0.999356
0.99349314
0.9953054
0.9987165
0.061961636
0.93787825
0.9913258
0.99574643
0.035585858
0.03704886
0.91101223
0.99853206
0.9619938
0.9596001
0.015974075
0.700809
0.9944463
0.99652594
0.9964026
0.9951449
0.0042663724
0.9970446
0.04357576
0.120333
0.7591601
0.99707437
0.9969015
0.9751046
0.8435976
0.023908863
0.9984504
0.81217813
0.9690712
0.05403026
0.77973014
0.69886595
0.99734205
0.86211896
0.9894806
0.5724826
0.064130224
0.98953456
0.07826366
0.9871452
0.03251187
0.13196652
0.9912627
0.6060561
0.9617508
0.9944412
0.9952107
0.021405134
0.99882275
0.99660385
0.99797887
0.9977603
0.95675176
0.96981937
0.5377521
0.99235475
0.9972332
0.9964341
0.99895394
0.9232023
0.9906617
0.9906673
0.92643005
0.04849432
0.9979619
0.9996902
0.7129192
0.9881689
0.6884473
0.998298
0.9972805
0.9981798
0.99624556
0.98138624
0.7686593
0.9984189
0.9938473
0.991791
0.99599177
0.9978928
0.9889425
0.9974451
0.9915148
0.9944037
0.9905211
0.9938923
0.99930835
0.6894954
0.82795507
0.9204758
0.908709
0.99814093
0.9981548
0.03438687
0.9700683
0.661214
0.99995434
0.99053746
0.39028892
0.9951066
0.99280846
0.8620308
0.9847519
0.9942965
0.9985751
0.2172594
0.99296373
0.9893076
0.9975835
0.8764564
0.99798894
0.93835074
0.9989158
0.9868547
0.9084865
0.5150495
0.99612916
0.61822325
0.9980082
0.9906266
0.99894243
0.86494315
0.13063248
0.9604139
0.99790984
0.9949922
0.3801496
0.91100574
0.9987835
0.9948837
0.9932308
0.4590903
0.9977323
0.9906764
0.9962953
0.13046868
0.08301832
0.9770668
0.06836192
0.9963427
0.9940357
0.9963607
0.9952034
0.90229636
0.99544936
0.89340496
0.45802146
0.9956761
0.9743414
0.9902569
0.019875726
0.52218264
0.99704677
0.8238825
0.9901826
0.9896864
0.99616855
0.03199383
0.99795556
0.86811364
0.99804676
0.15201217
0.1163022
0.9890113
0.99982065
0.049948897
0.995125
0.9997017
0.9288743
0.9995945
0.96595395
0.8992363
0.23475386
0.7049533
0.058300104
0.18375069
0.99752337
0.9974643
0.99769056
0.97184384
0.9996352
0.9019832
0.90052736
0.011510411
0.9980921
0.9924648
0.062232364
0.9978442
0.9966524
0.47756326
0.99354726
0.055677228
0.6016962
0.9857297
0.9850808
0.97765154
0.28287405
0.46220917
0.027619043
0.9965323
0.5986292
0.038451813
0.023065448
0.99817896
0.9938299
0.977806
0.99241114
0.9987042
0.9963903
0.011194535
0.98894286
0.99991
0.9962274
0.9981187
0.05285807
0.9686896
0.99718636
0.9815415
0.7952437
0.9989563
0.994121
0.9997688
0.98050344
0.9980154
0.032842234
0.9869871
0.9995772
0.19374247
0.02561038
0.99153966
0.85372376
0.9967045
0.9957151
0.99812824
0.9937535
0.9803914
0.9928617
0.20842199
0.99236274
0.999819
0.8924414
0.04330831
0.9962656
0.9879995
0.990409
0.9963994
0.99742967
0.99797946
0.11671604
0.9969554
0.08576682
0.998735
0.96514666
0.9344802
0.95803696
0.9726449
0.99763787
0.9969388
0.9870827
0.98178226
0.92482454
0.9890781
0.040470585
0.99295133
0.99724704
0.9983758
0.9982161
0.16559726
0.9973024
0.9937948
0.9167693
0.99677
0.9999076
0.9051232
0.982453
0.9976253
0.9975465
0.9999368
0.99784636
0.9987741
0.99821186
0.9888653
0.9952885
0.054359462
0.99932134
0.98775244
0.0032838457
0.98183423
0.97475976
0.95745885
0.9491582
0.16429932
0.99507564
0.97490263
0.91856694
0.30907753
0.79626185
0.9973947
0.995893
0.9866588
0.99414814
0.037574425
0.9851425
0.22663456
0.9916614
0.9986297
0.98879075
0.9989961
0.9756673
0.999388
0.06265699
0.9976534
0.97186726
0.11877415
0.9870133
0.9777483
0.96762854
0.99812275
0.9996495
0.9967565
0.9890365
0.7459225
0.018698437
0.997035
0.97583526
0.7464726
0.060007688
0.99638015
0.003771312
0.9999058
0.9959479
0.99840987
0.017684568
0.013064617
0.9996424
0.28511587
0.9975547
0.9965994
0.99506503
0.98210067
0.969249
0.03977189
0.7166961
0.98386073
0.8856308
0.93205273
0.9998771
0.9509452
0.99464625
0.99826944
0.9976688
0.9936308
0.93180054
0.9965995
0.6025115
0.99802256
0.99991894
0.9984085
0.9981779
0.16784365
0.5953591
0.99635375
0.9884863
0.99975556
0.9919165
0.99734217
0.9868356
0.9900519
0.9950388
0.018906392
0.99119604
0.740071
0.993743
0.99884975
0.9993685
0.9975466
0.013900411
0.0059736157
0.66084117
0.9825936
0.9981299
0.09904524
0.9879125
0.99647695
0.991417
0.9837014
0.13106899
0.994555
0.32826635
0.9814098
0.99750924
0.011780939
0.9659939
0.98602897
0.9956916
0.48525012
0.99370545
0.48233142
0.99584585
0.9954249
0.9940163
0.910548
0.96857196
0.91708916
0.9819104
0.9987212
0.6260304
0.99973446
0.991521
0.9900068
0.12695882
0.9718309
0.9840726
0.99903154
0.61398244
0.98823583
0.99784553
0.98821276
0.9278323
0.97058576
0.91501355
0.9837945
0.94575214
0.99425924
0.9929807
0.9942676
0.9972926
0.99808866
0.90635127
0.039541386
0.98655266
0.8441576
0.997965
0.999283
0.9975304
0.9669393
0.99761826
0.41886404
0.909889
0.5142425
0.99776995
0.9964903
0.9989685
0.9960361
0.16644338
0.4325991
0.9945773
0.97964865
0.99754804
0.99840385
0.5106433
0.998209
0.06274584
0.9958437
0.9746606
0.8861966
0.004086779
0.9576373
0.99745923
0.9889292
0.9995962
0.73873156
0.9981957
0.98723894
0.9981686
0.9977355
0.85857356
0.98468256
0.9977059
0.98080826
0.9938328
0.11635855
0.9874506
0.9941759
0.98816854
0.9685478
0.9988444
0.08434896
0.996673
0.99651366
0.9932288
0.9965862
0.9980987
0.9948096
0.026048435
0.08280052
0.96512336
0.9965148
0.9983858
0.99469984
0.014331041
0.99103945
0.9714765
0.98435104
0.06139106
0.99672747
0.9625392
0.99738556
0.99346185
0.99888057
0.96315753
0.12350202
0.015727755
0.9961622
0.98559105
0.051616654
0.26773664
0.9973189
0.99821556
0.9792677
0.47781336
0.9970419
0.9961933
0.9979291
0.9956457
0.9996314
0.9887955
0.04869803
0.99915516
0.99286383
0.99105364
0.99928373
0.99594253
0.9959372
0.9618316
0.18772258
0.9947254
0.99721116
0.9886395
0.98516893
0.99883395
0.7662468
0.9778631
0.5522791
0.90202636
0.77400553
0.99641454
0.9992065
0.99259174
0.9946425
0.99991214
0.976995
0.99942064
0.9855203
0.99515873
0.99903935
0.9965429
0.9971419
0.9907844
0.9994973
0.99710065
0.8141442
0.9997495
0.99600166
0.9831498
0.99095964
0.9797968
0.98903006
0.9964993
0.93479156
0.99368083
0.9847477
0.99737716
0.99328554
0.99824274
0.89754623
0.9718546
0.20402072
0.99377835
0.99674666
0.99221283
0.9982712
0.99822885
0.98061866
0.9982444
0.8375634
0.97508174
0.9763555
0.99868006
0.9877082
0.99123645
0.989284
0.9968746
0.99131835
0.9966342
0.011955093
0.98743826
0.982249
0.9998473
0.9877659
0.07899847
0.993522
0.9998529
0.03284455
0.99140185
0.015249108
0.3213306
0.9969137
0.3425031
0.96965146
0.97909224
0.98299855
0.9951149
0.9961196
0.2900834
0.0354128
0.99568474
0.99553657
0.97179383
0.045992386
0.017964453
0.8886481
0.9955006
0.9913918
0.7087006
0.9916569
0.9961361
0.9934111
0.96956664
0.991085
0.5896464
0.17837597
0.99782616
0.34401655
0.9248258
0.9804411
0.97936136
0.9955136
0.99611664
0.985033
0.98970187
0.99382097
0.99964714
0.9858726
0.9978709
0.96362
0.8588654
0.009583456
0.992203
0.968876
0.99901044
0.99871325
0.9973584
0.9830403
0.9972892
0.9884384
0.9975247
0.99797004
0.9459121
0.8380926
0.99795926
0.08458097
0.6669541
0.9958429
0.99388266
0.8516517
0.016611302
0.9960288
0.996635
0.046940167
0.96775603
0.99980646
0.02697812
0.99744236
0.97102475
0.998776
0.9981477
0.025699237
0.9986077
0.9734297
0.0054483963
0.9920232
0.040249445
0.9964508
0.9985139
0.17213264
0.99157
0.99299264
0.76660484
0.9985481
0.9117457
0.99604696
0.97228765
0.9995129
0.9954087
0.036440216
0.71524864
0.99830306
0.99703705
0.98691005
0.99925894
0.9956547
0.99630296
0.99000615
0.9482712
0.9775343
0.99600595
0.9984699
0.93016917
0.9970374
0.997654
0.99489367
0.8655777
0.98623395
0.7963436
0.99488926
0.9984592
0.90719324
0.008323764
0.09498112
0.94985795
0.22842441
0.77821726
0.90867865
0.8270536
0.9930882
0.9977049
0.66755176
0.99431425
0.98763394
0.048933122
0.993274
0.07965316
0.995808
0.9879068
0.996132
0.050825067
0.9729274
0.9662864
0.99865997
0.99948263
0.99950564
0.98290503
0.9948487
0.9965534
0.99554527
0.9835736
0.9994037
0.1128746
0.9998228
0.9787618
0.8889102
0.99944144
0.9970047
0.9982224
0.99924016
0.113902286
0.9991264
0.99536467
0.9988267
0.85672086
0.42609322
0.9912232
0.049763247
0.03888174
0.9908365
0.84588647
0.9998355
0.9904371
0.99705315
0.98924214
0.9947266
0.9938851
0.8774073
0.12828253
0.036075395
0.13906308
0.9969313
0.98629886
0.9952035
0.9926997
0.84757143
0.05355309
0.99924785
0.9461675
0.991217
0.9977986
0.9866225
0.9998995
0.3419395
0.98433256
0.9004356
0.9915671
0.99686736
0.78653276
0.9862829
0.9826585
0.99986255
0.997886
0.86689365
0.06108692
0.99291044
0.9934408
0.9321784
0.98832536
0.95555174
0.9967437
0.024740385
0.9993394
0.9998714
0.9994012
0.89259094
0.9698193
0.005360585
0.9942643
0.9917173
0.99929464
0.9956045
0.037401665
0.51743054
0.9884621
0.98607177
0.971422
0.9986457
0.0015026496
0.9974446
0.98169047
0.99733585
0.9935948
0.971582
0.989553
0.9906578
0.061177645
0.9822432
0.9954436
0.07170538
0.996705
0.99529785
0.5934431
0.0054541742
0.9975107
0.008127307
0.95858294
0.5280377
0.99324507
0.9991597
0.99628395
0.97730106
0.9991351
0.9932728
0.9735284
0.84408236
0.93767256
0.9984469
0.9992434
0.99647236
0.96627754
0.97844964
0.6490885
0.9961061
0.98453104
0.73559344
0.98392475
0.9998468
0.9266122
0.9986135
0.9952615
0.9994043
0.99994016
0.7404335
0.98677117
0.14107755
0.9994442
0.02631927
0.9875937
0.98436975
0.065073244
0.9933408
0.9929282
0.72458965
0.9959971
0.4330496
0.062212616
0.9812794
0.99969363
0.9811094
0.9765153
0.9514865
0.88953173
0.99854773
0.99704295
0.38833997
0.99630666
0.99683064
0.617975
0.99439526
0.9949685
0.98953027
0.91551715
0.9786784
0.99852484
0.9289563
0.066707395
0.9984339
0.97840023
0.76870465
0.99986625
0.99607784
0.9370503
0.9102541
0.99427104
0.86765623
0.99873763
0.5029426
0.9969074
0.9972728
0.96847856
0.5363931
0.99872655
0.9983779
0.98335403
0.96608967
0.99234676
0.98570955
0.99967825
0.011043658
0.9619111
0.9963051
0.84138185
0.9998529
0.99153006
0.9815958
0.9974255
0.99881434
0.99352455
0.89891267
0.79370517
0.19432876
0.1000119
0.97641414
0.177765
0.99294406
0.8683595
0.9995277
0.0076003973
0.9900809
0.99842715
0.99842846
0.6617267
0.99990654
0.9755452
0.99817276
0.0033739128
0.99420553
0.63690627
0.99986184
0.99301237
0.999913
0.9878055
0.9745666
0.9996032
0.96882457
0.98678094
0.9966131
0.99338716
0.98864824
0.98920983
0.991619
0.98570883
0.99455774
0.98123324
0.9969048
0.9995664
0.99790716
0.96223587
0.88766044
0.98396146
0.98794156
0.91616404
0.80969626
0.9878429
0.99648076
0.9807689
0.8886279
0.86734813
0.94301754
0.986498
0.9979221
0.7504851
0.9964246
0.9968534
0.99653196
0.028110659
0.8591031
0.027223408
0.97103226
0.99149394
0.99740297
0.98733205
0.03482034
0.9972664
0.99127674
0.94689506
0.9434368
0.99979395
0.20500979
0.9970018
0.95526284
0.95392233
0.9922449
0.9394537
0.9995751
0.056579385
0.10714267
0.99633455
0.92144597
0.99289083
0.93757737
0.9944865
0.97568953
0.056421883
0.7584578
0.99885714
0.20291476
0.997357
0.91551393
0.98945916
0.9986168
0.99169284
0.967423
0.9967217
0.9983791
0.9969795
0.96672094
0.994859
0.9978727
0.99965346
0.99885917
0.99135697
0.9884983
0.9949915
0.99752194
0.99543935
0.7623309
0.975873
0.9969645
0.998722
0.9933437
0.20173134
0.99789727
0.99623495
0.9954619
0.99710566
0.99313265
0.03453485
0.9706715
0.9958175
0.70761955
0.09961635
0.9932794
0.9823558
0.9975212
0.956883
0.99651104
0.9936644
0.8355531
0.99776936
0.03127196
0.99797446
0.9976394
0.9409576
0.99518
0.99919766
0.5075424
0.99805
0.9938899
0.90370816
0.0063393423
0.014259021
0.9965892
0.97470504
0.9983492
0.46683872
0.99370605
0.6234483
0.05591921
0.9991352
0.999561
0.996585
0.99732983
0.89058745
0.99985194
0.17597884
0.99793625
0.9988356
0.2462487
0.9988832
0.95103997
0.5131908
0.99757177
0.9925161
0.98466706
0.99814355
0.99020493
0.996795
0.9905033
0.99982554
0.9974463
0.9955273
0.9614824
0.99262106
0.011648739
0.25856787
0.98220783
0.9973488
0.9934558
0.9964455
0.99511564
0.99481624
0.8426735
0.9923401
0.9936466
0.04936294
0.99311125
0.9992022
0.9722777
0.994076
0.5142035
0.087045014
0.98510796
0.86815846
0.9726289
0.99716717
0.06859764
0.24493676
0.12144802
0.9919186
0.9917231
0.9733989
0.066055395
0.99636924
0.99959606
0.9925029
0.71611166
0.97993696
0.99490005
0.99490273
0.42048573
0.99720854
0.04403253
0.9949921
0.99915624
0.9964224
0.9957896
0.9379653
0.9984262
0.07184942
0.0065780263
0.9974644
0.9819941
0.99960655
0.9900455
0.6951385
0.9967643
0.03948223
0.061525464
0.9990069
0.06455297
0.9766897
0.9937581
0.9796551
0.9740777
0.9648832
0.9960109
0.99763286
0.98281336
0.9970498
0.96633375
0.9962638
0.7464256
0.99782264
0.99576294
0.12871309
0.9930675
0.99546164
0.9949561
0.98194456
0.99717903
0.034034163
0.7378346
0.98900014
0.9981693
0.83782744
0.9976672
0.95191014
0.989037
0.7860135
0.9962443
0.02638037
0.99930453
0.9979564
0.9853963
0.9999087
0.9969398
0.04471477
0.99470913
0.99841404
0.99536914
0.023856884
0.995248
0.20505595
0.99584794
0.28287378
0.990853
0.9420272
0.99698955
0.3047333
0.9942139
0.99569774
0.94954693
0.9973807
0.9977062
0.9993655
0.04762763
0.9868107
0.9933523
0.0535816
0.179612
0.9952887
0.89924943
0.99574226
0.99177563
0.42607313
0.9393875
0.10244561
0.22573508
0.9836337
0.9898087
0.995924
0.18126155
0.9960598
0.99587256
0.99571985
0.99531424
0.13844137
0.99544626
0.9859197
0.9942451
0.01339329
0.9333909
0.008312232
0.9817831
0.98374987
0.019105678
0.9975999
0.9993445
0.2658779
0.9962274
0.3315205
0.9939243
0.082736
0.9994797
0.98792017
0.9985781
0.00810712
0.05055414
0.010311857
0.9918779
0.9999037
0.064364076
0.95939946
0.9930661
0.99370724
0.95687026
0.98970383
0.6255998
0.0772774
0.99688256
0.9969861
0.72412914
0.9847889
0.021770054
0.99828976
0.99849236
0.99966955
0.99720925
0.9987863
0.9982765
0.36528483
0.40105006
0.97383887
0.99640024
0.9982192
0.9978557
0.9948673
0.99348193
0.994083
0.99479526
0.9938075
0.009048707
0.99384344
0.003968623
0.968376
0.9385185
0.9960381
0.9993667
0.9993962
0.9208805
0.99595696
0.9770991
0.036737528
0.033159837
0.998686
0.8931275
0.9986205
0.44013062
0.9994448
0.03205322
0.9969168
0.99904555
0.99410975
0.9852952
0.9976325
0.9384253
0.7165833
0.16474827
0.9966762
0.9969394
0.9964696
0.99891055
0.99783725
0.9969478
0.99530596
0.9983908
0.7716998
0.9993832
0.9963111
0.9214979
0.9845766
0.029342266
0.9998504
0.999281
0.21775825
0.9885839
0.987817
0.9945821
0.9500715
0.0574885
0.011751431
0.06283814
0.44331095
0.85543364
0.86200583
0.9987747
0.53571916
0.06706194
0.9935883
0.98597544
0.0034329973
0.9978224
0.99725217
0.997433
0.99519914
0.9927434
0.025703136
0.99322623
0.9954798
0.99612767
0.67455214
0.99913615
0.96037835
0.9978941
0.9979037
0.9954236
0.9900885
0.99689037
0.988865
0.99474394
0.9958418
0.9951639
0.9996463
0.99877983
0.952448
0.36583894
0.99584717
0.9997789
0.99458015
0.1630694
0.9997749
0.8719334
0.99247026
0.99304503
0.9980039
0.8043831
0.32722092
0.99174565
0.98417956
0.9912476
0.99867404
0.9758009
0.026918966
0.9980463
0.023759376
0.9983997
0.029947825
0.9941895
0.9936464
0.007402538
0.80700105
0.994034
0.9988856
0.9901091
0.9998356
0.9976857
0.998338
0.99761117
0.3296802
0.99996066
0.9963043
0.9939766
0.945133
0.9997143
0.9944289
0.040169608
0.038617514
0.9997098
0.99324435
0.9972153
0.005997205
0.9968713
0.9984357
0.9702228
0.95004064
0.04560387
0.96948886
0.99501663
0.17596014
0.989953
0.9985183
0.45815203
0.9955361
0.9982262
0.9977011
0.9953393
0.990772
0.98977697
0.7107754
0.9977223
0.7745941
0.033424232
0.9998281
0.0082752835
0.9771597
0.9995419
0.7149947
0.9968958
0.98813266
0.9935561
0.99665964
0.014084608
0.9701295
0.9970595
0.09700795
0.40674847
0.996693
0.99760324
0.9913976
0.99850297
0.99196434
0.2303502
0.9992489
0.06586573
0.99556077
0.72824985
0.0364435
0.9744338
0.9992667
0.9961976
0.9990841
0.070585996
0.98796755
0.9768886
0.9985965
0.9963773
0.7365675
0.84239006
0.012638896
0.93603444
0.035473946
0.99804854
0.8995917
0.8144179
0.9792068
0.97218037
0.92782915
0.9979247
0.99702317
0.06863607
0.94960594
0.99359137
0.9404517
0.9776104
0.58438885
0.9721318
0.99870765
0.99845624
0.9385734
0.99893266
0.9621949
0.23391692
0.0022728723
0.9986541
0.99372536
0.9888094
0.9904275
0.031536356
0.083027355
0.98557425
0.99832505
0.9964964
0.48870575
0.9867005
0.99536645
0.9919425
0.9978757
0.99790215
0.996788
0.9943604
0.012255201
0.99950826
0.9491279
0.43008807
0.99785763
0.99595225
0.98752
0.9505773
0.99938893
0.2965749
0.98369884
0.99807787
0.30735734
0.9953461
0.043448195
0.97965425
0.999424
0.9922988
0.9939267
0.99885905
0.982475
0.6974505
0.999897
0.9979054
0.99594206
0.007658598
0.9993753
0.99259263
0.9682215
0.99566936
0.9890569
0.9974481
0.9931838
0.96226937
0.9997615
0.9849224
0.99846005
0.96140283
0.99830097
0.99760324
0.9980196
0.9999044
0.9765103
0.99373984
0.026253417
0.99499387
0.9764806
0.015619883
0.9717676
0.39604133
0.99548894
0.9400453
0.99734914
0.9978156
0.9982287
0.99885976
0.82639027
0.9939336
0.96989876
0.9997571
0.8099849
0.0047189873
0.98091197
0.99803644
0.9971775
0.025267439
0.9999287
0.9977222
0.99225265
0.9992248
0.30458745
0.9748742
0.030457975
0.9978671
0.99739265
0.98977673
0.9788967
0.6600795
0.9998802
0.99098325
0.9170738
0.14786173
0.9926409
0.45880395
0.1620636
0.06073041
0.9987785
0.9997677
0.999468
0.059734605
0.9959539
0.99287236
0.99797255
0.99905914
0.8146527
0.99734277
0.01845031
0.99760973
0.44334394
0.99536914
0.98777604
0.84429663
0.82102853
0.7814104
0.99807966
0.9991074
0.9984035
0.99699545
0.9929635
0.9999229
0.027449157
0.9984869
0.6339241
0.047953445
0.94109654
0.9998167
0.998106
0.9930327
0.7987188
0.9996958
0.99789375
0.9948088
0.08825795
0.90879464
0.99988806
0.95051396
0.90074503
0.80399436
0.98341745
0.995644
0.014068421
0.9788367
0.99885297
0.99710697
0.99460596
0.044842534
0.3979806
0.03216189
0.98053414
0.74608725
0.99140877
0.9933258
0.43379304
0.9983394
0.99824166
0.9962314
0.96635646
0.999892
0.16501138
0.22313493
0.6241713
0.962209
0.04874197
0.7614491
0.9935042
0.9988927
0.05764953
0.99258476
0.006272577
0.99762255
0.9991704
0.99606735
0.99008125
0.99661934
0.99731904
0.98119205
0.9970107
0.99598396
0.86064667
0.99732876
0.9928019
0.9995623
0.99639684
0.99690175
0.6402815
0.83673805
0.704224
0.99668354
0.8106711
0.99153805
0.9950015
0.9786855
0.99684864
0.998898
0.53037536
0.003759935
0.9808894
0.9938446
0.9949875
0.74122566
0.97166306
0.32743993
0.9832946
0.9160309
0.029361038
0.9589775
0.017280625
0.99790025
0.99798846
0.8904837
0.5914602
0.92728287
0.9783764
0.9908215
0.99780685
0.9965274
0.99676526
0.10020474
0.9864136
0.05366115
0.99972993
0.96848553
0.9455101
0.9890988
0.9966731
0.18816106
0.45487794
0.9859757
0.5300615
0.99761486
0.9101666
0.99634993
0.9994055
0.9970251
0.99214184
0.9947836
0.79343987
0.9961623
0.9945478
0.99598545
0.9535695
0.9807031
0.99501437
0.99893504
0.010810517
0.99987876
0.9862136
0.9983839
0.9990771
0.99875283
0.9641868
0.9964174
0.99490947
0.99703443
0.96741074
0.99703157
0.98503995
0.98937106
0.94061863
0.64220935
0.9949862
0.98898906
0.9926657
0.99921215
0.98546326
0.96344745
0.9930929
0.04961692
0.9890455
0.6874609
0.618492
0.9971022
0.998963
0.43900952
0.948042
0.9988788
0.99057895
0.4491926
0.9944089
0.79461724
0.865999
0.99946636
0.9980276
0.3893119
0.9985568
0.9956606
0.03881519
0.043303024
0.99481237
0.99482864
0.99845123
0.99578947
0.9313131
0.98768324
0.9773212
0.9945815
0.9977291
0.99632984
0.9971981
0.010639503
0.86751896
0.01696754
0.9861224
0.95751655
0.98764205
0.9943018
0.9914603
0.98598075
0.56921047
0.9875207
0.9994122
0.09207459
0.5618618
0.9670846
0.99910116
0.9972938
0.9982723
0.062299345
0.99644035
0.9980673
0.9713846
0.99637055
0.98040867
0.9881095
0.97897047
0.983576
0.9917344
0.9809218
0.9643431
0.99720675
0.99522996
0.9918503
0.9981583
0.99757653
0.014801211
0.01637377
0.021472795
0.9994727
0.09606743
0.99151707
0.011519991
0.98519033
0.9985551
0.99822634
0.9824974
0.98793834
0.99801457
0.15961145
0.92395693
0.9994438
0.99511695
0.99738497
0.010856674
0.98947805
0.9955089
0.750899
0.9797291
0.9913195
0.6579881
0.99692863
0.9986318
0.99783945
0.04954678
0.9970674
0.6813208
0.9984479
0.8777978
0.015235797
0.98829865
0.083603255
0.999498
0.31062442
0.89867854
0.9996885
0.9967439
0.42414647
0.9899597
0.99875355
0.98983943
0.7283918
0.86221915
0.9967956
0.98318577
0.9857091
0.9807889
0.9986185
0.9874709
0.67802453
0.86815107
0.9986299
0.99718434
0.84962916
0.985021
0.9980096
0.9974948
0.8193355
0.99720937
0.9981218
0.13998413
0.9986895
0.98930734
0.9998068
0.9998522
0.31217945
0.982219
0.039919436
0.9967693
0.39404485
0.9963199
0.891627
0.998548
0.97125274
0.9582032
0.89351153
0.9910278
0.047014076
0.95400596
0.9789038
0.99154717
0.013793392
0.99834526
0.99304247
0.9891459
0.9926906
0.99502474
0.97803384
0.9955753
0.99720806
0.99404293
0.954051
0.99027866
0.99826545
0.9973326
0.9993861
0.795602
0.9600575
0.7281911
0.99609154
0.037425037
0.9942835
0.9858597
0.97163075
0.033275228
0.45293555
0.99636984
0.014588219
0.9993611
0.04816221
0.9963303
0.04880489
0.98325044
0.98633945
0.6140594
0.99890494
0.8621647
0.9749409
0.97924006
0.9790653
0.99072826
0.9993093
0.9973902
0.9971475
0.99903536
0.9993049
0.9716816
0.9985393
0.9946398
0.9918829
0.033770736
0.9924604
0.82294345
0.9594574
0.9855435
0.08853136
0.9964378
0.044815823
0.98125356
0.92301065
0.71716666
0.99793017
0.9996259
0.9634695
0.99976104
0.6529304
0.9986809
0.9748207
0.9680996
0.9064664
0.296056
0.1416347
0.9985846
0.98995847
0.018306967
0.058348976
0.9987619
0.80516243
0.9949327
0.0057977918
0.9960581
0.9915592
0.032968476
0.72448415
0.9208879
0.13563108
0.93219215
0.99532384
0.07199723
0.99854004
0.016933111
0.99330866
0.9500199
0.8260016
0.8868454
0.14861526
0.98559546
0.9977325
0.9979539
0.99546105
0.9937496
0.9839522
0.7252112
0.99884546
0.7122868
0.99732494
0.039506968
0.9970591
0.9982828
0.95943546
0.45700288
0.99670714
0.98177
0.99831676
0.99239975
0.9992679
0.02227692
0.9876117
0.34349415
0.17866018
0.0093565
0.99666935
0.928952
0.039603014
0.9867828
0.987832
0.80135936
0.92362285
0.8928007
0.9963225
0.9737126
0.99448967
0.994849
0.9963223
0.99546236
0.9748277
0.999634
0.88145113
0.98912525
0.8754081
0.9987709
0.1363341
0.8529797
0.9676926
0.34043875
0.9980319
0.14862734
0.9862076
0.9976865
0.9766476
0.999655
0.9832116
0.9983637
0.99988663
0.99873966
0.94859
0.9972186
0.9966497
0.9723256
0.99349135
0.98840964
0.8166647
0.9987575
0.9938875
0.787427
0.97675323
0.99101466
0.9929709
0.9979322
0.99505913
0.9961028
0.99223197
0.9996791
0.010790638
0.015147193
0.031943586
0.9986014
0.99618834
0.9930212
0.9822051
0.9951793
0.8880087
0.1153485
0.9973972
0.978954
0.9928237
0.69215596
0.0121410545
0.9887893
0.24293433
0.9967344
0.99594766
0.91537875
0.9734408
0.03300477
0.87842554
0.99822813
0.98939884
0.9944376
0.99663734
0.99599767
0.995641
0.99737775
0.9962664
0.99652463
0.8429863
0.97797865
0.9989466
0.99609226
0.977508
0.86902493
0.9986393
0.9971578
0.9977386
0.117196515
0.016469875
0.98735607
0.9975356
0.9972873
0.9922191
0.9974267
0.983256
0.99923444
0.9817301
0.99779046
0.9778685
0.99711835
0.8308574
0.9936832
0.9963762
0.016442923
0.99224395
0.9951751
0.8292606
0.59571546
0.03444539
0.9997663
0.9977189
0.013159336
0.98623013
0.97076267
0.99576265
0.8859123
0.99808085
0.99923074
0.89668727
0.9696437
0.0822869
0.95778954
0.022332583
0.9999254
0.7553147
0.9653814
0.95612603
0.9944476
0.99745363
0.988983
0.9905185
0.9891494
0.99779654
0.98647135
0.99324256
0.9956864
0.7023634
0.9935673
0.99983096
0.99842334
0.040191498
0.9757361
0.98299533
0.043200478
0.99315757
0.91499764
0.99114686
0.9896786
0.996865
0.9945687
0.9930334
0.99517524
0.6749566
0.010627132
0.82020855
0.016403956
0.99343127
0.9987011
0.1148749
0.02006603
0.999173
0.019960484
0.9220403
0.9981108
0.71306396
0.053755518
0.74674207
0.99737024
0.9993568
0.998389
0.9610534
0.97850764
0.9983181
0.98615915
0.997785
0.98340595
0.9988336
0.9958651
0.9572232
0.8350089
0.9942192
0.046009503
0.92568904
0.9896287
0.97171366
0.018755032
0.9541584
0.928118
0.9664978
0.99659604
0.99933165
0.5467054
0.99120104
0.16777143
0.99921
0.9942498
0.99119616
0.52262026
0.995994
0.28535816
0.4276821
0.9994221
0.055050492
0.99650073
0.9983961
0.9956644
0.9957183
0.035253238
0.99723464
0.05213243
0.9946379
0.9974341
0.75837696
0.9966709
0.99715155
0.985872
0.99687374
0.9985514
0.9977254
0.99992085
0.058646772
0.9980515
0.9852063
0.9169864
0.052001014
0.9996867
0.9925506
0.99200726
0.99972993
0.97936946
0.99615186
0.9947614
0.9974566
0.999858
0.99833703
0.9767671
0.9976544
0.9721328
0.4100712
0.21771334
0.99118465
0.9981464
0.99671763
0.99341077
0.9908635
0.6569518
0.8940063
0.004654339
0.99655765
0.03942975
0.99958163
0.9995915
0.9993166
0.9951439
0.9757805
0.99546546
0.09126656
0.5008634
0.9761376
0.99706703
0.9981012
0.022303274
0.9988807
0.97983587
0.91158676
0.038577907
0.98553455
0.9942028
0.9975701
0.99234724
0.032361634
0.9926725
0.98919123
0.9972038
0.081775114
0.021125607
0.998596
0.9779187
0.9664788
0.09718899
0.9872886
0.927071
0.043163322
0.992519
0.26170486
0.99803346
0.9854032
0.99958724
0.024278536
0.9853774
0.97672856
0.012427003
0.99783474
0.9931202
0.016145827
0.943527
0.99979764
0.991662
0.9954853
0.22285385
0.9984816
0.90299004
0.99989104
0.99525636
0.9983785
0.99490887
0.9343123
0.9934168
0.7963476
0.9919328
0.11215165
0.01994494
0.9989736
0.99593735
0.99886936
0.9985045
0.998906
0.99947447
0.961034
0.9954389
0.009606735
0.063800074
0.48752746
0.98955524
0.035010453
0.9984108
0.9994727
0.67311126
0.8110744
0.99507093
0.99873525
0.9849551
0.9975418
0.9901321
0.99381256
0.015717696
0.9948414
0.971377
0.9996885
0.9591488
0.9967705
0.03356547
0.056107186
0.99849916
0.6975472
0.988831
0.4296125
0.99802727
0.9950363
0.98222095
0.996487
0.99502784
0.99007404
0.99523526
0.99588025
0.9955149
0.99833727
0.99410534
0.99087006
0.9799875
0.99680746
0.99510515
0.9856388
0.99363303
0.9959864
0.65350926
0.89343846
0.99285275
0.961482
0.9904856
0.024856964
0.15836596
0.99303377
0.9952429
0.99655885
0.80236834
0.9974118
0.9958555
0.9948506
0.060258396
0.04077707
0.10372448
0.956884
0.28921342
0.028257657
0.99342245
0.42995483
0.056590036
0.962023
0.99847704
0.9639972
0.9821566
0.9976125
0.99786925
0.98168564
0.029627027
0.99600935
0.08583052
0.9673006
0.99856746
0.99415636
0.99849474
0.9915148
0.9986229
0.99812657
0.9939527
0.96282953
0.13080096
0.99945766
0.9986261
0.6752819
0.6008473
0.028836595
0.15353955
0.9995179
0.9826904
0.99828666
0.977612
0.99104184
0.9942882
0.9945808
0.9974579
0.99585825
0.014480929
0.99808323
0.9967866
0.9910183
0.5550637
0.07862195
0.19231834
0.24938248
0.9951408
0.566188
0.0035230685
0.97143555
0.9909518
0.98058355
0.9963814
0.9317852
0.9980172
0.9990784
0.99757296
0.9537201
0.9957961
0.97337306
0.030956686
0.75339425
0.9974638
0.7931477
0.992646
0.20005423
0.2652262
0.9995845
0.9958547
0.99378395
0.997246
0.014378599
0.9905601
0.98993474
0.9880425
0.91994935
0.9970188
0.9980876
0.9910314
0.9820794
0.9993599
0.9996593
0.9847882
0.0072790547
0.9971008
0.9985417
0.9949233
0.9967439
0.5535784
0.95503324
0.9950237
0.15458247
0.9960335
0.7320898
0.9872556
0.93249196
0.77249026
0.9689922
0.10315599
0.9942258
0.99409217
0.3596536
0.99383634
0.699856
0.99794465
0.9998934
0.98261297
0.98644
0.9977187
0.5106743
0.99518013
0.99679714
0.9854255
0.97931015
0.008165284
0.9673971
0.99968374
0.99715245
0.187887
0.5842768
0.98100156
0.9954249
0.9895964
0.97073
0.02421033
0.05791374
0.94705075
0.9975682
0.8018566
0.98415333
0.60953087
0.98818016
0.99734074
0.028651675
0.23131733
0.9899435
0.99473226
0.81418276
0.9689771
0.57331777
0.99868864
0.025636023
0.015869621
0.9928294
0.8741933
0.9875073
0.9885345
0.99550396
0.95686144
0.99231416
0.06520463
0.99892265
0.9946253
0.9998549
0.99158394
0.99499786
0.9974486
0.068442285
0.9986206
0.9990409
0.036690857
0.71059436
0.9992125
0.9973175
0.971817
0.99657106
0.9951338
0.9838765
0.9977458
0.9414275
0.13529527
0.9904553
0.9968272
0.0680287
0.99871886
0.9972602
0.99573153
0.9835856
0.99485743
0.123804845
0.9981072
0.037889462
0.010666359
0.97838813
0.9988871
0.99924266
0.8868486
0.9953621
0.99199635
0.9966595
0.7295359
0.9963988
0.9405087
0.99511456
0.997412
0.9037341
0.9435192
0.984045
0.9953595
0.10690139
0.99961156
0.9962197
0.9964302
0.85183066
0.9925378
0.9926206
0.41951367
0.99466115
0.99580306
0.9650194
0.9930524
0.9958294
0.16173932
0.9973442
0.9962214
0.997326
0.9929153
0.9830441
0.96515787
0.3325834
0.9987147
0.99814415
0.82457215
0.9949774
0.019434253
0.99492836
0.99697864
0.9914915
0.99690264
0.83433086
0.95439434
0.69163734
0.96674615
0.49230832
0.9986034
0.009816874
0.70699245
0.99938095
0.74967617
0.7587321
0.030114679
0.9940487
0.9991598
0.790348
0.99879324
0.018532483
0.9972306
0.9954912
0.9962986
0.97949445
0.9982955
0.96458447
0.9968137
0.38854796
0.9762353
0.9983139
0.9973711
0.9972174
0.99933016
0.99845886
0.06429318
0.6244753
0.9986677
0.98676205
0.9986449
0.9926951
0.9987488
0.9748669
0.9911453
0.9923225
0.9852165
0.99682546
0.7970619
0.94769025
0.99276954
0.99129605
0.009478668
0.9962031
0.9987387
0.98731625
0.9968347
0.16570562
0.99785304
0.99945205
0.05029983
0.9955149
0.9991928
0.9945235
0.99756986
0.5087968
0.6714089
0.9983039
0.8908465
0.026556175
0.53413296
0.992916
0.99914074
0.03910258
0.98846847
0.08182178
0.5686785
0.99641365
0.9982948
0.46082258
0.9933389
0.96383137
0.9641521
0.03631545
0.157302
0.998007
0.98704463
0.048249066
0.99563235
0.9977926
0.9825575
0.9986082
0.011450571
0.07813489
0.995956
0.9961881
0.7133153
0.99708694
0.99697375
0.7840181
0.996525
0.99748385
0.99900514
0.092067614
0.9488987
0.99993277
0.9784339
0.0682743
0.99737585
0.993869
0.9980861
0.0054474454
0.92119133
0.9968466
0.035242576
0.99712807
0.96233654
0.999686
0.99792683
0.9921022
0.9984933
0.9951486
0.9993136
0.97500706
0.011985061
0.9177866
0.9949685
0.97991073
0.8150346
0.9377179
0.26302555
0.9873903
0.996974
0.9958561
0.99737704
0.9219221
0.7081418
0.9941301
0.9963773
0.21113665
0.9996008
0.36400113
0.70061
0.999892
0.996236
0.99281025
0.49571675
0.90369856
0.32990324
0.9980301
0.99657816
0.9756806
0.78518414
0.4742157
0.99456066
0.9937744
0.99528766
0.9955141
0.9964036
0.9974976
0.101453915
0.9820011
0.007535139
0.9919956
0.99714154
0.707007
0.091266595
0.9960752
0.9751947
0.9903358
0.31875092
0.99561876
0.99161243
0.009714067
0.20165516
0.9898694
0.9971769
0.99570614
0.9992687
0.8526745
0.9996494
0.025375815
0.9896702
0.99831593
0.99296135
0.99814665
0.9972362
0.65573007
0.9957831
0.9962792
0.1114727
0.9952566
0.94931877
0.9973563
0.9856344
0.99933666
0.010765168
0.1509436
0.9968233
0.90069
0.86216027
0.91295534
0.009502663
0.9918498
0.9979062
0.9972441
0.99626344
0.99888474
0.98326415
0.98033535
0.022944609
0.7972419
0.96388674
0.63597304
0.9882885
0.99126434
0.9846836
0.98911244
0.9356406
0.9966145
0.99903727
0.99951315
0.9997136
0.7919576
0.9997862
0.92627466
0.9802634
0.9984812
0.99229735
0.8089448
0.9079254
0.21623182
0.99222106
0.99813336
0.016292747
0.9939486
0.06442782
0.01421466
0.99963367
0.99597895
0.9954645
0.98621875
0.99895763
0.996027
0.99264634
0.99304986
0.99790883
0.6893601
0.9904959
0.61918026
0.9967776
0.99941695
0.87746733
0.9824746
0.7270928
0.9799805
0.99964416
0.986813
0.9967397
0.98046976
0.99186254
0.99365604
0.9152851
0.12822345
0.99987173
0.9805134
0.013751242
0.88647
0.66162264
0.9953317
0.13921665
0.99745196
0.6726719
0.9916869
0.97510785
0.9981791
0.018189041
0.8835616
0.12243939
0.13023211
0.45363164
0.999074
0.9898664
0.99752146
0.9901946
0.98591703
0.977759
0.9962423
0.01707932
0.997549
0.9069854
0.99666154
0.8986665
0.48771307
0.9963839
0.9998815
0.9976993
0.99638087
0.99754447
0.9967566
0.6810502
0.9257293
0.98406917
0.9989498
0.99668497
0.99829644
0.99306715
0.9955663
0.99553275
0.9805947
0.9985744
0.9997453
0.8021303
0.99905115
0.9983335
0.99771535
0.996323
0.9861789
0.8519917
0.9792169
0.99711895
0.9995988
0.95087147
0.9939902
0.77121747
0.9967879
0.99150676
0.0915527
0.99601895
0.8847212
0.998934
0.9877194
0.0513937
0.99832195
0.98981094
0.982811
0.9832659
0.9937536
0.982948
0.9965965
0.9989808
0.9974482
0.9983084
0.9504508
0.9951756
0.20269231
0.99016905
0.997584
0.9929236
0.97386444
0.9682537
0.99491584
0.9913856
0.9983847
0.022967068
0.84014404
0.99772435
0.998445
0.97308964
0.98712975
0.99959785
0.019344557
0.99591476
0.9800672
0.44834468
0.9113765
0.9421736
0.99885046
0.9980888
0.9982687
0.9976878
0.953377
0.9985262
0.024868993
0.9996524
0.9734404
0.9937038
0.92565954
0.97489786
0.98376113
0.9940063
0.99765354
0.99966514
0.99635565
0.9924459
0.9513612
0.007293219
0.99216074
0.47991133
0.99899393
0.99945945
0.47846657
0.9928306
0.19423127
0.011845688
0.9948036
0.9505246
0.9880618
0.9529194
0.6789279
0.99689615
0.9842704
0.99228925
0.99503005
0.9949646
0.9812882
0.9836299
0.9848787
0.9981426
0.97324467
0.09641999
0.90308434
0.9842643
0.9702059
0.91960406
0.9877309
0.940292
0.999175
0.10121086
0.9276352
0.9925592
0.90326244
0.98753345
0.99795073
0.81811345
0.9925567
0.85281444
0.9912732
0.13949303
0.94064116
0.92327213
0.70763826
0.9991339
0.03500019
0.99862695
0.9907493
0.020029787
0.99514055
0.9933043
0.9984157
0.08424854
0.9981268
0.017353736
0.99434835
0.9730056
0.99411714
0.02106699
0.67772424
0.9970908
0.99846077
0.95673853
0.99549663
0.99880874
0.52530557
0.9942873
0.99847287
0.9426932
0.9961616
0.33604795
0.95531154
0.37703872
0.9951008
0.98967946
0.9914697
0.99846363
0.50194377
0.9995504
0.99789584
0.9955057
0.8831093
0.016557997
0.99711466
0.99803084
0.9973742
0.99699855
0.97842693
0.99727815
0.9958696
0.9641003
0.9332488
0.9979613
0.98637706
0.1422675
0.9947237
0.9989188
0.96438825
0.9945867
0.9968453
0.9464544
0.91078615
0.06369608
0.9956505
0.7698398
0.97511905
0.9919809
0.9951865
0.019220352
0.05316222
0.99171
0.84796154
0.987783
0.9808467
0.029724296
0.9967554
0.99059033
0.9935436
0.9980506
0.99936813
0.9993722
0.9816766
0.99920064
0.9960657
0.022995949
0.053352144
0.9740388
0.9952743
0.9991974
0.9887256
0.97980773
0.72338146
0.9994375
0.99576604
0.7756861
0.997656
0.99418783
0.045253586
0.98940164
0.9955449
0.005774705
0.98485863
0.9421138
0.9976514
0.9984841
0.99808395
0.99785966
0.09363018
0.9999535
0.9970618
0.99593276
0.7335339
0.9317872
0.0072130486
0.9975333
0.9976572
0.8032694
0.9095596
0.9944665
0.991747
0.062252995
0.99883157
0.8202017
0.9934121
0.99582446
0.71587175
0.9016462
0.99473023
0.003297145
0.97577614
0.9964468
0.9948702
0.98841083
0.8823543
0.998976
0.9855408
0.9960524
0.91232187
0.3988146
0.008670476
0.79474056
0.060083296
0.7201693
0.9260818
0.91974854
0.9990151
0.99950206
0.93727654
0.9965932
0.019624045
0.9921483
0.9963606
0.08411396
0.9930911
0.9871062
0.037033588
0.99985373
0.7116892
0.98478806
0.99863344
0.9954863
0.34568334
0.9993549
0.98862237
0.9938439
0.9988147
0.988822
0.9906012
0.9490085
0.99714124
0.98779476
0.99989736
0.9823775
0.9987423
0.9981665
0.99528
0.5727594
0.99621695
0.9978114
0.97172403
0.99992263
0.9856543
0.9415299
0.015390346
0.9778772
0.997282
0.98998916
0.9990471
0.9995017
0.014591352
0.9100976
0.99838436
0.0073072077
0.9481441
0.4815807
0.9936274
0.61536574
0.88045603
0.99801373
0.070400015
0.021912083
0.99824655
0.99204963
0.98296136
0.63263136
0.9868232
0.881634
0.9990318
0.99801326
0.9607795
0.99683255
0.7638862
0.9948826
0.9910972
0.9868226
0.9984602
0.99521506
0.9997739
0.6850279
0.022023661
0.21058878
0.9965056
0.9988072
0.9954776
0.96434027
0.99364483
0.9994159
0.97481626
0.99913967
0.99214774
0.99957484
0.9604697
0.023723055
0.99046963
0.56834394
0.97572917
0.9572626
0.9898307
0.9954814
0.25155497
0.079165384
0.06546322
0.9534738
0.079918146
0.07565952
0.911801
0.9293182
0.9965257
0.992182
0.9991543
0.029863488
0.030345634
0.9980586
0.97585297
0.99671847
0.005774957
0.9818284
0.996878
0.9934261
0.9972682
0.99013853
0.97329277
0.4857668
0.9973297
0.99868685
0.18196072
0.9792949
0.011993748
0.9859708
0.058314033
0.9756672
0.99900275
0.998692
0.999887
0.9962184
0.9903126
0.99968135
0.99648273
0.996225
0.038193043
0.99711347
0.99461454
0.99444795
0.9897815
0.8001017
0.996967
0.9958501
0.99984765
0.10074391
0.99146456
0.99864584
0.99429166
0.99821436
0.92881846
0.9996923
0.0033833135
0.024787836
0.9783246
0.99614906
0.9218445
0.020136641
0.9248177
0.99431396
0.020083474
0.99583435
0.99101955
0.998577
0.99816364
0.98982483
0.93570703
0.9961909
0.9687751
0.99545103
0.9129066
0.9990947
0.9966317
0.96950567
0.9901162
0.99757713
0.085743755
0.94371825
0.03530792
0.3994425
0.9986363
0.9998223
0.99663407
0.9975896
0.027055157
0.9964222
0.997775
0.9929214
0.9956832
0.99965906
0.983991
0.005039101
0.9956791
0.96240526
0.9957936
0.99878055
0.9979426
0.99803644
0.8324927
0.98959595
0.99611145
0.047165435
0.99652183
0.9888086
0.6357837
0.9762804
0.9994586
0.99921787
0.97264344
0.9963313
0.9984849
0.9961732
0.010543741
0.99357975
0.9975898
0.9884165
0.99690443
0.98990005
0.9958715
0.8899579
0.99994576
0.97082245
0.20969367
0.9950734
0.0070224046
0.99304813
0.926548
0.715071
0.9895355
0.9993376
0.008663089
0.40640426
0.9976534
0.6831922
0.7591076
0.037175823
0.9927235
0.99904245
0.99979323
0.9890938
0.9866137
0.99846256
0.047712043
0.07831435
0.99660957
0.9979462
0.9300652
0.9950505
0.033504114
0.79191387
0.88732195
0.99899846
0.9951153
0.05198661
0.9965659
0.9847964
0.24259262
0.9986492
0.82308686
0.9940579
0.99736834
0.99933857
0.52986306
0.99363434
0.99444807
0.9977964
0.99855393
0.8242299
0.99296796
0.12262524
0.6946429
0.22918782
0.99642617
0.9651572
0.99738413
0.9964478
0.71620196
0.9786321
0.9941151
0.02749687
0.020644037
0.995581
0.9565401
0.99219745
0.9310298
0.98386335
0.99759763
0.92313975
0.9113064
0.96079886
0.9581153
0.99621165
0.040038705
0.7526225
0.9995297
0.030418806
0.98795354
0.9345396
0.9947855
0.9993032
0.034355868
0.18702562
0.97684664
0.999897
0.99673826
0.031325348
0.9987357
0.4233472
0.9970758
0.9941679
0.99809974
0.6617112
0.9981192
0.95259535
0.94699323
0.9883256
0.99984276
0.9976928
0.97713256
0.9967691
0.9735214
0.9926018
0.99764806
0.9981346
0.8901219
0.92446434
0.9995999
0.9601075
0.99843913
0.96442056
0.9983358
0.9807195
0.99069244
0.80457896
0.99783117
0.9946755
0.40025765
0.9918909
0.85391665
0.97658247
0.9745627
0.99792
0.9955675
0.9946025
0.98214185
0.99814737
0.9980527
0.9823992
0.99853826
0.94159585
0.99331385
0.9972203
0.9999436
0.9902118
0.83629507
0.996874
0.99858713
0.20415322
0.999718
0.9978961
0.7786574
0.0028428624
0.9919864
0.7256063
0.01924015
0.997449
0.44084126
0.99168324
0.99845314
0.9944839
0.999726
0.9910048
0.81962836
0.98136085
0.9998281
0.9986528
0.9987495
0.99896896
0.97868073
0.9956813
0.99929714
0.0514228
0.014013038
0.99752504
0.99758434
0.94412094
0.86394805
0.9591184
0.9959798
0.9917001
0.98897636
0.9934908
0.9953459
0.083312675
0.9939169
0.9993505
0.9912649
0.99807477
0.9996563
0.9923264
0.99879956
0.99678266
0.9985624
0.9941561
0.96956617
0.7753844
0.96897405
0.99570847
0.99879116
0.9850861
0.08189445
0.99107087
0.9998153
0.99445796
0.9967709
0.98319525
0.98786294
0.028771492
0.9983469
0.99766624
0.99742955
0.008542739
0.99930525
0.99978095
0.7856943
0.9856089
0.9945589
0.99996245
0.030100826
0.9954834
0.99615884
0.73540515
0.99705684
0.9432122
0.99558157
0.987748
0.012021037
0.07389175
0.99345016
0.9942035
0.9999548
0.9927005
0.9988544
0.94322675
0.9566945
0.022789815
0.9742741
0.99719393
0.04980508
0.987661
0.8934843
0.99788326
0.9921909
0.93779
0.9985973
0.8866051
0.97246844
0.99549085
0.017070293
0.9871933
0.99922013
0.015535085
0.44058162
0.017720979
0.9715902
0.9977837
0.9933821
0.08605047
0.9967692
0.3241479
0.9986505
0.9834237
0.77304226
0.999428
0.99968255
0.9993389
0.9995585
0.98349947
0.9948796
0.87497616
0.99756145
0.999718
0.99985397
0.9919303
0.998145
0.6070659
0.9814503
0.99261075
0.9945134
0.051590797
0.9993255
0.96759003
0.9971143
0.9977004
0.9892753
0.9784413
0.9762933
0.9993255
0.9889655
0.00968317
0.98879707
0.9954697
0.99245024
0.027523179
0.9977816
0.99345523
0.18156393
0.9977125
0.94552535
0.9993686
0.9998915
0.95533997
0.996274
0.99716884
0.9989986
0.9845436
0.99289495
0.9924453
0.9895616
0.9856317
0.28418365
0.99816006
0.99709606
0.008323946
0.9899636
0.82640874
0.9980178
0.93873876
0.9808379
0.9973537
0.98976946
0.9956073
0.9988971
0.9997931
0.9948205
0.9960032
0.01255243
0.015375401
0.998151
0.99751943
0.9998363
0.9978809
0.017691778
0.99249953
0.56488913
0.98254734
0.9822306
0.9966007
0.99767154
0.99752015
0.92982
0.99881303
0.96951765
0.9726168
0.9997619
0.99493754
0.00801351
0.99978536
0.9985954
0.020038797
0.025035929
0.98855674
0.99364376
0.9963805
0.99584323
0.0104563
0.9944313
0.7028778
0.9981798
0.23138876
0.99136657
0.9792864
0.21440001
0.9979924
0.89100444
0.9952691
0.9832508
0.8965249
0.99274397
0.99808633
0.02426277
0.9799564
0.99719787
0.99831796
0.99692565
0.9914051
0.99859375
0.0105816955
0.99834335
0.9991159
0.9313007
0.99534035
0.9845634
0.9916516
0.9954932
0.034190882
0.99201936
0.99986255
0.99131095
0.14222185
0.999894
0.98484415
0.9984282
0.99324447
0.023795908
0.99890745
0.9703968
0.92942137
0.98289007
0.99776983
0.9957326
0.9883433
0.98962563
0.034171615
0.9633749
0.9989849
0.9513367
0.99478596
0.9348122
0.99821967
0.9930393
0.9999131
0.96690947
0.155086
0.99568355
0.82557875
0.9942046
0.9584368
0.9878633
0.98006743
0.9967932
0.7524815
0.9437495
0.036045335
0.99938905
0.99859303
0.9822702
0.9990509
0.9991208
0.99848855
0.99457574
0.9989931
0.9994405
0.26975656
0.99986136
0.047634806
0.6115537
0.00729479
0.99988127
0.9967527
0.99979943
0.9929925
0.99811804
0.035482388
0.06853154
0.9907973
0.9967043
0.99764615
0.9728184
0.9984524
0.99605715
0.984963
0.16048537
0.6745194
0.9976363
0.9260745
0.06415138
0.026138166
0.99582005
0.91410536
0.9905557
0.9708463
0.13117135
0.9841389
0.99669015
0.9927549
0.96818113
0.9985448
0.8145282
0.99994946
0.9959115
0.92619586
0.97045666
0.98825336
0.99796754
0.98701966
0.99550015
0.99213284
0.9969721
0.9987565
0.99599326
0.9422243
0.09021105
0.9803028
0.997068
0.99827766
0.9721129
0.972896
0.91206414
0.02592707
0.9962483
0.97794354
0.6708846
0.98557603
0.10017942
0.995799
0.9837593
0.064333126
0.9968641
0.034790896
0.9989145
0.9979133
0.99695766
0.9924575
0.9851365
0.99885714
0.9986413
0.9967727
0.99769163
0.9987105
0.9980349
0.9908077
0.75892717
0.9927384
0.99620086
0.9940983
0.98602134
0.99599046
0.9986299
0.012992143
0.97859097
0.99910945
0.9964311
0.583097
0.9994974
0.008143505
0.9130542
0.9775553
0.9596048
0.904519
0.01125267
0.9848934
0.9946078
0.9975223
0.056874756
0.9982247
0.074411176
0.9966814
0.9963743
0.84789675
0.9981894
0.9929832
0.9995993
0.9996138
0.99287635
0.0073311194
0.9834409
0.033560324
0.99744
0.9927772
0.9978655
0.99725753
0.5914887
0.99986875
0.9964569
0.59797317
0.9901552
0.98947453
0.9961825
0.20276289
0.9986148
0.04759733
0.99859875
0.06620601
0.99353576
0.9984536
0.038690455
0.4182085
0.87291104
0.02859595
0.9993001
0.9022619
0.014071742
0.99907947
0.07698747
0.99978393
0.02988814
0.9892832
0.0116455825
0.994201
0.99352396
0.37478116
0.99830914
0.7571932
0.99446625
0.07218754
0.05433918
0.95215636
0.9745675
0.98770964
0.9963857
0.9966558
0.9974189
0.6509791
0.49213174
0.9940527
0.83260095
0.9775628
0.9993267
0.99742305
0.7560083
0.99824023
0.99921906
0.021216495
0.98928356
0.9949098
0.37418434
0.9963588
0.99278533
0.97639364
0.99988484
0.9989568
0.85899705
0.99460006
0.9983339
0.40447846
0.99236685
0.99687225
0.97841793
0.8782267
0.95246935
0.25838244
0.9488296
0.024977742
0.99504685
0.9981139
0.1005573
0.98857915
0.87891406
0.99821717
0.99806494
0.5593489
0.9993368
0.88564426
0.09131327
0.9796602
0.99870765
0.010557978
0.33965522
0.98703337
0.9949969
0.98194975
0.02639339
0.9984428
0.9960024
0.99163485
0.7999196
0.12450117
0.9968777
0.021375401
0.99672145
0.9968984
0.991952
0.6660991
0.994048
0.9972555
0.96490353
0.99056935
0.28340927
0.99715495
0.99420315
0.9984394
0.044015378
0.011463548
0.5949264
0.768194
0.9981818
0.99526477
0.99741495
0.9802003
0.9944654
0.96143967
0.9991266
0.9993068
0.9997954
0.99224746
0.07940518
0.9926024
0.12961425
0.99935406
0.4841859
0.114410736
0.99752766
0.99476767
0.90736
0.99266833
0.99207205
0.9602289
0.025541088
0.8435898
0.9932301
0.92661864
0.9964728
0.96241874
0.9981468
0.99855083
0.9973132
0.033428382
0.5920913
0.5804431
0.9964799
0.906277
0.99583864
0.55110055
0.6953628
0.99637634
0.9982241
0.9314323
0.9987067
0.99367094
0.9227362
0.99886656
0.99275345
0.9993678
0.11955418
0.9627586
0.9756885
0.99311537
0.98315513
0.3683488
0.9939611
0.9521812
0.9980603
0.9815859
0.9794459
0.971905
0.9962202
0.9650383
0.16407843
0.9924718
0.99988353
0.99510044
0.52436423
0.98955125
0.96569735
0.780796
0.9716233
0.9953135
0.035036124
0.5634636
0.9973627
0.9987218
0.9582845
0.91212654
0.99088764
0.9996749
0.9992009
0.99271387
0.9824255
0.99710447
0.13154668
0.9996815
0.9979505
0.8096471
0.029958801
0.9877823
0.06071877
0.889133
0.9983317
0.97606575
0.99847895
0.9212061
0.99489117
0.74704665
0.9922448
0.99649364
0.9962358
0.9990644
0.9845368
0.9889382
0.9708025
0.99450773
0.99658304
0.9041308
0.087061815
0.981753
0.96724015
0.791356
0.99980134
0.99798524
0.99618906
0.9866014
0.654594
0.17504852
0.99870336
0.9976616
0.99977607
0.99707067
0.26393524
0.9993555
0.99793065
0.012014203
0.013295245
0.22137432
0.97081316
0.9661125
0.99290586
0.7174409
0.9850574
0.90970635
0.9574362
0.99622405
0.99772006
0.99852896
0.99475574
0.99634284
0.996828
0.9973254
0.6032215
0.9980736
0.99525034
0.75929105
0.019689621
0.99517596
0.9930774
0.98095393
0.99515164
0.9998209
0.99241954
0.047852926
0.9869757
0.9753762
0.99562377
0.99772066
0.99659157
0.9977215
0.011370748
0.99491537
0.9932954
0.7130581
0.9998895
0.99946815
0.99651223
0.99733883
0.99984646
0.70845413
0.9993679
0.99837613
0.9960896
0.70689327
0.98604137
0.9963887
0.99753165
0.9183515
0.9947385
0.0028192904
0.9965341
0.9969965
0.9987902
0.07253656
0.9980306
0.9992962
0.9971106
0.24136434
0.10169867
0.9974509
0.08580627
0.99911696
0.99539006
0.9966365
0.99993324
0.90644175
0.0030870216
0.8658935
0.9978065
0.98463494
0.93576956
0.9995709
0.9957925
0.06843221
0.9924777
0.9762231
0.9989906
0.99625754
0.99846953
0.99567443
0.99633384
0.99892765
0.95101696
0.65579396
0.98046666
0.9980106
0.9907644
0.9750386
0.10144981
0.99214387
0.016883628
0.9998586
0.9976096
0.044085536
0.16695559
0.1045558
0.84028375
0.9985146
0.9868521
0.95215356
0.9958604
0.9976647
0.98859733
0.9967236
0.9847436
0.9945147
0.48809537
0.9889621
0.9877285
0.9928589
0.9955461
0.9869533
0.99252653
0.9813772
0.99705625
0.07863079
0.932822
0.9962205
0.9645746
0.9074366
0.9918379
0.9952089
0.9990903
0.9865617
0.9943904
0.13666707
0.92978853
0.12270824
0.009438104
0.9874166
0.9969446
0.4866833
0.4169867
0.99523664
0.9963548
0.9941427
0.9823156
0.9975937
0.99708575
0.9911981
0.9989981
0.97583175
0.5904263
0.9587291
0.007313166
0.99708277
0.99821186
0.9873962
0.99173486
0.99462885
0.9904406
0.8998065
0.99642414
0.04582636
0.9965419
0.992879
0.94725597
0.99504024
0.9995914
0.9646794
0.4802265
0.99896216
0.9965239
0.9984635
0.9944265
0.99665135
0.9916715
0.025138319
0.9976615
0.2293797
0.9901309
0.14373311
0.89423877
0.76509285
0.99343187
0.9990208
0.99865925
0.98528373
0.947158
0.9912485
0.9335104
0.014874944
0.43671215
0.91297156
0.03224135
0.9979545
0.9936412
0.01538172
0.9983783
0.99649686
0.013491789
0.9677019
0.01996374
0.8930566
0.99233246
0.987259
0.9957082
0.9965612
0.5864578
0.004006642
0.9999294
0.99991345
0.9920831
0.1360176
0.85838175
0.9220769
0.900217
0.979086
0.98907006
0.99664885
0.99778384
0.9963192
0.9990866
0.9780667
0.9951816
0.9953636
0.06070905
0.9953177
0.99579084
0.9451985
0.99954504
0.99368227
0.9970542
0.9987864
0.99788827
0.78483737
0.99555737
0.99885714
0.0023573549
0.9755722
0.9990963
0.97937256
0.9893209
0.992466
0.9875644
0.99532133
0.075765386
0.9967344
0.9981877
0.99730754
0.7614784
0.9921491
0.41632992
0.84243476
0.057054475
0.98921496
0.9774711
0.99385023
0.0066539375
0.9918317
0.4794962
0.1062995
0.81178147
0.99279577
0.99738437
0.076152235
0.56904596
0.030092388
0.9663284
0.04814231
0.9662846
0.9923752
0.9760233
0.034259442
0.99958473
0.9956528
0.9971712
0.9945966
0.8608485
0.9976266
0.9947062
0.012525437
0.9976624
0.9981658
0.3440871
0.112927295
0.99776995
0.9691093
0.99580365
0.98865384
0.9785567
0.6884975
0.9945374
0.26661706
0.9961683
0.99821424
0.99758077
0.9939475
0.7151417
0.9975198
0.14075556
0.991525
0.83581936
0.9795862
0.13654107
0.9815057
0.99175406
0.019556558
0.118733965
0.5177377
0.03211719
0.062249225
0.994144
0.9930534
0.7686781
0.42769143
0.99712354
0.9998702
0.09841593
0.98075336
0.99103934
0.9617258
0.52371895
0.9968796
0.1656278
0.9994822
0.9908477
0.9981433
0.9935616
0.99867815
0.033039957
0.95535356
0.7108379
0.46557364
0.99924684
0.8887899
0.99979407
0.9988745
0.9975987
0.9694762
0.9985154
0.15668304
0.99279344
0.021664413
0.73625034
0.99128985
0.99986506
0.99668616
0.9973947
0.995518
0.98632777
0.99396163
0.0122676175
0.9995059
0.9961817
0.993343
0.98989385
0.91550994
0.9433187
0.9885112
0.9947694
0.06753831
0.9981021
0.997083
0.03241173
0.9974916
0.9956061
0.92344666
0.905094
0.99281174
0.013919268
0.9847936
0.9957924
0.994484
0.99697125
0.14988598
0.9925599
0.9930668
0.4703179
0.99567175
0.99912184
0.8858318
0.8733826
0.9957367
0.9981577
0.9976966
0.99032414
0.9877714
0.40197933
0.99788946
0.9926892
0.98513246
0.99799854
0.982602
0.9946737
0.941451
0.90646905
0.9950257
0.9922714
0.9062134
0.9595607
0.94056684
0.9759386
0.99896824
0.16277789
0.14220384
0.9939511
0.98648757
0.5850277
0.9939919
0.999655
0.99369353
0.9970831
0.053052012
0.029612597
0.9599639
0.9868204
0.9961176
0.9972356
0.99324495
0.9908014
0.99927515
0.99496305
0.99886096
0.9901037
0.9970348
0.97852623
0.9297502
0.9892915
0.99765044
0.05174481
0.93062997
0.99968445
0.99117553
0.9852507
0.998825
0.9984402
0.9972832
0.010641029
0.815011
0.9488863
0.99702257
0.99463344
0.044298794
0.99896014
0.13666263
0.9984982
0.8503398
0.9373749
0.7937384
0.8168129
0.8777145
0.9956513
0.98177975
0.99455935
0.99622077
0.9892268
0.99978095
0.93362236
0.6894107
0.9990336
0.86416394
0.97507054
0.039797522
0.9983912
0.99632335
0.9962463
0.09426901
0.006734912
0.9938548
0.99832815
0.39468092
0.99358857
0.9928726
0.9970176
0.030811848
0.51862556
0.9970278
0.93174237
0.8944017
0.9858013
0.017867196
0.99967813
0.9854813
0.9915878
0.9847194
0.99860483
0.98972017
0.9973416
0.9956196
0.006522076
0.7597811
0.99616635
0.98660046
0.9979663
0.09945926
0.8577035
0.99994266
0.9685693
0.29393944
0.9988127
0.9952614
0.0692358
0.99536884
0.9985475
0.9987657
0.019017205
0.29871833
0.9882997
0.96474695
0.9995185
0.9933883
0.968642
0.9954644
0.99245936
0.90435386
0.6818278
0.9969559
0.9403931
0.99776685
0.9976489
0.997781
0.9668122
0.9984774
0.99762434
0.012737283
0.9997446
0.88924044
0.004107075
0.994793
0.99508345
0.996296
0.9980349
0.9997955
0.99185854
0.99535805
0.9917184
0.9248334
0.16676922
0.054170012
0.99802786
0.9915844
0.98785883
0.9917378
0.99739957
0.99913776
0.99563146
0.07211884
0.050236918
0.9664876
0.999676
0.98657054
0.75677574
0.949903
0.99979967
0.98646903
0.9968432
0.9982699
0.056020707
0.99641573
0.98904026
0.77261174
0.035355713
0.99402714
0.5111054
0.9996649
0.95213616
0.98921853
0.01780198
0.98713684
0.9981382
0.99238235
0.9964233
0.006326625
0.9942063
0.040487133
0.9835596
0.18377784
0.011973446
0.954981
0.9867684
0.9963582
0.9414177
0.9985568
0.99854136
0.21616282
0.9929436
0.019375069
0.011861892
0.9956541
0.9978131
0.9985738
0.08999958
0.03869701
0.99838114
0.9943277
0.99143666
0.9938379
0.998307
0.03909464
0.8470015
0.13677694
0.9928035
0.99392116
0.9940328
0.995615
0.029483339
0.8387411
0.97431654
0.9528259
0.95592546
0.9987149
0.99919206
0.9889826
0.9952573
0.014598751
0.9944752
0.99569345
0.05861003
0.9834252
0.99323374
0.0921145
0.8231763
0.50517964
0.8333961
0.99645424
0.9981906
0.9318287
0.9902513
0.83511305
0.99704236
0.99778193
0.99987674
0.9952756
0.7874432
0.087938815
0.99418914
0.99914014
0.9914117
0.99265
0.037676055
0.9998925
0.9606784
0.8466372
0.9965816
0.9951675
0.027188377
0.010219771
0.99508756
0.21541351
0.9951898
0.76982164
0.9934376
0.9982663
0.005015814
0.120126106
0.9952791
0.9925552
0.99885905
0.99754035
0.97187054
0.9975904
0.99688464
0.09488168
0.9887057
0.9955903
0.99962056
0.9872578
0.99004656
0.9984225
0.9402274
0.014536624
0.99080455
0.9935627
0.9954972
0.9937173
0.7134832
0.9878896
0.86059767
0.99854845
0.9952531
0.9970989
0.9887341
0.99793255
0.9991222
0.9873505
0.9890961
0.9948868
0.9841665
0.8827733
0.9946524
0.047640797
0.6724827
0.9892558
0.97860295
0.8425153
0.9967096
0.9500758
0.8019652
0.99764353
0.99724174
0.0048892554
0.99323213
0.9997651
0.9944121
0.99763215
0.995805
0.9974112
0.7780409
0.95596725
0.98289376
0.99759966
0.99844474
0.7608948
0.99695253
0.9988335
0.08198573
0.99666023
0.9984143
0.96692866
0.66781896
0.99928695
0.99859864
0.9901536
0.9402007
0.99952996
0.99934477
0.9723417
0.9984818
0.9943462
0.94932836
0.0065504946
0.04081495
0.995917
0.07512654
0.9907574
0.992126
0.99617
0.007279864
0.8831858
0.67724276
0.99282336
0.9997886
0.99554896
0.99076325
0.050244905
0.9776944
0.71062356
0.99736917
0.99206614
0.20747262
0.031239
0.9940831
0.99215955
0.98212874
0.008272877
0.9980768
0.95423657
0.20926027
0.399662
0.16269602
0.6915452
0.99777204
0.9826088
0.9996431
0.9983492
0.734127
0.98537964
0.9942545
0.9952443
0.9937674
0.96375775
0.8691179
0.96046543
0.13730684
0.99640816
0.9857427
0.99795556
0.98364776
0.028091617
0.9878158
0.07388805
0.07013048
0.9452218
0.9948874
0.9888543
0.020812074
0.99483514
0.94957757
0.99272174
0.7917168
0.9917447
0.9968965
0.996585
0.9957488
0.9979381
0.9722873
0.99003875
0.9985518
0.9694197
0.99041116
0.9971169
0.9941128
0.83093864
0.9950836
0.9481704
0.9909738
0.8626176
0.9901215
0.9816064
0.9933704
0.99558157
0.036333404
0.8746832
0.99154705
0.9957722
0.9871178
0.9277845
0.99668676
0.5295718
0.9977374
0.99776113
0.9946414
0.90469176
0.98086965
0.8396829
0.08024868
0.9985812
0.9405711
0.99622995
0.5839223
0.045186557
0.95660675
0.99843484
0.015546326
0.127369
0.9164993
0.9853485
0.86170626
0.9682514
0.9906579
0.04468314
0.0062869014
0.98738617
0.9969766
0.55715567
0.9987086
0.99686414
0.94379336
0.99493647
0.049334973
0.014306061
0.99382025
0.9987469
0.96471256
0.9968387
0.11368821
0.01121195
0.34245217
0.96884745
0.892734
0.29761004
0.9967385
0.41427016
0.14090277
0.24071796
0.037509307
0.9855031
0.9826361
0.9980361
0.9142314
0.91258913
0.9972282
0.9893539
0.8477282
0.9922626
0.9978059
0.77167195
0.9644028
0.012960464
0.99992025
0.9980494
0.9984446
0.99652183
0.01140851
0.96560353
0.9998678
0.99530506
0.9827161
0.99499774
0.9840794
0.9965634
0.99973935
0.9896958
0.99266654
0.44415078
0.9728239
0.99209595
0.97658664
0.99750644
0.9978818
0.08467886
0.8173709
0.72910005
0.9983596
0.69549036
0.014704173
0.9925161
0.9899805
0.99568164
0.9906288
0.9679633
0.9972826
0.9996772
0.9502855
0.9871662
0.77716774
0.99676347
0.9915092
0.97983474
0.99397284
0.6152376
0.032399286
0.998288
0.99157715
0.061256085
0.99984014
0.9618364
0.99437827
0.99845934
0.9985488
0.98936146
0.036255796
0.99602556
0.39684936
0.9839685
0.9429827
0.016328827
0.30473185
0.99827325
0.99770445
0.99991405
0.98596966
0.049610097
0.9509432
0.9981949
0.94317925
0.99686736
0.99992573
0.3968459
0.99883896
0.9866297
0.08911534
0.0323082
0.9541679
0.97785336
0.9975503
0.9954656
0.9841711
0.9985267
0.99806565
0.9930044
0.9972727
0.92934996
0.7606874
0.9961486
0.9725099
0.9929893
0.99313736
0.9966408
0.9428492
0.99524117
0.9981192
0.51365685
0.47728324
0.99790895
0.9923383
0.99005336
0.99688476
0.9424212
0.995449
0.0680452
0.99825925
0.10742337
0.9958248
0.9924816
0.99880934
0.7232077
0.95986164
0.9982994
0.9155506
0.99787974
0.7558877
0.9976184
0.9964521
0.9963659
0.024206359
0.99299896
0.99695516
0.22961715
0.0070716455
0.9857861
0.99988997
0.9973533
0.52673614
0.99796766
0.99703014
0.14588755
0.9978302
0.9997116
0.9164999
0.9958469
0.9724274
0.10961817
0.9582531
0.9991165
0.991585
0.013218231
0.92783177
0.992416
0.9983596
0.9858665
0.22806427
0.99869484
0.028604854
0.9950612
0.9954852
0.997741
0.6732845
0.030339133
0.8269535
0.99369746
0.92681766
0.99156123
0.7114586
0.99640405
0.99701536
0.99809283
0.9810641
0.99333936
0.68246377
0.4246453
0.019282857
0.9979796
0.9981598
0.10648408
0.9992859
0.99202603
0.99275357
0.9970952
0.567747
0.9771184
0.17207056
0.009346367
0.99887687
0.2804583
0.99773777
0.12029702
0.9983676
0.99242365
0.99649435
0.05545144
0.9996679
0.9984303
0.94984925
0.3237518
0.99688727
0.99472827
0.9990079
0.99773777
0.9978777
0.021646358
0.9948325
0.98644245
0.9973769
0.25718594
0.988689
0.9875426
0.99862313
0.99929535
0.2289525
0.9552154
0.9922767
0.99119055
0.9995796
0.9997367
0.10986893
0.020726204
0.99772495
0.99317193
0.99558216
0.995146
0.07526151
0.9963666
0.989189
0.99083054
0.9968046
0.9958762
0.99401844
0.021061052
0.99696165
0.9967892
0.6149761
0.03559699
0.9959448
0.9508733
0.9951775
0.9934242
0.99895346
0.9862408
0.7836182
0.9575337
0.82146317
0.99741924
0.98406017
0.9768687
0.9793737
0.9937093
0.9984836
0.98578227
0.99220544
0.9928042
0.99819726
0.9896271
0.9953316
0.99450326
0.9993709
0.55953574
0.9658274
0.07774526
0.99176204
0.9963612
0.99085426
0.98796743
0.9775711
0.15187733
0.9943739
0.9984028
0.99426925
0.82577294
0.07685035
0.97255105
0.995656
0.96186906
0.98312575
0.9950598
0.99544096
0.9652412
0.9987558
0.82904375
0.99167234
0.996795
0.6030122
0.9993617
0.07350536
0.994089
0.9829952
0.02675523
0.5919482
0.17322336
0.76420975
0.9920144
0.96355313
0.9918834
0.99410594
0.9928155
0.44679338
0.26824427
0.99865985
0.034843102
0.99111384
0.924028
0.9791981
0.9975407
0.1646232
0.62532693
0.95517963
0.9982274
0.9894761
0.99152815
0.99629384
0.113636225
0.9839498
0.9153858
0.8525463
0.9962161
0.9952904
0.7745942
0.03261374
0.9992693
0.97568095
0.96963227
0.20416923
0.90548307
0.9890287
0.99765885
0.992097
0.99734133
0.014742343
0.99110234
0.87830836
0.9985084
0.99762434
0.99543434
0.9747527
0.9974136
0.13801774
0.026903264
0.9686289
0.99230313
0.99675936
0.9864088
0.979002
0.5874112
0.9062902
0.9779277
0.99855345
0.99858177
0.47487113
0.9977283
0.99889344
0.06577414
0.9991792
0.9868276
0.04534422
0.9990392
0.9805787
0.9902794
0.5651854
0.98063743
0.6810043
0.008283258
0.9994267
0.7150011
0.9998616
0.98162687
0.9985108
0.99386215
0.03198054
0.9931658
0.99515814
0.9954224
0.92382926
0.99529415
0.99647105
0.09230073
0.9980969
0.01356051
0.67637265
0.9781577
0.10357944
0.97900385
0.98791677
0.9710759
0.2737514
0.99776673
0.99788564
0.67412865
0.9919783
0.9970293
0.9990138
0.99175537
0.99482733
0.98807424
0.9894963
0.9979809
0.990342
0.88085616
0.99706393
0.99624497
0.13712701
0.99771225
0.99630415
0.99911004
0.99800247
0.8657882
0.937294
0.9861944
0.9103852
0.98019993
0.9989039
0.99843556
0.95142114
0.9841021
0.99615675
0.9996333
0.43030074
0.994726
0.99314886
0.76703715
0.06513219
0.998922
0.99978286
0.9964282
0.99975246
0.99789447
0.9967616
0.8019083
0.9910892
0.99802846
0.99719363
0.40246582
0.8480724
0.9962075
0.99643147
0.9976417
0.99141824
0.9898061
0.98629344
0.98493
0.99669814
0.41735187
0.9903246
0.9895739
0.014686105
0.9955616
0.98599666
0.26720753
0.9898699
0.9958156
0.9988825
0.29650643
0.011485633
0.99883217
0.9961857
0.93886644
0.99762493
0.99776495
0.9902333
0.996942
0.54319584
0.9695181
0.996967
0.39174905
0.9640907
0.009777586
0.953127
0.014563433
0.110242665
0.9982102
0.9998896
0.98608416
0.92942095
0.98751885
0.9926842
0.99430144
0.9662275
0.9384491
0.9835751
0.9972658
0.9992436
0.096899986
0.99518305
0.9971095
0.9003891
0.3960799
0.9984345
0.9964977
0.9607534
0.8223305
0.99803144
0.9969471
0.97583634
0.97850275
0.9925252
0.9983713
0.0284168
0.9990939
0.98086
0.98559546
0.9947719
0.8921706
0.05522819
0.9316724
0.10282536
0.017827969
0.99880385
0.99502206
0.9981304
0.1398072
0.9996183
0.9975115
0.98881114
0.9965076
0.0195854
0.004897129
0.98552567
0.9979518
0.9995183
0.99848014
0.9992524
0.99399346
0.9007817
0.99778616
0.26366422
0.081647284
0.9996582
0.07146918
0.98960334
0.9969585
0.9644242
0.994718
0.6406359
0.94585913
0.87627774
0.14178915
0.99810046
0.9841234
0.9906889
0.9692374
0.9972517
0.9619242
0.96714574
0.2002371
0.0033826705
0.9983126
0.99276614
0.9953941
0.78910094
0.9984498
0.9849082
0.9909615
0.006773173
0.9969176
0.9983902
0.9988285
0.9727629
0.0182559
0.9494628
0.8925157
0.020290159
0.99562776
0.54229933
0.99922276
0.518458
0.99889696
0.07128274
0.9700034
0.007683673
0.9391571
0.0019595695
0.99478006
0.9884343
0.30802494
0.9939296
0.0031179523
0.9027421
0.9754817
0.9799193
0.91968584
0.99813277
0.9905218
0.9991923
0.9865878
0.026220853
0.99756074
0.99837756
0.96013397
0.44118682
0.9951639
0.9829161
0.9941784
0.99589515
0.99469274
0.74441123
0.9817516
0.9459952
0.63726854
0.9777656
0.969347
0.188369
0.9938818
0.69124085
0.9871969
0.99336714
0.9826821
0.41841266
0.98687893
0.9962614
0.98885685
0.9996234
0.99368227
0.99763227
0.98508745
0.99612695
0.9923814
0.9970674
0.07295476
0.9950505
0.99524033
0.17084558
0.9901619
0.9816762
0.007984179
0.07239145
0.94262636
0.03610935
0.9969189
0.9982545
0.9943777
0.8359935
0.9462349
0.966861
0.93004334
0.8630309
0.97386134
0.86700946
0.995129
0.9986802
0.94758725
0.6789592
0.998919
0.99816614
0.015185561
0.2498356
0.9858417
0.99560755
0.99688464
0.9967102
0.93064314
0.99727684
0.99043345
0.99939036
0.8594617
0.43826374
0.9648312
0.99605894
0.9992539
0.99745697
0.9911237
0.99539006
0.97885484
0.99609286
0.99614114
0.99708945
0.9625511
0.97450155
0.99215573
0.7644918
0.09639515
0.010112157
0.9865455
0.9970361
0.0910047
0.050353065
0.06633197
0.99904495
0.712099
0.9965318
0.99714917
0.9778178
0.99528694
0.9986992
0.9982515
0.9815512
0.9986929
0.024130816
0.97656816
0.16569649
0.9951336
0.99943155
0.9930767
0.97251433
0.9961099
0.9970005
0.9899302
0.9950052
0.03436529
0.99720085
0.9977818
0.9986778
0.9985551
0.9851976
0.92492414
0.9970643
0.9922012
0.9978142
0.997673
0.066868044
0.9865123
0.99854916
0.99322456
0.99046516
0.99807394
0.999218
0.9040972
0.9753652
0.9998567
0.953702
0.9767129
0.997572
0.9893945
0.10887482
0.9991154
0.9947395
0.995158
0.9936422
0.99236405
0.9976907
0.98334527
0.034450345
0.9262884
0.99573225
0.98825514
0.9949432
0.89990765
0.99434704
0.9881483
0.98284215
0.7643286
0.98921996
0.99789953
0.99217826
0.9982323
0.9947241
0.12645727
0.93630224
0.99955004
0.8417047
0.99956197
0.16050404
0.99907804
0.99036485
0.9971233
0.9939023
0.9942046
0.9971513
0.9817147
0.033810094
0.98965645
0.6262081
0.994886
0.99435645
0.9356288
0.997512
0.99582773
0.9967237
0.9941737
0.077964716
0.9625689
0.93014765
0.025949117
0.99965465
0.7905379
0.037666176
0.99733657
0.9908998
0.8268125
0.10139199
0.99602807
0.9988367
0.78754044
0.85041994
0.9978131
0.5133749
0.9734953
0.99550277
0.9986261
0.9978071
0.99764
0.996878
0.9973634
0.99813974
0.99830127
0.99887973
0.035423487
0.87529397
0.9975998
0.96682054
0.97011805
0.021115413
0.9983246
0.039605673
0.9623783
0.998429
0.99836475
0.99710923
0.23380552
0.902548
0.115011685
0.98917496
0.9923034
0.99215865
0.9999002
0.9933878
0.018229662
0.99664885
0.08972584
0.99977857
0.96120036
0.9859759
0.9982153
0.9884427
0.9928356
0.70858014
0.9988086
0.98639363
0.9912724
0.9947031
0.6453833
0.027413238
0.9973494
0.9841601
0.95328146
0.9477579
0.9535115
0.9973477
0.4226113
0.97709274
0.009692627
0.9955539
0.9928999
0.9976375
0.99972683
0.9928691
0.006480393
0.9404001
0.99774593
0.9990246
0.9978003
0.99425197
0.9928716
0.040902667
0.9975038
0.99269205
0.9953458
0.4813219
0.99436235
0.061731715
0.85824466
0.99921787
0.9997962
0.9896142
0.99634284
0.9686771
0.99989235
0.65830386
0.6868296
0.99930155
0.99718565
0.9877615
0.9875557
0.0048292177
0.99053216
0.9961857
0.9911849
0.97593904
0.5849956
0.99965155
0.99257964
0.98818874
0.9996878
0.101078115
0.99719393
0.9916583
0.6690508
0.9914483
0.98988056
0.16661493
0.9972132
0.026985664
0.0127753485
0.9080523
0.58576775
0.014730379
0.9926375
0.99124056
0.105498716
0.017093688
0.044311583
0.067740284
0.99248147
0.012146449
0.9986985
0.9151253
0.99455136
0.040642183
0.99812084
0.99835736
0.94100606
0.84682894
0.9996687
0.99842787
0.9471547
0.9982753
0.9975262
0.32040584
0.05120971
0.57634825
0.9998306
0.9986596
0.96824616
0.7411316
0.93123615
0.99544144
0.99858344
0.99925715
0.9838419
0.9947377
0.008587596
0.9675896
0.9894511
0.9912333
0.99714893
0.91177803
0.99063724
0.9941321
0.9994136
0.7874648
0.999759
0.9773483
0.004479749
0.9964366
0.9998313
0.0064236578
0.9318322
0.9987186
0.06331023
0.9956937
0.9978465
0.996469
0.9732458
0.9956275
0.99615556
0.9942973
0.99574935
0.06306023
0.14163585
0.9309662
0.9700382
0.9960295
0.9807418
0.8744927
0.99699855
0.034246296
0.9793376
0.9551024
0.99784327
0.9999083
0.99944144
0.922523
0.9868325
0.09072347
0.94867235
0.88580537
0.86982936
0.9951383
0.01449774
0.999244
0.9987991
0.9766208
0.092004195
0.12964846
0.9986737
0.99214935
0.025416628
0.048070297
0.99902654
0.9989636
0.99433243
0.010414131
0.9968221
0.92868084
0.9976463
0.99048436
0.99698144
0.9978909
0.9961355
0.99129194
0.99314934
0.010420074
0.017789995
0.9901709
0.9929363
0.9989372
0.99603915
0.92302233
0.9988979
0.0042705373
0.9901125
0.99575424
0.98895824
0.9937587
0.9967668
0.996027
0.9984635
0.99190086
0.9891382
0.99867344
0.9467224
0.37365872
0.99487853
0.041352063
0.98886234
0.4818785
0.99863285
0.05199178
0.9843928
0.25433612
0.8053757
0.9901219
0.97390175
0.99241537
0.99729013
0.99723357
0.102778636
0.982631
0.060603306
0.9967638
0.015893461
0.9956397
0.9983909
0.9927046
0.99758387
0.52371615
0.9150386
0.99401665
0.99748766
0.99646604
0.99554175
0.015289899
0.9837436
0.94516766
0.6257658
0.9982109
0.9866794
0.9645757
0.9474315
0.99266535
0.98413575
0.9938287
0.61535716
0.98339957
0.04572146
0.9983448
0.9982951
0.84938264
0.9971418
0.7597983
0.9945859
0.007074703
0.99280167
0.97110647
0.99966323
0.9973972
0.99596417
0.0070758355
0.38947132
0.9959616
0.97960573
0.012252062
0.9932539
0.066061236
0.99686533
0.99542063
0.92108476
0.9974903
0.9959345
0.56520754
0.9977938
0.79934317
0.9895784
0.9967205
0.99706954
0.99930906
0.028474346
0.9984768
0.9992323
0.104920834
0.9862716
0.0040611383
0.997349
0.9995566
0.9982687
0.97576183
0.9913474
0.99528295
0.9923234
0.9393801
0.86955595
0.73791224
0.01692144
0.9753518
0.999882
0.99451065
0.7171844
0.022097625
0.047435816
0.9974566
0.99765897
0.99958104
0.9984408
0.47241262
0.99002445
0.99649554
0.9946642
0.9931432
0.99782443
0.9975337
0.00907087
0.6576922
0.99392223
0.9123179
0.01133815
0.0670076
0.9719872
0.9936659
0.9980737
0.28997806
0.4803728
0.99570507
0.9981665
0.9975393
0.9650906
0.9782631
0.99720347
0.69394946
0.9957712
0.9992824
0.7870546
0.045618337
0.070314884
0.9529848
0.9760405
0.98953605
0.9922311
0.023126842
0.9970137
0.9977182
0.2890421
0.99032146
0.99818724
0.8087181
0.9979054
0.9913049
0.17471465
0.7843006
0.027852338
0.77714247
0.99794906
0.98979366
0.9702279
0.94608647
0.7210907
0.99473697
0.9988667
0.9938624
0.9933581
0.9950511
0.9960459
0.9642792
0.04055573
0.99806637
0.9974474
0.9957202
0.88448054
0.9964407
0.99473035
0.70403945
0.9469678
0.9577204
0.017358372
0.99810517
0.9862976
0.06532616
0.9978004
0.051966902
0.99988055
0.97962785
0.9351473
0.9957378
0.9839548
0.88474977
0.013757717
0.99177635
0.03288684
0.95044184
0.99867404
0.9992361
0.6969701
0.8889938
0.99786276
0.122280166
0.9955056
0.9998217
0.9976319
0.933915
0.012986952
0.998563
0.99723405
0.98449254
0.9889502
0.9454123
0.997577
0.9954503
0.99395293
0.9981775
0.9998927
0.99866164
0.99871373
0.95263886
0.9963219
0.99691904
0.9898371
0.08327727
0.9433307
0.9872799
0.9958709
0.98039067
0.99397993
0.9988564
0.95421714
0.95749706
0.9849342
0.99068403
0.9910234
0.988749
0.9974137
0.9947666
0.9978702
0.98469007
0.9857523
0.99763477
0.99551433
0.7448803
0.29231507
0.9945649
0.13390855
0.99726117
0.97420746
0.9987469
0.012278797
0.012484637
0.0075937966
0.020806972
0.9933709
0.057595674
0.9688667
0.03412205
0.044122025
0.016067209
0.9992532
0.9731045
0.9871722
0.99595827
0.4786232
0.9975079
0.9421961
0.99743015
0.99224794
0.99808717
0.96809757
0.99800247
0.99569356
0.9909961
0.12616792
0.9923503
0.99719787
0.9849985
0.96931934
0.87966824
0.051429622
0.048632342
0.99689037
0.99365705
0.99685955
0.91802204
0.9883122
0.9957117
0.98977554
0.28282195
0.69284487
0.99127847
0.010217938
0.02231929
0.98654467
0.99988997
0.99246854
0.9974228
0.9972109
0.9996358
0.36099717
0.992126
0.9998759
0.016106464
0.97905135
0.99680316
0.9930656
0.025991753
0.9991235
0.9947364
0.9994967
0.13299555
0.99919754
0.99982387
0.9985505
0.9962664
0.050883424
0.99838686
0.99759066
0.9926122
0.9882109
0.9908862
0.9684861
0.25407812
0.99520016
0.9729706
0.017958656
0.9798013
0.88221747
0.9954418
0.0316156
0.9975223
0.9932634
0.9951657
0.9138704
0.9989755
0.932814
0.9791077
0.9957302
0.9548703
0.96877444
0.990537
0.99713314
0.99564976
0.9972211
0.98508203
0.9981736
0.9983986
0.9814849
0.98610234
0.041561082
0.9821927
0.99884963
0.7902485
0.98189235
0.7572682
0.99091375
0.99324095
0.9768063
0.9994404
0.983896
0.9935354
0.9731837
0.99832433
0.9977672
0.99627495
0.9972051
0.993159
0.94090253
0.9978727
0.9990545
0.9916112
0.9966569
0.9542887
0.008604192
0.9899767
0.9879479
0.9751278
0.9903537
0.9962745
0.99375784
0.48967016
0.9173676
0.9955688
0.9991466
0.02529677
0.9963154
0.015665177
0.9956008
0.99919313
0.992841
0.9832571
0.9954684
0.9635515
0.99869967
0.9980704
0.99598205
0.9944511
0.999645
0.16905071
0.037951577
0.9974185
0.18884198
0.99660456
0.9884284
0.12690043
0.98733705
0.9923999
0.63065714
0.9827853
0.9932533
0.99486935
0.024391053
0.9774729
0.99024266
0.057918515
0.99738306
0.99427855
0.049371406
0.98901635
0.9963731
0.9208063
0.9504399
0.98873514
0.9785428
0.6795248
0.9873237
0.99047256
0.99010414
0.98171127
0.99083394
0.13168068
0.9397033
0.9831092
0.9997814
0.9165634
0.9980379
0.997053
0.08258616
0.9989184
0.99875665
0.95965004
0.9912982
0.99232566
0.9989912
0.9995877
0.99908876
0.008096689
0.99919754
0.99640334
0.99280244
0.99607545
0.99615437
0.99615616
0.9987785
0.9819725
0.99507517
0.9529502
0.9887483
0.9905033
0.9672811
0.9895112
0.9915314
0.99925476
0.99171925
0.9992017
0.94445056
0.9959831
0.06439807
0.7068085
0.05842826
0.04770073
0.99401504
0.9977724
0.12168718
0.96057904
0.024420142
0.99855846
0.9990778
0.92526805
0.9525203
0.99746025
0.07782593
0.9974699
0.99335265
0.994948
0.9455228
0.9965064
0.9892586
0.102902606
0.027337601
0.9471471
0.9821247
0.97688645
0.9999455
0.99990416
0.9990257
0.971642
0.99366015
0.99362355
0.9978028
0.9979691
0.99464476
0.9947285
0.017256647
0.99903023
0.6305672
0.99981004
0.011022517
0.9979144
0.87941575
0.99850166
0.99579287
0.029679852
0.99827194
0.9945259
0.99840623
0.3904331
0.36872542
0.9956371
0.9705175
0.04835991
0.991
0.9952933
0.99583036
0.5704701
0.9972337
0.99007696
0.9829433
0.9999213
0.98740107
0.9976642
0.96486336
0.06015137
0.9981445
0.9978327
0.8197585
0.996161
0.99235326
0.9940999
0.9917385
0.9956649
0.9867476
0.8986668
0.9923693
0.99060297
0.6487206
0.11749801
0.98273015
0.9997042
0.9944174
0.99274373
0.99956816
0.99787414
0.042523026
0.9930674
0.077607684
0.9930519
0.9974383
0.974843
0.99629956
0.86069864
0.9663462
0.9988103
0.9828849
0.66796345
0.99195224
0.9934622
0.007851419
0.8304829
0.13065152
0.996207
0.8175021
0.91572964
0.99902666
0.9900682
0.10923595
0.9734793
0.9888474
0.7707878
0.9952324
0.018976817
0.7983038
0.23485565
0.9947796
0.99360526
0.9949522
0.99894184
0.9989975
0.99824834
0.9965749
0.9994779
0.89518905
0.9449728
0.9994823
0.3471219
0.97242427
0.9953762
0.9944376
0.99478537
0.9961356
0.99382234
0.9935802
0.99778396
0.9989887
0.99796605
0.96460927
0.08085851
0.028819665
0.9519184
0.054992303
0.9965842
0.9949903
0.9956968
0.99109674
0.99915135
0.99809784
0.9503208
0.76454854
0.9968612
0.99883634
0.009561229
0.9920729
0.9102747
0.94756466
0.99422944
0.17997688
0.0054130964
0.99885166
0.9987859
0.9996402
0.99739957
0.9989936
0.9904847
0.99588275
0.970619
0.99486625
0.9957054
0.99071634
0.998602
0.9942181
0.9233511
0.76519597
0.99946696
0.0153268585
0.069563545
0.94181937
0.9688154
0.28589785
0.99051255
0.9975719
0.98045164
0.98723906
0.99892527
0.998857
0.9947961
0.9736018
0.12215528
0.10012449
0.9998834
0.005256869
0.92554045
0.99947697
0.97795355
0.018773079
0.9634622
0.998988
0.9934516
0.9978928
0.9952022
0.99336505
0.7642029
0.7889146
0.9851054
0.9986773
0.896046
0.92335814
0.055011872
0.33077687
0.98530734
0.76464707
0.9914876
0.9570422
0.99755573
0.99784946
0.9268381
0.9978975
0.88848144
0.98676157
0.99978775
0.99452555
0.49327406
0.9287594
0.9954137
0.99907506
0.850628
0.99159217
0.09962837
0.9988423
0.99937755
0.9980116
0.9940479
0.99595237
0.81563747
0.9956916
0.98146856
0.9991203
0.98930013
0.8732362
0.9953166
0.8206546
0.9934436
0.9992052
0.9966708
0.85268545
0.99876726
0.9860908
0.99902713
0.97614497
0.013784249
0.9994961
0.9973085
0.9872061
0.9931179
0.90046716
0.71766275
0.99811375
0.98751324
0.99858403
0.99844116
0.99685943
0.99822444
0.99736834
0.9945221
0.9736354
0.055632204
0.93073547
0.99725443
0.9927625
0.049335197
0.73615533
0.9955052
0.99821955
0.01979847
0.9908675
0.9976579
0.124486476
0.009045706
0.99644595
0.025553072
0.9833613
0.6134777
0.94370204
0.97936183
0.9886253
0.9794041
0.9910288
0.99850106
0.8476508
0.99748033
0.98949206
0.99991715
0.015743203
0.97632027
0.99467635
0.98042744
0.99286735
0.99887973
0.9751295
0.9981704
0.9974806
0.08426168
0.99515873
0.9997358
0.023853414
0.8506638
0.08053016
0.98596257
0.9194401
0.9998355
0.99947363
0.99941957
0.9959667
0.9923105
0.9949256
0.9934535
0.9890314
0.0104934275
0.9936878
0.9972071
0.9900321
0.98763883
0.9764866
0.92432916
0.9987149
0.9976017
0.9970693
0.5197383
0.99789524
0.18989871
0.92896664
0.99308854
0.9902492
0.9977018
0.9997037
0.99477875
0.91988117
0.010766884
0.9910296
0.9969296
0.057145424
0.99715483
0.015123603
0.8075873
0.9195611
0.99578553
0.9967675
0.4939423
0.99212986
0.998251
0.9776793
0.99663675
0.96677643
0.9937517
0.9830025
0.9762798
0.9967235
0.99772817
0.9990601
0.95245236
0.97899663
0.96783596
0.99943405
0.9874773
0.9980363
0.99701726
0.4957908
0.92727345
0.9744101
0.9990283
0.046603132
0.9983253
0.4956383
0.9851686
0.9997305
0.95076704
0.032015525
0.99314594
0.06702525
0.9990522
0.9636332
0.99955314
0.9980205
0.9950872
0.92422867
0.9894175
0.80642194
0.86063224
0.042200506
0.74919564
0.99755067
0.9952917
0.9989247
0.9987627
0.8925194
0.9944872
0.055977654
0.99682546
0.9981816
0.9969049
0.9955734
0.6054004
0.9732668
0.6288322
0.9271286
0.9979475
0.9978648
0.06612914
0.9875257
0.9974262
0.32481638
0.9944931
0.9982133
0.9846667
0.8344143
0.023199048
0.9981573
0.9979381
0.7112928
0.72272724
0.9790692
0.016573807
0.9924516
0.99842596
0.99767214
0.99861944
0.9842098
0.99531966
0.9980566
0.98531497
0.9969405
0.7359797
0.46346053
0.9965496
0.9994791
0.9912717
0.93599945
0.9953761
0.9995233
0.99334645
0.22681005
0.45069745
0.8820459
0.9913634
0.9702304
0.99637777
0.9843397
0.9973097
0.94439334
0.99314636
0.9968369
0.9313003
0.91855097
0.9997824
0.9993311
0.90745336
0.9947678
0.033777818
0.9988869
0.9947654
0.98070025
0.058551572
0.9982805
0.998963
0.9616312
0.39736843
0.77570957
0.99988735
0.99784243
0.98465586
0.99603504
0.99514455
0.99348867
0.004841484
0.7736049
0.9965664
0.998396
0.95687395
0.92765605
0.99099076
0.4076349
0.029108776
0.9172569
0.9872765
0.9989967
0.041136663
0.56637245
0.99787486
0.9989624
0.87799203
0.99236625
0.9854311
0.99929476
0.99858946
0.21748374
0.95818394
0.9838526
0.9998385
0.808267
0.9968347
0.9857615
0.99835336
0.9978824
0.99663275
0.9458629
0.99061906
0.97609895
0.98135006
0.052171957
0.082093544
0.14547704
0.9954898
0.70917684
0.99657947
0.99915004
0.9988802
0.99533194
0.88707286
0.37620148
0.9584275
0.99732167
0.339358
0.8675753
0.99517524
0.99740064
0.06734543
0.9975304
0.9694975
0.9927384
0.99991775
0.98723894
0.98792857
0.99536043
0.9188679
0.37354347
0.9999275
0.99726117
0.9969182
0.9921002
0.017776884
0.9979919
0.9688072
0.99780685
0.5133746
0.5124974
0.9997315
0.994632
0.9974482
0.9998467
0.36693698
0.027321555
0.087494984
0.99909866
0.99067783
0.06914777
0.0141051235
0.9154587
0.93110573
0.9925862
0.9158722
0.99685043
0.9949325
0.9648878
0.9721327
0.9620493
0.8832883
0.9990188
0.9940209
0.6114371
0.99586177
0.9986518
0.1724264
0.9969464
0.99855465
0.45716986
0.009667682
0.99105835
0.9978908
0.99257773
0.05645632
0.9982622
0.9986364
0.22778267
0.056423992
0.9968934
0.03051989
0.9740502
0.9911141
0.97748715
0.9972498
0.9991647
0.9820389
0.98162204
0.99408156
0.991839
0.99636614
0.10009151
0.9926581
0.99776065
0.99224734
0.98837703
0.9925896
0.98932755
0.9837029
0.84673774
0.99300015
0.09164679
0.16954878
0.99624795
0.99719965
0.9946483
0.998106
0.24925289
0.9856076
0.99973005
0.9997137
0.99403703
0.9134061
0.8894028
0.9932325
0.9981974
0.9954364
0.962821
0.98498803
0.8976519
0.994467
0.99802005
0.9978351
0.92852193
0.99904794
0.87963265
0.9934309
0.9953935
0.99957234
0.7281397
0.9788109
0.9975858
0.9425461
0.99578494
0.9919572
0.96140426
0.9822067
0.7820577
0.9802151
0.9946643
0.8770572
0.9949162
0.052435722
0.7937534
0.9419618
0.94433916
0.0921463
0.9996152
0.99894243
0.99922264
0.993956
0.99762243
0.9903465
0.999037
0.9704808
0.99926835
0.9970892
0.99529666
0.57363355
0.9984818
0.9971117
0.9993048
0.93164986
0.99787223
0.9599282
0.9491212
0.98211884
0.951748
0.96695656
0.99454945
0.99692184
0.11830265
0.9596601
0.99973327
0.37662685
0.9946563
0.02845279
0.7769271
0.9998272
0.036322966
0.99569076
0.01680705
0.011188313
0.9670164
0.978371
0.9084357
0.9857901
0.9982139
0.9961086
0.98961896
0.8759809
0.98528594
0.99700075
0.9775103
0.98644817
0.9970198
0.077035
0.03649494
0.9956352
0.99607074
0.029250858
0.97791594
0.18098895
0.9965829
0.31554633
0.9838508
0.9995121
0.97516894
0.04851647
0.99981505
0.9948879
0.04338501
0.9968064
0.040723223
0.9615354
0.9983034
0.92729825
0.91034216
0.9996588
0.8928298
0.9994542
0.9873225
0.9893935
0.99295616
0.9965054
0.5925557
0.9982096
0.9987355
0.9336218
0.123002596
0.9996761
0.9673216
0.082947895
0.97676647
0.99474096
0.99805814
0.05757325
0.9987779
0.9489261
0.99930525
0.99284416
0.99639267
0.99935335
0.9992416
0.99941003
0.98373204
0.99978775
0.99619365
0.26520213
0.8274766
0.32843742
0.01405621
0.99364686
0.9911136
0.99887973
0.009179571
0.960552
0.021068657
0.573631
0.9977731
0.9822464
0.99543285
0.99854374
0.99989176
0.9960145
0.993874
0.939855
0.9937308
0.9689781
0.98230964
0.9980829
0.04827018
0.9906515
0.968147
0.9919887
0.99836606
0.9960239
0.03468814
0.98289293
0.98005325
0.994517
0.13998733
0.98674834
0.010593684
0.99329174
0.99877554
0.9900681
0.055733953
0.27048886
0.9783051
0.99699736
0.43953145
0.041386157
0.9991153
0.992443
0.9569031
0.93621624
0.98418206
0.9935197
0.005203014
0.9901661
0.013431426
0.9986098
0.47740775
0.99906176
0.8403122
0.7225893
0.9988965
0.98817563
0.9996093
0.99710506
0.9901287
0.9914635
0.99982506
0.947457
0.15912479
0.9988348
0.04396223
0.87879777
0.98543674
0.13072988
0.02404295
0.9925925
0.99753225
0.98811334
0.011056909
0.8224757
0.13110231
0.96691126
0.4874674
0.98847383
0.8484495
0.99608254
0.9711708
0.98896515
0.98614454
0.99297005
0.96518266
0.9799898
0.84307975
0.010544313
0.9992508
0.9915268
0.9240113
0.99840885
0.04729968
0.7128795
0.9929327
0.9971079
0.07473253
0.99840987
0.06458367
0.9983993
0.01703673
0.38973507
0.74515086
0.83051246
0.17274259
0.9996031
0.016278325
0.98706496
0.8388511
0.9750982
0.07048439
0.34380257
0.99910235
0.72296095
0.99883825
0.059065226
0.027470041
0.98790246
0.9974759
0.9928973
0.99725646
0.2724865
0.9956512
0.88998216
0.9926924
0.5914694
0.9924597
0.115855046
0.9960743
0.997053
0.09940539
0.9671656
0.04358667
0.9937231
0.81436634
0.9998672
0.27954665
0.99523675
0.96059126
0.008567666
0.9764405
0.98403394
0.99892455
0.99883443
0.9399548
0.99266076
0.010718772
0.9885415
0.9839945
0.9057054
0.99269015
0.9833187
0.9965553
0.97793204
0.96889347
0.99991465
0.99372333
0.9861048
0.98843133
0.9991812
0.99252254
0.986524
0.12519093
0.9959544
0.9966928
0.99546576
0.99393684
0.9924158
0.83818716
0.99147356
0.99614173
0.020641178
0.04417552
0.86732495
0.7154522
0.9611406
0.9996295
0.98599875
0.9911078
0.979506
0.9953113
0.98975617
0.98346645
0.9598107
0.83362246
0.99135923
0.49087167
0.511372
0.9927866
0.9934957
0.9969897
0.029222695
0.643576
0.98951495
0.056807667
0.99760973
0.9991534
0.99289167
0.9933675
0.99624264
0.9964581
0.9973851
0.99991095
0.9938526
0.99079293
0.9955403
0.9955403
0.98298633
0.8688331
0.9974554
0.9986066
0.99651474
0.98775893
0.04050225
0.99867165
0.9974038
0.9984577
0.9963283
0.05823163
0.24049687
0.994753
0.8330155
0.02016975
0.9987262
0.9990319
0.9826119
0.979421
0.010563609
0.9955924
0.9911177
0.9955468
0.99738663
0.98591924
0.91786593
0.5148458
0.86529475
0.055085212
0.0070970734
0.9940743
0.9211429
0.9947231
0.9963586
0.077792436
0.9949445
0.9062753
0.8274983
0.9965283
0.9950178
0.99642426
0.9965013
0.9912368
0.94847107
0.99821424
0.13416228
0.9888243
0.19506803
0.9961882
0.9970806
0.99911493
0.09117728
0.008994427
0.0098748235
0.035804145
0.08548361
0.12704974
0.99789447
0.99827754
0.99224794
0.99978656
0.96716475
0.98285204
0.11726037
0.9992336
0.9782688
0.999268
0.9725911
0.99466974
0.99179935
0.5716413
0.99472827
0.99772316
0.04674724
0.9984737
0.99948585
0.9637263
0.9673148
0.9277982
0.15826379
0.9755715
0.74382186
0.9977062
0.993877
0.99177563
0.9970161
0.996358
0.99473864
0.9975967
0.9972784
0.96154404
0.9993249
0.9932848
0.9954171
0.058873586
0.07755558
0.99260724
0.021463163
0.97117114
0.99262446
0.999944
0.9976513
0.99889034
0.98984444
0.7135757
0.9997708
0.9750914
0.9939553
0.70278615
0.53783625
0.9932847
0.9686827
0.99838305
0.99512947
0.99081576
0.99864596
0.40510532
0.93736714
0.6117425
0.01422357
0.9245481
0.98507106
0.98367494
0.03757308
0.029766228
0.99731964
0.99486357
0.9994168
0.9546374
0.99845684
0.8579622
0.16271058
0.9957117
0.9382669
0.99931777
0.32015643
0.061300788
0.90213686
0.08970207
0.9948318
0.99060655
0.9898022
0.99827695
0.9932348
0.9713571
0.99928254
0.9977271
0.996995
0.9982868
0.9932783
0.9957196
0.9856542
0.98236024
0.9978516
0.99403596
0.99804664
0.99030226
0.938552
0.26260522
0.7867873
0.98766184
0.9797371
0.9690689
0.9940831
0.4408023
0.9984744
0.9817555
0.9979693
0.4969057
0.9901724
0.99872106
0.7043739
0.9938985
0.9784369
0.9871312
0.9997086
0.41225025
0.9669434
0.9980678
0.9974801
0.9934876
0.9969387
0.9962463
0.032081053
0.9977053
0.40094122
0.024551157
0.9956648
0.87294203
0.99955565
0.9904218
0.98537296
0.9924126
0.0063631125
0.04922178
0.99813217
0.9917454
0.9898095
0.9969087
0.988166
0.12088892
0.991719
0.02747484
0.993972
0.99958247
0.96124595
0.99644923
0.08405258
0.99840766
0.9975037
0.008751392
0.18703423
0.9892708
0.9908528
0.99080795
0.026073476
0.9951793
0.9798916
0.07779016
0.9900907
0.9913658
0.0714464
0.99594265
0.9982424
0.93828976
0.99784064
0.99977475
0.016465666
0.9970728
0.016971843
0.97801626
0.017325202
0.0062651364
0.97309947
0.99777955
0.9991553
0.99894327
0.8398875
0.999463
0.99298805
0.8965666
0.9993388
0.65699756
0.6984432
0.69925267
0.1348221
0.99974984
0.9933403
0.9952856
0.35120857
0.9616584
0.12877949
0.9478214
0.99821174
0.06556486
0.9984555
0.21577987
0.9795004
0.97628456
0.9313961
0.94651043
0.9992119
0.99759346
0.9953296
0.99602973
0.6888153
0.9990619
0.008152912
0.99710816
0.98796976
0.99151915
0.17459187
0.024460549
0.9995353
0.99280655
0.030796692
0.99989307
0.6822263
0.030047996
0.99752885
0.99602306
0.99876827
0.9959882
0.9910858
0.9916475
0.9961576
0.99953353
0.9979791
0.29975092
0.9407239
0.99221945
0.726305
0.065852724
0.99972135
0.20482104
0.9992091
0.8599932
0.9914193
0.06439569
0.9997433
0.9987324
0.9917134
0.9992944
0.9932788
0.9998098
0.09268822
0.9969797
0.9980154
0.9882804
0.99248624
0.7866555
0.07194621
0.99301165
0.99233645
0.8203517
0.99108785
0.95135134
0.9977301
0.9979017
0.978832
0.32092398
0.99861944
0.9914266
0.99709153
0.9893099
0.996949
0.99964786
0.9998419
0.9897586
0.9968706
0.025634725
0.013770429
0.9865796
0.03866461
0.9980324
0.99392337
0.9934602
0.996872
0.9914197
0.061139163
0.99392164
0.99589765
0.9967489
0.026928637
0.96954846
0.95089585
0.99534297
0.98405564
0.9466578
0.9673422
0.97112256
0.9968354
0.031703103
0.97583336
0.9958091
0.99486613
0.99642366
0.086140335
0.9981006
0.9975145
0.44292036
0.16507366
0.98933977
0.99815935
0.9254816
0.99851054
0.9844008
0.9939983
0.9977907
0.08322063
0.996729
0.9962057
0.046785854
0.9965161
0.9961825
0.996968
0.9901192
0.9986085
0.9973507
0.9878686
0.14666231
0.99985623
0.9904221
0.043410964
0.99765176
0.082093336
0.9986563
0.99400055
0.99133927
0.9984389
0.98439276
0.92463106
0.975493
0.541569
0.9999536
0.026673619
0.9998927
0.11933436
0.99779665
0.9994815
0.9846031
0.0035642611
0.15014651
0.9986468
0.88493645
0.99739325
0.9674059
0.99987817
0.99765414
0.58603716
0.08109526
0.9721725
0.98386496
0.90297955
0.484341
0.8049185
0.002509818
0.99587905
0.9985398
0.01825491
0.9928606
0.999329
0.9969415
0.9991115
0.9959351
0.99887985
0.9976376
0.9926394
0.9747249
0.017984653
0.99328184
0.7906543
0.99957556
0.9981623
0.9960686
0.9996816
0.52134615
0.9880305
0.97935987
0.99211836
0.6637844
0.72216004
0.97839797
0.9934121
0.9996903
0.80737805
0.990294
0.9418851
0.99621326
0.9939189
0.99770564
0.9964078
0.99808
0.9813417
0.99032634
0.99416333
0.9971534
0.9959681
0.9885329
0.9941478
0.9961324
0.9950169
0.9905528
0.99213964
0.9958735
0.14677626
0.4763389
0.99565744
0.06925395
0.92217845
0.9959668
0.9932526
0.9853446
0.96990526
0.9973748
0.9978148
0.99331987
0.99788207
0.9964405
0.99681586
0.9990054
0.32009563
0.99827445
0.9916624
0.99644095
0.04937981
0.9949778
0.9989882
0.999191
0.9995276
0.9571288
0.9918513
0.88922536
0.9957633
0.8408909
0.0076914285
0.9925856
0.997684
0.9964748
0.9863434
0.8594702
0.0025907662
0.99600166
0.995265
0.99940836
0.9979153
0.14144622
0.9975763
0.17647718
0.98332596
0.9987716
0.98667204
0.9964205
0.9994616
0.01435753
0.6535307
0.98002094
0.9974323
0.9975702
0.99779725
0.024508752
0.996959
0.9998988
0.99918836
0.9241986
0.8501532
0.97969097
0.9932046
0.98847175
0.9988907
0.13515314
0.9999083
0.0656533
0.052960508
0.10555259
0.99734026
0.82816553
0.10386569
0.9973429
0.031157222
0.033040244
0.023475498
0.99786085
0.9989287
0.006233314
0.9944547
0.03714982
0.06964966
0.99620736
0.08399384
0.9650858
0.9941551
0.98792225
0.091911726
0.99811953
0.07100698
0.99920636
0.9959609
0.9915854
0.9968767
0.96406376
0.99931026
0.9917122
0.9455462
0.9996799
0.5108203
0.987022
0.99349904
0.9971795
0.6731923
0.990764
0.99432653
0.44819617
0.94240594
0.9962393
0.052013565
0.9973705
0.7280631
0.014479908
0.07876874
0.96117556
0.99765307
0.99911803
0.9979329
0.9666531
0.99150825
0.99555016
0.98108727
0.9544904
0.6853233
0.102380455
0.9967194
0.9730619
0.9951622
0.9979937
0.9676884
0.99221087
0.9956682
0.99575424
0.9982595
0.9987821
0.96904546
0.99725336
0.98151094
0.85904247
0.99001163
0.9975936
0.999689
0.99871385
0.9777038
0.9356252
0.037506405
0.9808106
0.069336735
0.997134
0.7900741
0.9938214
0.04050606
0.8546381
0.9980488
0.36758593
0.9985391
0.9985135
0.99204177
0.9565811
0.9971717
0.9740156
0.99709284
0.16611724
0.8977008
0.9985896
0.9981232
0.99916995
0.011241794
0.98923373
0.99902296
0.9968913
0.019010013
0.9906385
0.93412834
0.059672993
0.016939908
0.9157363
0.9976273
0.8140475
0.9899282
0.9818699
0.96854734
0.97278106
0.967498
0.9938811
0.029519927
0.9935207
0.9927879
0.9891021
0.9899048
0.9538571
0.13474146
0.9928625
0.9887504
0.99975795
0.99210244
0.08987963
0.06769646
0.99896586
0.009944496
0.9422204
0.9948774
0.99529487
0.99708825
0.97080886
0.99200773
0.9969862
0.9842063
0.05353362
0.9942568
0.9964857
0.9991334
0.996621
0.9985885
0.99603444
0.98748463
0.9695808
0.9037767
0.008367265
0.99974984
0.010126267
0.9963257
0.99859375
0.8382723
0.9956945
0.9923902
0.7309237
0.9965575
0.99633443
0.99476457
0.99822825
0.9587307
0.9915521
0.12905343
0.027421352
0.9960443
0.82848126
0.997184
0.616599
0.98779535
0.9924231
0.9950363
0.9282951
0.055733282
0.0042277314
0.99983454
0.019368347
0.9277353
0.94423157
0.98456603
0.99585426
0.74624425
0.99761426
0.022846341
0.9996214
0.091100715
0.9946321
0.9804925
0.9995751
0.99323374
0.47110888
0.9957561
0.9849245
0.99400467
0.9778552
0.9880711
0.9975764
0.9877487
0.9984256
0.99273986
0.99732685
0.012651523
0.99694914
0.99737823
0.9541187
0.9967763
0.3235254
0.99753356
0.4060935
0.99410254
0.91258866
0.94675875
0.9950936
0.9490681
0.52907187
0.99701285
0.1875656
0.025669191
0.9946489
0.98523706
0.96091604
0.98708886
0.99639976
0.99913126
0.82102597
0.54168844
0.99804413
0.044458732
0.99995935
0.9979723
0.19399674
0.9975769
0.99391913
0.99827313
0.99559057
0.9875236
0.9951126
0.9974343
0.999064
0.99930775
0.99810094
0.1252734
0.99244094
0.9993838
0.9968646
0.93608046
0.0641676
0.5617378
0.99781907
0.99432844
0.049571857
0.9980463
0.014265966
0.9938053
0.95963466
0.99234736
0.9982291
0.11228376
0.9956937
0.9939932
0.013450554
0.54479074
0.98897785
0.99288225
0.99462044
0.97851527
0.99599224
0.99634606
0.9670497
0.8803114
0.019116132
0.9754167
0.9980124
0.9946026
0.017422294
0.99887174
0.9773208
0.9947044
0.99022317
0.9285341
0.9914151
0.9924199
0.9967259
0.99257046
0.9802058
0.04080768
0.997433
0.18450591
0.99889
0.33630037
0.9993703
0.9950676
0.10002015
0.96729594
0.98833793
0.03491487
0.9976489
0.99832827
0.99759275
0.9950891
0.9959073
0.11856777
0.9966883
0.99562895
0.09379367
0.9228168
0.9959282
0.9963741
0.9994246
0.9978309
0.98336595
0.9976767
0.99718803
0.98244506
0.99013126
0.99696475
0.8684036
0.99748814
0.99238175
0.3038829
0.99733573
0.991808
0.03286757
0.22070445
0.99294525
0.79210675
0.96459985
0.9293711
0.072715856
0.99753475
0.5745613
0.99861884
0.8353786
0.011688805
0.9705682
0.99264526
0.99513113
0.08008232
0.15445659
0.99351394
0.9759429
0.99932563
0.017608052
0.9606927
0.99931026
0.9918075
0.9877373
0.9952297
0.67444336
0.95992094
0.9662455
0.9953713
0.99713635
0.017248774
0.96025896
0.99536973
0.86401147
0.9705166
0.92152977
0.9215292
0.9824905
0.9971577
0.77272624
0.9995515
0.9770454
0.99987257
0.33169
0.97107625
0.9909807
0.98718774
0.7936875
0.99804974
0.9860957
0.0074321036
0.94429904
0.9823614
0.09809398
0.0032382556
0.99822086
0.99447083
0.91205335
0.005966304
0.9964813
0.0313979
0.99367154
0.82846284
0.9925795
0.9782025
0.91753054
0.99535394
0.9502549
0.79984874
0.9921211
0.02424931
0.99206334
0.9996196
0.99892765
0.9913406
0.8733859
0.9996062
0.9945235
0.9912571
0.99549145
0.9437238
0.98829216
0.09859012
0.054638166
0.99415296
0.9977297
0.9745953
0.115180746
0.9948102
0.9866872
0.9924158
0.98523927
0.9949575
0.9975575
0.005445418
0.9967476
0.9911821
0.027844593
0.9961124
0.1854992
0.9879616
0.99925894
0.9984492
0.9976419
0.76185817
0.994869
0.0819508
0.07022311
0.794956
0.99521255
0.08496589
0.951638
0.9957711
0.99891305
0.9844936
0.9973894
0.04921395
0.99242836
0.782913
0.99370253
0.99222296
0.99850607
0.03337086
0.9966492
0.071996726
0.99290437
0.99969447
0.98596686
0.9849016
0.9886623
0.00860257
0.099779755
0.96017706
0.99847966
0.9959747
0.9955766
0.05818801
0.9758222
0.98347163
0.9448686
0.9974368
0.9789153
0.09400583
0.76097995
0.99767584
0.98071045
0.040485226
0.12369176
0.8957975
0.997661
0.19657445
0.9934608
0.98042196
0.9999505
0.106998816
0.97399986
0.8465984
0.99437547
0.9957123
0.9999356
0.9968226
0.9847349
0.9968811
0.99950945
0.38778922
0.41019413
0.047640253
0.7256768
0.03553268
0.9913522
0.91449374
0.9958527
0.9983423
0.997147
0.9941507
0.96681374
0.22055212
0.028266132
0.9902164
0.99829775
0.9971105
0.99164116
0.99993205
0.8192539
0.9936488
0.8904629
0.9252738
0.99815375
0.095593736
0.9611876
0.99957055
0.9852545
0.99874216
0.9524153
0.9979463
0.75518286
0.9972367
0.9921773
0.97875744
0.058471795
0.93486375
0.7589255
0.9930616
0.11962913
0.992428
0.9973672
0.99205303
0.63731456
0.9905996
0.99754155
0.99319494
0.98967534
0.010036372
0.99477106
0.97870195
0.34290704
0.95438784
0.9969869
0.9963689
0.038852297
0.9984131
0.99405414
0.9978733
0.4585925
0.9665037
0.91712165
0.99419576
0.99841464
0.7223511
0.9970745
0.015854852
0.18950918
0.9294525
0.9910749
0.95050675
0.011863362
0.991499
0.99829644
0.9975141
0.5426627
0.9934801
0.98980206
0.06669306
0.9978072
0.99399793
0.9996537
0.9829056
0.0250247
0.039137673
0.8567732
0.0070113936
0.30808374
0.9430031
0.9907766
0.94706005
0.9991868
0.9982516
0.9900879
0.99958736
0.096723475
0.99991906
0.99865735
0.43088096
0.3346989
0.9975805
0.045446586
0.87194544
0.13124402
0.97165877
0.9959329
0.99939704
0.9950563
0.99747497
0.80233085
0.997051
0.99752873
0.84475964
0.10714922
0.9095091
0.065206476
0.4997405
0.9987532
0.99667406
0.18593743
0.117488086
0.040572375
0.5267628
0.99790764
0.9455555
0.0063133566
0.99053454
0.028589698
0.9548255
0.16711235
0.9959079
0.9833059
0.082621776
0.9815429
0.9903786
0.60076493
0.9822698
0.9969356
0.037830353
0.99775356
0.9804402
0.33512163
0.997654
0.99517006
0.99843484
0.99190384
0.99532735
0.9977487
0.94447565
0.9987458
0.9996339
0.9967218
0.97163796
0.9969007
0.99636346
0.39328903
0.6880325
0.99185705
0.99358374
0.044560533
0.99731123
0.019121403
0.9232662
0.99326754
0.013484689
0.99746394
0.5851454
0.9897205
0.33121145
0.96638894
0.96483415
0.026278535
0.9110362
0.7529849
0.9534119
0.07049992
0.9943619
0.07491935
0.50931185
0.99765295
0.043709923
0.99699545
0.99982893
0.9467286
0.9930275
0.020121772
0.996356
0.9761267
0.9997739
0.9978301
0.99924564
0.013070674
0.9993963
0.9961188
0.97721875
0.97232664
0.95964587
0.7211038
0.99674135
0.994553
0.9980381
0.996342
0.9967836
0.99889153
0.02278708
0.8193939
0.88306856
0.9988576
0.9982657
0.99788034
0.9881356
0.94227225
0.9878613
0.9967638
0.9914078
0.99904543
0.9892687
0.8687996
0.99182725
0.014504138
0.9856688
0.9982863
0.030737555
0.3818632
0.50446916
0.03564371
0.036374893
0.9953229
0.98830634
0.99948716
0.9988374
0.9983132
0.9987915
0.9699299
0.01093528
0.92155486
0.9942901
0.70703274
0.9967643
0.97006726
0.99267995
0.98745126
0.9983463
0.98906004
0.9694066
0.22092997
0.9960531
0.01444665
0.006670406
0.8813461
0.99169415
0.9993105
0.0034590075
0.3517589
0.993493
0.99405175
0.08659401
0.9998222
0.9036052
0.9889714
0.042933013
0.9792086
0.96119946
0.989391
0.16460495
0.9813261
0.8699443
0.9990945
0.97301054
0.99842286
0.005707425
0.9812837
0.9871105
0.9813928
0.9976101
0.81645316
0.99584717
0.997338
0.998418
0.020018885
0.95240843
0.99019885
0.9931986
0.9439444
0.21092975
0.994121
0.99198157
0.9972676
0.99377394
0.9904294
0.9896918
0.99244326
0.032154426
0.9818378
0.6769968
0.99561477
0.99959964
0.017143583
0.99375474
0.9559167
0.99972886
0.22560608
0.99447155
0.99402136
0.82303214
0.9916856
0.9941949
0.9375122
0.99472934
0.9880563
0.9996915
0.99658006
0.99988234
0.008028846
0.7278408
0.99627054
0.90858823
0.40056545
0.98681486
0.99106395
0.97303444
0.054374196
0.9974138
0.92288274
0.99831176
0.14457697
0.9970669
0.04638388
0.99675226
0.9918338
0.9955342
0.3020238
0.99297357
0.9984242
0.68834674
0.41506985
0.8900663
0.998393
0.8820324
0.9875168
0.9955552
0.9956529
0.989972
0.9679806
0.031466935
0.009602538
0.062426608
0.9917386
0.97490555
0.99718803
0.9336762
0.9462644
0.014306458
0.9979532
0.99735093
0.98981184
0.98736084
0.98693514
0.15996127
0.03390921
0.9952401
0.050878428
0.11320512
0.97147715
0.9824163
0.99946994
0.9450957
0.99779284
0.9964993
0.99454653
0.7609549
0.9814239
0.024153901
0.9947129
0.99507153
0.9955995
0.9975738
0.019526258
0.99556077
0.99490803
0.987845
0.57098246
0.97794515
0.98672235
0.9969139
0.9995297
0.015127708
0.98741686
0.89379483
0.75670296
0.99789196
0.061528437
0.97673243
0.99835664
0.9967705
0.02404417
0.9910704
0.99134994
0.99338865
0.9740927
0.99275756
0.9981888
0.9940347
0.013374622
0.996609
0.89353096
0.92119306
0.9939365
0.71761996
0.76986146
0.9997315
0.9697037
0.07048438
0.86817276
0.9921997
0.5075636
0.9992149
0.9873449
0.9967282
0.030257784
0.9991185
0.89200723
0.99514943
0.9842226
0.6004784
0.99612075
0.9938387
0.99587435
0.02696547
0.9951468
0.99241227
0.061799172
0.9643722
0.93771565
0.9900974
0.997519
0.99431145
0.9933041
0.99378777
0.99836737
0.07048836
0.9934847
0.9922219
0.9873603
0.9992411
0.6953764
0.99986243
0.08885999
0.9638156
0.4711666
0.99378806
0.9588825
0.9964405
0.9571586
0.36528337
0.44707283
0.06922267
0.9997826
0.99810374
0.64813703
0.99758255
0.96284324
0.9973239
0.9855702
0.9963247
0.99724174
0.9983109
0.98157173
0.9571901
0.98157513
0.005821938
0.9911124
0.99482673
0.94532084
0.99444866
0.0055109826
0.9916242
0.99606687
0.9976634
0.98770255
0.99431866
0.12851097
0.9970605
0.03136134
0.99497104
0.9750897
0.088519454
0.9958835
0.99270624
0.99463046
0.9975222
0.99512804
0.98394
0.99855465
0.057667773
0.99559516
0.9701009
0.99947304
0.9966067
0.99544406
0.9967127
0.9715916
0.9998242
0.997436
0.9991314
0.99775285
0.9912963
0.071416624
0.60453504
0.99432606
0.019870417
0.99427044
0.99684036
0.998744
0.99003613
0.997938
0.9931914
0.9960808
0.13452692
0.9661322
0.98699176
0.9844282
0.9915338
0.94388735
0.99832374
0.99766856
0.976932
0.975747
0.60103196
0.9963445
0.99814177
0.62514144
0.76393944
0.99750406
0.9983101
0.9997131
0.9746191
0.97335905
0.9994404
0.8201269
0.9976513
0.04997516
0.87008953
0.97766453
0.9889776
0.74852145
0.99680185
0.8563318
0.9956403
0.23202449
0.025596416
0.99817586
0.67193097
0.9988965
0.823493
0.98867023
0.9872241
0.9993812
0.99476224
0.95333326
0.76523155
0.022957478
0.023408279
0.9986076
0.9973705
0.9994504
0.8860711
0.98270273
0.99425197
0.9950382
0.93295586
0.94086677
0.0794931
0.9956381
0.9401731
0.8696694
0.9974899
0.011765101
0.99649894
0.8146986
0.9945728
0.99711704
0.9950347
0.74163866
0.9996692
0.99845994
0.99724364
0.941432
0.99909806
0.9993812
0.9864825
0.99875677
0.98463297
0.99671376
0.9909117
0.9986034
0.98944855
0.9975896
0.9743901
0.9988017
0.9948754
0.99901044
0.99116886
0.9872436
0.89066243
0.972646
0.029967252
0.998116
0.99994504
0.0031047696
0.9445434
0.96202856
0.035679117
0.9787674
0.9900596
0.9888548
0.9983376
0.96300143
0.9872264
0.99334186
0.9919111
0.99416876
0.99641526
0.99801457
0.339208
0.9083021
0.99768424
0.93178225
0.99849284
0.9949012
0.9998184
0.9917659
0.9756783
0.9685496
0.99904245
0.008303833
0.98979515
0.9984036
0.9719561
0.019201184
0.99852943
0.9988751
0.9942503
0.9988919
0.1141374
0.97749454
0.99892247
0.99563533
0.059290823
0.98591334
0.9962714
0.9988681
0.4619644
0.059317373
0.99768245
0.7934627
0.4892969
0.99388325
0.021736117
0.81047225
0.9878467
0.99030834
0.9976634
0.3989229
0.999228
0.99592006
0.9991345
0.03199436
0.99856323
0.9973036
0.44370413
0.999054
0.022485392
0.99364704
0.9914982
0.99669254
0.9967265
0.9831429
0.9211944
0.92284364
0.013286865
0.99061334
0.99506384
0.3565906
0.9931591
0.81774
0.97430474
0.9994043
0.99360645
0.95728785
0.9974291
0.93137753
0.9879516
0.99666107
0.99447507
0.7007512
0.9965258
0.99922717
0.8908516
0.8759737
0.039785057
0.9901454
0.9861755
0.008855378
0.9931166
0.99856
0.98854244
0.999479
0.89112973
0.9902868
0.0056347144
0.9966144
0.9950742
0.9950113
0.9095595
0.9982969
0.9957268
0.9974721
0.9729594
0.99573284
0.9990779
0.9982046
0.9960259
0.9923964
0.99831223
0.96754766
0.99141824
0.9795426
0.8554235
0.047074452
0.9988801
0.9940673
0.9668315
0.99524164
0.99980825
0.99709606
0.9509884
0.9934608
0.98293626
0.55932623
0.034201812
0.77122194
0.11349867
0.848906
0.9924232
0.9804826
0.9894349
0.9745559
0.97509366
0.99787474
0.9994356
0.63651747
0.05055827
0.20577058
0.98921657
0.999524
0.9947432
0.9964874
0.99685967
0.90941495
0.9969357
0.98488486
0.9910779
0.99840695
0.29851356
0.9687621
0.991424
0.5339597
0.9978362
0.99769163
0.9885467
0.4142371
0.9950364
0.9964988
0.004904989
0.8876113
0.99408746
0.9996692
0.009391704
0.028317768
0.9947678
0.6312785
0.9978802
0.9165294
0.25458473
0.023191664
0.8894702
0.97889733
0.9651657
0.99135345
0.98151004
0.99990225
0.032289837
0.04960189
0.019421946
0.99759763
0.98976666
0.9905592
0.025551189
0.8505437
0.99956185
0.9929911
0.9965301
0.85626876
0.99965906
0.9904427
0.937617
0.9950169
0.9956923
0.9944876
0.98829097
0.9712423
0.99071527
0.9960509
0.03286872
0.9942233
0.99416673
0.91394395
0.103038356
0.9217894
0.98624843
0.9885988
0.98862725
0.99247324
0.9987955
0.9984567
0.99528044
0.98530996
0.55424345
0.07576146
0.90487903
0.16940966
0.99152386
0.9930396
0.15124424
0.9988972
0.9696249
0.9912828
0.031988807
0.99968994
0.8693838
0.098137066
0.118010014
0.9931961
0.016587397
0.9969025
0.99526983
0.67058814
0.99866784
0.9956666
0.9978993
0.9934808
0.9057669
0.97362345
0.99993014
0.9841076
0.9908138
0.7452109
0.024604978
0.8878948
0.011230922
0.08417124
0.95948803
0.99604344
0.96263397
0.98037016
0.9940071
0.9979292
0.009095457
0.9989164
0.88608956
0.99896336
0.9946337
0.9993781
0.99382484
0.014734482
0.9798233
0.99670094
0.99913496
0.99790525
0.99045956
0.9972083
0.99382824
0.9959675
0.9861326
0.99546033
0.9787289
0.99046105
0.98688126
0.010569227
0.9960788
0.87347484
0.9614693
0.21358472
0.9277807
0.35029212
0.9879369
0.9896807
0.99702436
0.98394287
0.07731437
0.99537486
0.9844915
0.9990238
0.98976314
0.99991965
0.99898964
0.9994387
0.9889571
0.99547005
0.9262621
0.9952696
0.99774384
0.9987966
0.014864047
0.9920338
0.99642414
0.9974815
0.9629802
0.99586284
0.99151963
0.97708684
0.99398756
0.98753554
0.9981192
0.87500197
0.9966085
0.99930596
0.055221982
0.94120765
0.9968154
0.9974842
0.12692541
0.68137634
0.99869365
0.027090728
0.99307394
0.9910375
0.67621934
0.26058462
0.9401518
0.40340883
0.9967289
0.9954396
0.7216718
0.9403939
0.9975121
0.2617808
0.95846033
0.99914277
0.9308656
0.9168216
0.8542324
0.9992467
0.9809294
0.99546546
0.79186386
0.99956244
0.9566241
0.9765104
0.9861432
0.92368585
0.9956599
0.9955049
0.25282937
0.99984527
0.9992661
0.9971154
0.9932782
0.9960401
0.8545411
0.9996995
0.93491375
0.49655116
0.855897
0.7155868
0.9931765
0.96860045
0.93121994
0.9961153
0.9999156
0.10306262
0.98414814
0.9971718
0.9966857
0.9977297
0.8160071
0.97818655
0.99761176
0.99552405
0.9981669
0.9050335
0.99946815
0.9959941
0.47977903
0.9443001
0.7904945
0.9978125
0.99891603
0.99130964
0.8684825
0.99960667
0.99813277
0.90228736
0.89010847
0.1450183
0.98102653
0.99868435
0.19953156
0.9998933
0.9945057
0.9988366
0.9981232
0.99045765
0.9929309
0.9952113
0.997375
0.9919864
0.99129933
0.9924561
0.9979479
0.99565923
0.9961494
0.99266523
0.9932805
0.9961428
0.011290245
0.8873286
0.05700916
0.9995716
0.9983052
0.9893321
0.86395705
0.7737027
0.97750014
0.5480591
0.8880432
0.82282525
0.9968454
0.023700744
0.9204475
0.99803454
0.49437463
0.06435613
0.97001016
0.99646485
0.97363067
0.8965602
0.9909629
0.005062063
0.9926069
0.9902682
0.9974477
0.9970606
0.0051325113
0.9996606
0.6000686
0.9886784
0.9979894
0.9977671
0.99593
0.9952897
0.9993998
0.3196702
0.17178066
0.98933196
0.98916316
0.6060878
0.9988576
0.07688714
0.9539347
0.8810706
0.693365
0.9997491
0.97767854
0.0117582735
0.9992803
0.9924994
0.02543299
0.117483035
0.023012554
0.96459365
0.0050197947
0.99787176
0.9547881
0.04744429
0.07939279
0.99770194
0.12853424
0.92653203
0.99650747
0.9923539
0.92041165
0.9929588
0.9969562
0.9890842
0.94987166
0.8759893
0.98593926
0.98662126
0.48120266
0.9654436
0.99626344
0.9936759
0.99918777
0.99900204
0.5848032
0.9872153
0.9973009
0.027207807
0.9965431
0.9977202
0.9966163
0.8993716
0.9962288
0.13085559
0.99691004
0.964132
0.9954792
0.99650025
0.9948749
0.9836998
0.013754218
0.10128701
0.97965103
0.10550952
0.99837446
0.9999013
0.010365564
0.99810815
0.9681801
0.997366
0.9944002
0.57824415
0.99408853
0.9913167
0.9740249
0.94528174
0.99897265
0.99276793
0.9999001
0.99227905
0.92658985
0.98781735
0.9834805
0.98617065
0.80253726
0.049572296
0.99685234
0.9427507
0.854533
0.99608254
0.9706779
0.9993131
0.98405737
0.99786156
0.9239775
0.022928886
0.4316433
0.9875566
0.9987192
0.99939966
0.9964479
0.9955382
0.870862
0.9917183
0.995823
0.9950265
0.9859983
0.65910566
0.98690087
0.99771947
0.80569994
0.9683123
0.9971167
0.9925167
0.7993356
0.9912305
0.68020475
0.98721814
0.9976949
0.028950917
0.99942786
0.9019753
0.9154709
0.9880265
0.9959037
0.9962967
0.99788576
0.9660907
0.003978939
0.96906507
0.99893194
0.9957444
0.99248755
0.9965995
0.62755334
0.7804627
0.99824274
0.9953713
0.997308
0.72172165
0.99733526
0.99566597
0.68240505
0.60676837
0.7669056
0.006781692
0.9950187
0.8489721
0.9827162
0.006471668
0.088987015
0.997773
0.99977785
0.97294194
0.8946051
0.99786633
0.9748131
0.058602706
0.49264297
0.10233033
0.037156157
0.9985831
0.9883355
0.9925827
0.9936278
0.9913488
0.9855381
0.28790948
0.99558747
0.9932654
0.93466103
0.99816257
0.99516064
0.99326396
0.993932
0.99988127
0.9894874
0.98764557
0.99158186
0.9984322
0.076497294
0.9998074
0.98702025
0.99596465
0.9964796
0.71622175
0.9984987
0.09013254
0.9945912
0.9956735
0.98865056
0.9977557
0.9339842
0.9567858
0.99310875
0.99577564
0.9923207
0.00572338
0.97097385
0.9844497
0.009503965
0.35899085
0.99536693
0.718572
0.9012017
0.9981273
0.99521834
0.019920813
0.99916375
0.9710835
0.0044188043
0.9977963
0.98784316
0.99766695
0.99756706
0.9915945
0.034602173
0.93311006
0.9990288
0.97955704
0.98731285
0.99945956
0.99639136
0.3153135
0.9434785
0.985148
0.9718079
0.0040879045
0.92659265
0.9924533
0.9985574
0.99490225
0.98908603
0.9804283
0.0387376
0.97174567
0.8858918
0.9447251
0.9917801
0.18118913
0.96429104
0.17556228
0.81796163
0.19273812
0.84459
0.99956256
0.25207084
0.056105386
0.06823155
0.0050599356
0.018953905
0.9390397
0.99707437
0.99719256
0.9989672
0.95969605
0.029392255
0.03598248
0.09270474
0.9432463
0.97135276
0.01145832
0.9949827
0.99768937
0.99205786
0.7245451
0.011183303
0.97058266
0.0891873
0.9929709
0.06266751
0.9952264
0.040750455
0.18215601
0.9954774
0.7864879
0.9991048
0.15876819
0.03912481
0.995419
0.99097884
0.9692732
0.9994942
0.016767934
0.07243722
0.9946943
0.9944418
0.99643767
0.009193655
0.99839944
0.97720885
0.98464257
0.9940393
0.923721
0.9996486
0.9976392
0.09157786
0.99810624
0.99555737
0.06733227
0.075337976
0.9968591
0.99086785
0.99758697
0.47065726
0.9971616
0.14369836
0.9976095
0.002880844
0.9980069
0.9977558
0.6617097
0.6132916
0.9926335
0.9864118
0.9925403
0.08727071
0.9801838
0.033564247
0.95038724
0.9908614
0.9661963
0.018594937
0.9881462
0.99416816
0.12308328
0.9863923
0.99857557
0.99412775
0.989078
0.014790563
0.2336487
0.03426146
0.99757904
0.94086736
0.02503672
0.9968556
0.9994129
0.9915804
0.83976525
0.9977398
0.99547285
0.9912373
0.8406693
0.06743648
0.9956838
0.028750028
0.97038895
0.9954465
0.9975914
0.998672
0.99971503
0.9700455
0.030621931
0.99608254
0.81364447
0.9282232
0.86834
0.9568481
0.024432926
0.15984723
0.9943171
0.9995585
0.99476874
0.9946585
0.85855097
0.98768425
0.7892214
0.034043178
0.4489158
0.095873274
0.99572635
0.1423873
0.0029320815
0.57073915
0.9692676
0.95887506
0.99847263
0.0089658415
0.016356599
0.0935656
0.90916175
0.99708146
0.12769073
0.9769496
0.9969553
0.9978294
0.9934778
0.9989002
0.10686901
0.98987526
0.99679154
0.9960509
0.9810776
0.9032911
0.048159454
0.9924412
0.9912014
0.9959973
0.54910773
0.9987709
0.9932034
0.9957029
0.99735993
0.9985114
0.9962656
0.9961094
0.9968591
0.9974331
0.9323061
0.98978955
0.6914185
0.9990244
0.97623694
0.99868673
0.54957336
0.99377716
0.99596846
0.9911668
0.9925598
0.8567759
0.9884547
0.69045985
0.7904878
0.9416889
0.97517663
0.9967481
0.04151867
0.99397004
0.9986135
0.98868597
0.99735475
0.99180686
0.81623566
0.9547904
0.9974878
0.94551885
0.01668088
0.99570197
0.99906486
0.9972838
0.9940996
0.9773895
0.9101659
0.9986646
0.99803346
0.9962627
0.9872486
0.97140276
0.99697053
0.08783864
0.9920465
0.99348503
0.94507676
0.99980694
0.06604402
0.67657804
0.6154889
0.9973514
0.06880398
0.8905366
0.99681085
0.9676051
0.9980556
0.19065113
0.9979443
0.99840325
0.98295283
0.99724954
0.99710685
0.998998
0.13823687
0.97159517
0.9957279
0.9979367
0.9892663
0.995509
0.109144114
0.99696547
0.99640685
0.993903
0.009853894
0.997934
0.7224902
0.9943177
0.116265036
0.942792
0.79619026
0.97505885
0.9921848
0.9953157
0.9383518
0.9961008
0.99349856
0.8702189
0.9934174
0.01734486
0.9969796
0.99259394
0.17141688
0.9755045
0.9926408
0.99141556
0.99885035
0.9987336
0.99864227
0.95142895
0.9941831
0.011611971
0.9867236
0.97712064
0.99521106
0.04280532
0.76472425
0.9954058
0.9973627
0.9961054
0.9630832
0.975606
0.9966889
0.9959313
0.99552995
0.99389064
0.6580611
0.7981316
0.9979032
0.97478706
0.9849474
0.9969434
0.5658829
0.9878434
0.99725634
0.99211603
0.9989724
0.8669069
0.99751866
0.99331194
0.99923
0.18787299
0.02509653
0.06973591
0.99970067
0.9933316
0.26904124
0.99796677
0.009325225
0.99569345
0.6693135
0.9989249
0.99419606
0.995118
0.9999019
0.9884769
0.997843
0.9907789
0.9948547
0.03799976
0.9724969
0.034294635
0.048766177
0.97823924
0.9890379
0.9931639
0.95350367
0.98254573
0.9968093
0.9983773
0.9971411
0.9907443
0.026803695
0.9498249
0.065411456
0.98572415
0.7937914
0.9734633
0.9816543
0.9294618
0.08389522
0.17517413
0.9953467
0.9651456
0.031296987
0.9984688
0.9932637
0.996099
0.9948547
0.99537575
0.10891978
0.9894036
0.86558145
0.7372748
0.9709272
0.0067809047
0.11412328
0.9973954
0.99829775
0.99221706
0.06362522
0.10661772
0.88571
0.7805316
0.9949097
0.06489245
0.9928751
0.9514773
0.8927375
0.014145835
0.99747247
0.99320155
0.99875903
0.99841285
0.99734527
0.9875015
0.8839274
0.99669087
0.97645456
0.998855
0.034092873
0.9995347
0.024676282
0.9981285
0.9975764
0.9980635
0.99720496
0.21885176
0.9922488
0.99691343
0.8507248
0.9993241
0.9971558
0.9959079
0.10386137
0.9956392
0.99907047
0.9919151
0.11765207
0.99878937
0.9695575
0.02079724
0.99391043
0.005677201
0.9965745
0.9925127
0.0033463133
0.06396573
0.11112866
0.8923097
0.030646417
0.9964317
0.99961674
0.99631834
0.9902114
0.9389699
0.9973341
0.9954535
0.502408
0.9952943
0.89766103
0.97352165
0.99631184
0.99745744
0.9889066
0.9936115
0.023964677
0.9998534
0.9997465
0.9138461
0.99287355
0.998528
0.9911975
0.007324266
0.8642117
0.9908869
0.013468599
0.9912395
0.999483
0.97388464
0.99632025
0.99920684
0.9924434
0.9340315
0.22445518
0.9178368
0.9557272
0.9939101
0.9926807
0.0009497296
0.99729484
0.9945368
0.37682933
0.9961357
0.1368302
0.9995865
0.9939535
0.9952669
0.9981665
0.9659373
0.009963442
0.025905067
0.038045518
0.99196786
0.9977108
0.9989723
0.99553216
0.9444777
0.91154486
0.020031288
0.99484587
0.9846336
0.4413332
0.9943703
0.9728784
0.7244795
0.98932964
0.5020324
0.04219321
0.997968
0.89617914
0.20348063
0.9986975
0.99685526
0.98962885
0.99600524
0.20046449
0.9941269
0.97982466
0.757843
0.9910591
0.99883455
0.5315921
0.98353463
0.9708212
0.9012658
0.68309
0.9947944
0.9953335
0.9982956
0.99309146
0.9988599
0.9942326
0.99166286
0.99628
0.97319305
0.9476659
0.9950246
0.994655
0.9513841
0.51747984
0.48271552
0.03891005
0.99766004
0.83770174
0.9874443
0.97713625
0.9991406
0.019592095
0.9832703
0.9906104
0.98950803
0.92519706
0.9944167
0.97709525
0.9946549
0.99624074
0.03068738
0.9894103
0.9605723
0.9572863
0.9887068
0.99802375
0.053060245
0.99618286
0.99515116
0.99992025
0.013263606
0.94504696
0.9881727
0.993619
0.9972095
0.99795806
0.97300285
0.99293524
0.9741373
0.997095
0.011978868
0.9757616
0.91974735
0.9900899
0.96899277
0.80113435
0.99829656
0.9973009
0.14023583
0.8460516
0.02206639
0.5758545
0.9999218
0.94718933
0.9939208
0.8882938
0.99496967
0.8027456
0.9163207
0.08407762
0.9551411
0.99655896
0.043218713
0.99976534
0.99972636
0.9999275
0.3932248
0.9974567
0.19721864
0.99471974
0.99869674
0.12013273
0.67772937
0.98563844
0.39025566
0.9899042
0.6117943
0.9106038
0.99540174
0.9968495
0.13857268
0.9939646
0.9320837
0.99936897
0.9919302
0.9972366
0.03446906
0.03600723
0.99872416
0.99129593
0.007127689
0.037695818
0.996833
0.95640314
0.9962606
0.57769305
0.093171716
0.9960484
0.99294406
0.54155385
0.9988188
0.72358215
0.035231628
0.038635816
0.99251807
0.8733784
0.99082875
0.04807536
0.95806473
0.9734874
0.99279857
0.9992842
0.99952626
0.0662394
0.99986565
0.9986601
0.9973701
0.99099624
0.018790262
0.9746447
0.69186795
0.9983985
0.99873155
0.7667366
0.99673414
0.9956813
0.9365526
0.9974255
0.8983834
0.9976713
0.99720925
0.99941695
0.9964702
0.97392714
0.02584433
0.03230785
0.99388087
0.99509627
0.9987224
0.99871635
0.99761283
0.94681823
0.96004593
0.9862752
0.012309056
0.9941995
0.9983454
0.9833386
0.01583245
0.9837302
0.9958475
0.93649197
0.7249132
0.64589083
0.9998821
0.9482903
0.99330753
0.98817086
0.8614208
0.9960956
0.98875797
0.9986669
0.06477956
0.9989153
0.99406576
0.4403705
0.99892884
0.9972064
0.9594591
0.9996464
0.99636984
0.9979498
0.99624026
0.99965477
0.88281214
0.9907312
0.99920243
0.9963793
0.92683446
0.9470069
0.9966131
0.054072507
0.9944435
0.9942994
0.9941175
0.98271435
0.9968035
0.98806375
0.016088195
0.7902686
0.9966097
0.99757177
0.9951527
0.106612615
0.98914987
0.9981851
0.99160624
0.70624703
0.8505674
0.99272305
0.9948131
0.8240087
0.93283963
0.9931545
0.928695
0.6750918
0.016819695
0.9698944
0.9928716
0.10585221
0.99598455
0.99919134
0.9962807
0.9542832
0.999798
0.0044227373
0.81574243
0.9971289
0.996725
0.10852709
0.99718827
0.99665254
0.021391854
0.8878511
0.16330892
0.9955716
0.99338454
0.9991903
0.99569833
0.9949421
0.9972752
0.99747014
0.9927765
0.99727327
0.5345249
0.8735087
0.054627765
0.99439704
0.9962446
0.98709494
0.9944114
0.9965798
0.99717927
0.015208483
0.9987741
0.99109226
0.9953128
0.9830535
0.41522738
0.99556893
0.030290106
0.989631
0.1381737
0.2762989
0.05065634
0.9937628
0.99671257
0.9955615
0.9763272
0.9922746
0.0103747
0.9791638
0.99484825
0.99448663
0.98176515
0.99992025
0.6312366
0.9951149
0.99712986
0.9787071
0.9967314
0.99682826
0.99030507
0.22886877
0.99804187
0.9984395
0.9986803
0.98299026
0.99192613
0.106280774
0.040750492
0.073067404
0.99952245
0.99374455
0.88912106
0.018620677
0.09670126
0.8556385
0.98720366
0.9931316
0.996903
0.98240787
0.8037305
0.9982955
0.995583
0.9998734
0.74802047
0.99343926
0.0072827563
0.07764117
0.9995061
0.9683455
0.9985927
0.1312001
0.9979316
0.9912156
0.99523973
0.99991906
0.89220387
0.7244543
0.9961836
0.10846256
0.99199134
0.98171115
0.1769624
0.99012125
0.020661546
0.9742488
0.99704105
0.879422
0.5872892
0.0055682505
0.7886964
0.99677247
0.9896632
0.9806269
0.969422
0.99762386
0.021167204
0.99856263
0.99814403
0.97945637
0.9987608
0.38551888
0.9976526
0.9329594
0.9951384
0.9196593
0.9973116
0.22591254
0.9408771
0.99334514
0.99579996
0.9882727
0.9967539
0.07399313
0.9967443
0.9979087
0.99677974
0.9996124
0.79237956
0.9900664
0.67704046
0.9938573
0.114565104
0.9818434
0.9975044
0.99379224
0.9998609
0.9844521
0.99848723
0.9901377
0.98415804
0.6524978
0.11754825
0.9932201
0.9839713
0.98912126
0.054978844
0.98330337
0.99825627
0.9996946
0.9071316
0.8973352
0.011230648
0.99580365
0.9773375
0.98653907
0.98876613
0.9093236
0.9980228
0.98581123
0.868881
0.23406044
0.99839765
0.030275913
0.9966738
0.15638806
0.9937896
0.97519046
0.9862229
0.69939125
0.99388427
0.9969585
0.9999181
0.9853284
0.99644166
0.0057737776
0.99727577
0.997951
0.98587334
0.99396616
0.08981324
0.7494591
0.014570963
0.9968972
0.99494123
0.99588674
0.42936787
0.9977932
0.96930426
0.99000156
0.99964845
0.9899865
0.99765563
0.96869165
0.8159535
0.8893991
0.9954776
0.9955941
0.3783162
0.8202693
0.26829088
0.9844253
0.9712461
0.98367083
0.9998909
0.9853521
0.033208784
0.99717915
0.9908375
0.02181338
0.9984365
0.99733317
0.12746052
0.9984034
0.34953377
0.03025029
0.99889934
0.9969092
0.99259996
0.9963084
0.006690657
0.039960083
0.99960715
0.9883356
0.9925621
0.32525858
0.9964753
0.98402554
0.9991986
0.99632335
0.996335
0.9998878
0.9897878
0.79880357
0.0057199975
0.98785865
0.99186385
0.9988819
0.017985031
0.99661106
0.9981054
0.99193454
0.9997482
0.73295176
0.97198415
0.99465513
0.99701154
0.9485355
0.99978834
0.9966987
0.99814
0.059253734
0.9953366
0.9991616
0.9891131
0.99795216
0.9917092
0.6709619
0.9881455
0.99365026
0.99980205
0.3579655
0.99689615
0.27996626
0.977267
0.9984303
0.9993457
0.9929357
0.99838674
0.46696386
0.03266114
0.9114861
0.997511
0.9949419
0.88548374
0.995871
0.99938273
0.99790585
0.96806854
0.0432851
0.9998951
0.48387054
0.9978661
0.9994634
0.041384522
0.998798
0.9890127
0.99836594
0.9530345
0.9993075
0.9971469
0.9648687
0.989682
0.998574
0.9967231
0.98596454
0.9876853
0.8839886
0.997544
0.98863786
0.9835708
0.9966546
0.94701684
0.9969957
0.17181529
0.0052785715
0.03485325
0.99765646
0.9372297
0.0110085495
0.9999032
0.99890447
0.9058823
0.3780691
0.9954508
0.99659675
0.998825
0.92518264
0.9947792
0.6383814
0.008093359
0.99292266
0.29962003
0.9964059
0.8245648
0.9825309
0.9980445
0.5723136
0.9952814
0.99505144
0.99754226
0.044913232
0.9101391
0.9794804
0.9010279
0.998987
0.99202275
0.99782395
0.99287343
0.09440177
0.9977316
0.999345
0.9988612
0.9971148
0.044521853
0.033106785
0.99399936
0.999193
0.63323313
0.92372847
0.9821025
0.9980385
0.9615191
0.059733123
0.8889629
0.98779756
0.99718106
0.99543554
0.99009866
0.75048274
0.14152232
0.9925095
0.014922063
0.11366887
0.99365705
0.99033266
0.9985714
0.99709034
0.13477887
0.989746
0.04347682
0.9962618
0.04159597
0.98384374
0.9939686
0.99576473
0.8948133
0.97790396
0.45167527
0.90481657
0.99327314
0.53194475
0.013844827
0.9989335
0.9949675
0.9994191
0.8967142
0.99758554
0.99333584
0.99289685
0.9941749
0.437762
0.98677826
0.99990845
0.9897572
0.060364332
0.99799156
0.99659985
0.12182024
0.99138933
0.96165437
0.99512166
0.98423135
0.99755496
0.98756474
0.053206775
0.94041425
0.99679464
0.98951286
0.9798034
0.99938595
0.98070717
0.99688464
0.99134946
0.9638768
0.99768996
0.9971998
0.96946454
0.99704224
0.045044113
0.9921943
0.9955124
0.99644285
0.05356963
0.99491876
0.90292543
0.012706612
0.9978562
0.9287805
0.99876815
0.99880815
0.9941017
0.99415356
0.99624145
0.9942233
0.98165315
0.99061185
0.043514375
0.9951911
0.96119386
0.91679114
0.99854505
0.98747224
0.9956536
0.020741718
0.9973693
0.9992329
0.99740136
0.9998889
0.9954698
0.26958203
0.9497014
0.99672675
0.9974503
0.9749501
0.99594903
0.956283
0.9977943
0.9984289
0.9980416
0.99752146
0.99485356
0.004320596
0.99750215
0.9996675
0.019435843
0.8698738
0.99910164
0.078919835
0.96768606
0.93750226
0.96720535
0.9945885
0.07422533
0.91596466
0.9907617
0.91856
0.63420594
0.99908674
0.03275558
0.9930347
0.034160487
0.9976981
0.008086552
0.9888826
0.978632
0.99703693
0.015831789
0.99068636
0.9891445
0.9952224
0.99324965
0.9997198
0.99736816
0.26295674
0.9994382
0.021228222
0.9987674
0.9988945
0.9911821
0.8046045
0.9990716
0.6672803
0.9967152
0.99800676
0.06910629
0.9928698
0.7941483
0.9899845
0.011298452
0.6465142
0.45579645
0.87301624
0.9519975
0.99746007
0.9819903
0.9935755
0.30116224
0.99557495
0.982165
0.9979736
0.9944155
0.94847244
0.98644036
0.99802065
0.027842384
0.9957242
0.031912766
0.99849415
0.06906783
0.25054324
0.8148119
0.99449086
0.99674714
0.99971336
0.9924385
0.98806936
0.94575346
0.8141954
0.9939374
0.9998611
0.9972224
0.98364455
0.9976285
0.97847044
0.02182311
0.89091015
0.99803156
0.921803
0.9943561
0.78079915
0.9978569
0.9944614
0.9940916
0.99384165
0.9888228
0.014576002
0.9944642
0.9977507
0.9913687
0.9995345
0.99460214
0.82839096
0.0072341473
0.9948778
0.9955605
0.9534002
0.95783067
0.9709773
0.9932806
0.61453635
0.98701
0.40824425
0.9523097
0.7831198
0.98366183
0.6012547
0.9723332
0.98506194
0.94993263
0.9334074
0.9538565
0.96156394
0.021436391
0.9978255
0.9945926
0.66036016
0.9971002
0.974243
0.027608404
0.108184725
0.01802185
0.9902914
0.611726
0.18880819
0.9986191
0.023230577
0.99289286
0.9927026
0.9998776
0.007168376
0.8739644
0.99769825
0.6429133
0.8000733
0.9998079
0.976409
0.71308833
0.99745935
0.99859816
0.01776837
0.98870057
0.9948132
0.5928285
0.99987996
0.11115897
0.9680045
0.9168914
0.9985903
0.985727
0.9170317
0.9931201
0.9822321
0.99341536
0.9114674
0.91024256
0.9997992
0.75911266
0.16309233
0.9940806
0.9973258
0.43547994
0.9985826
0.9961903
0.98744106
0.9980269
0.98733974
0.9974251
0.51465064
0.08805748
0.9968478
0.03954681
0.005966558
0.0089581255
0.9998123
0.9968072
0.9988318
0.9991811
0.016567264
0.9970968
0.9957027
0.9034933
0.9909242
0.99740845
0.021268832
0.06748026
0.8876212
0.9952376
0.9993272
0.9993267
0.033930387
0.8829021
0.83673906
0.03401597
0.99705124
0.9989421
0.1409888
0.9995383
0.89007556
0.0318053
0.9930085
0.9960524
0.99318105
0.99587077
0.99448556
0.013925048
0.9972922
0.99845684
0.99136305
0.022022463
0.9918743
0.98665696
0.59745425
0.99893063
0.99840623
0.015882874
0.99786586
0.9930951
0.997246
0.997239
0.87805533
0.9920846
0.015194442
0.7115572
0.38382336
0.99440646
0.9956032
0.6401457
0.9992242
0.9890366
0.02185802
0.9822957
0.99865973
0.014956532
0.98238313
0.99235266
0.06957151
0.082219325
0.9826711
0.98789257
0.98575926
0.997981
0.2475254
0.66358596
0.89903414
0.93290025
0.99359435
0.0470239
0.9900367
0.99819237
0.98690355
0.8856996
0.6701906
0.9956879
0.99354047
0.99789375
0.99990106
0.9854087
0.99677557
0.0066128206
0.9966275
0.98900396
0.99707305
0.0047858916
0.9941497
0.97964144
0.9820343
0.021033434
0.011238964
0.98678035
0.99627626
0.9981304
0.99908674
0.99600714
0.93535334
0.97760063
0.6992422
0.987559
0.8771021
0.9960621
0.9993969
0.998061
0.006040418
0.998623
0.20590873
0.99685764
0.9750769
0.9980944
0.99408406
0.99960524
0.99839133
0.9945798
0.98429203
0.4983554
0.9943832
0.9967259
0.8120871
0.9855887
0.9955764
0.991748
0.92791516
0.09364651
0.9646122
0.9979943
0.99915624
0.023132848
0.9970534
0.015045985
0.023428086
0.35685533
0.9969311
0.9988366
0.9374043
0.9976966
0.9981602
0.9969831
0.99883133
0.99268144
0.97910553
0.9879507
0.9844065
0.9755195
0.9913521
0.99980265
0.908772
0.99813324
0.9915451
0.99987125
0.8844229
0.9984724
0.99946946
0.13638186
0.9970092
0.7298928
0.9935127
0.99581665
0.99347407
0.99651825
0.9907329
0.9941993
0.74854857
0.987151
0.5525191
0.98458254
0.9947983
0.98827094
0.995538
0.009877235
0.04642699
0.8905611
0.9993242
0.9971922
0.9964617
0.014659447
0.020579023
0.9975032
0.32636294
0.9962584
0.98426867
0.009376951
0.9964257
0.9947379
0.99528545
0.9908654
0.99184835
0.9970055
0.98852986
0.79214966
0.9994734
0.84659946
0.9994386
0.99894065
0.9926674
0.9761237
0.9951013
0.11381715
0.992986
0.94002473
0.995939
0.99930084
0.9953407
0.01960895
0.9999044
0.98229927
0.9540661
0.9994203
0.9975321
0.9841076
0.24712148
0.9908345
0.9971334
0.9578314
0.82090336
0.98231333
0.9988914
0.9964104
0.9984837
0.9297373
0.9951722
0.43720192
0.9975223
0.9975562
0.99912816
0.9991019
0.98784196
0.97614384
0.9968976
0.976823
0.9920934
0.99818724
0.98371214
0.26746553
0.9963451
0.97927535
0.99685067
0.99194896
0.049759906
0.9886592
0.99928313
0.99077725
0.96744263
0.21266253
0.99623626
0.99785787
0.8392301
0.9919389
0.04411744
0.9948664
0.9980507
0.94917154
0.010832332
0.9962398
0.9976331
0.9981858
0.9969562
0.99690634
0.055255227
0.048175786
0.6900533
0.64750534
0.9950896
0.9849095
0.9973001
0.997656
0.9832617
0.9961688
0.9649361
0.99293387
0.9966281
0.9976121
0.94514585
0.9961671
0.9977718
0.9953121
0.3920877
0.98263645
0.9944127
0.88316345
0.987633
0.018016784
0.998201
0.592672
0.9206927
0.13271339
0.99770916
0.9975395
0.9989386
0.67243725
0.9065836
0.9480592
0.3596789
0.9986376
0.18076222
0.987536
0.04828571
0.9683991
0.065132074
0.9941987
0.99782276
0.98065704
0.8868719
0.9963341
0.9992568
0.9917985
0.01572557
0.9963786
0.98499936
0.05101853
0.99778086
0.9989642
0.48190194
0.998161
0.9966941
0.029524012
0.9964567
0.8879693
0.99715084
0.9960479
0.05230681
0.99828535
0.70778316
0.99689364
0.967992
0.03260934
0.999803
0.67895377
0.99879336
0.99516606
0.0059671635
0.99746454
0.99417466
0.99450606
0.056621864
0.99781513
0.9718574
0.9839326
0.9964741
0.9958682
0.9360458
0.097568884
0.90352225
0.97742647
0.99396646
0.9384486
0.018237455
0.2509307
0.9931176
0.99972516
0.48419708
0.9983133
0.93792456
0.15344577
0.99809736
0.012255703
0.9987521
0.9984382
0.92270297
0.0065065287
0.96347445
0.9963176
0.027394678
0.9978935
0.9958631
0.019090973
0.9879282
0.9962754
0.9967661
0.029970663
0.99773574
0.060761075
0.992904
0.6579493
0.96234185
0.018597225
0.96796644
0.9870165
0.57245964
0.99702424
0.9972364
0.9901266
0.98950666
0.1732965
0.99261814
0.9978568
0.89121526
0.9690536
0.9919367
0.9995765
0.97392786
0.9983961
0.9975612
0.99513054
0.11586841
0.9964927
0.998285
0.076849736
0.99903286
0.9749147
0.060390696
0.98651046
0.9960312
0.9670916
0.9859678
0.99894315
0.008863632
0.588141
0.99877125
0.9892189
0.99746597
0.9925402
0.6723138
0.7911327
0.9928838
0.9744367
0.99784625
0.8063203
0.9988072
0.71673334
0.9862834
0.93473405
0.012526163
0.017032836
0.99515057
0.9925546
0.049712975
0.9951149
0.9668932
0.9936289
0.113587186
0.9997234
0.99554116
0.04428193
0.9932
0.8699815
0.057764202
0.9997286
0.9844015
0.99262106
0.06632281
0.9953366
0.99893874
0.97211534
0.99604046
0.98749197
0.16344804
0.7650712
0.99828583
0.9959273
0.9891528
0.99485826
0.9972614
0.99972993
0.9994584
0.42649138
0.9994374
0.046069115
0.9978567
0.99002075
0.7650194
0.9930594
0.9985592
0.9660402
0.98894686
0.17514007
0.99730045
0.99918324
0.9916099
0.98483723
0.9961176
0.9664698
0.0038388183
0.9985917
0.52318984
0.99932015
0.18452644
0.99419194
0.014239269
0.017111259
0.05807133
0.022978056
0.99819714
0.99659663
0.9983901
0.9658688
0.9956916
0.39692363
0.99983466
0.99077797
0.9927846
0.92170197
0.99445146
0.99784124
0.9810845
0.99167484
0.010068553
0.99729747
0.993429
0.9971927
0.9769851
0.4393742
0.9964347
0.10621084
0.99657804
0.99325645
0.85818857
0.9998233
0.68679756
0.8349736
0.99914134
0.10136429
0.98675203
0.9979576
0.9903985
0.9964037
0.99745244
0.973265
0.9971
0.99298155
0.99966943
0.91067904
0.9945081
0.9966524
0.6810934
0.95964277
0.029560998
0.9968644
0.9946457
0.98327523
0.99906677
0.36748713
0.89509106
0.989498
0.9981754
0.9758587
0.9967147
0.9950966
0.93465155
0.9953311
0.9951988
0.9958949
0.84941864
0.98183054
0.98271585
0.96732515
0.98850656
0.3559827
0.7099904
0.99390996
0.9902096
0.44966054
0.99387133
0.77978915
0.97807103
0.97860914
0.88568836
0.8691006
0.96704257
0.8047892
0.9968726
0.98418
0.06810314
0.83430374
0.98211837
0.9997576
0.67239326
0.99751794
0.9945585
0.9975107
0.9785275
0.022594087
0.019666621
0.9628155
0.9963553
0.48191512
0.9381133
0.9909689
0.99725014
0.43190694
0.9995745
0.9999366
0.5627372
0.036165316
0.95552486
0.99273527
0.064843126
0.9979664
0.9983577
0.70325047
0.98598635
0.042418517
0.99359185
0.9837336
0.037719913
0.036732826
0.99046624
0.9986701
0.996154
0.9975865
0.99412775
0.99267006
0.067079365
0.01628101
0.08326713
0.9975441
0.11944749
0.99625444
0.8800795
0.9978623
0.0431226
0.99988127
0.99842167
0.07654174
0.9879353
0.98878247
0.027127175
0.9990758
0.9993148
0.97572166
0.99697626
0.010013462
0.9944277
0.038139947
0.63627803
0.969835
0.1742046
0.95921254
0.999876
0.9969202
0.9907568
0.98797506
0.991585
0.9968683
0.015086261
0.99306905
0.91167915
0.9509692
0.95349115
0.99495703
0.9636541
0.9041304
0.007049919
0.9187655
0.99738806
0.99825007
0.9859083
0.69169706
0.88592374
0.011735406
0.96577805
0.9405039
0.9969969
0.997299
0.9974504
0.08386379
0.13756399
0.98507774
0.9982405
0.9666244
0.9992317
0.9955271
0.9969542
0.3538016
0.9981546
0.97685766
0.99961853
0.9977933
0.08403148
0.98883957
0.99302685
0.9965551
0.981601
0.94421095
0.95821905
0.75176245
0.999572
0.021564627
0.97765964
0.9635048
0.99568945
0.99818546
0.9744983
0.915167
0.99849236
0.996398
0.99958545
0.9926785
0.9619092
0.0742918
0.11232742
0.9439402
0.998495
0.9373543
0.99992275
0.99786586
0.99380624
0.054584045
0.011959363
0.31309906
0.9810813
0.99883264
0.982118
0.97061586
0.9973375
0.94829756
0.062237166
0.9740605
0.199041
0.99707425
0.9954625
0.99917597
0.99615026
0.9996245
0.9291099
0.798713
0.9972216
0.9985611
0.7125998
0.6733925
0.874932
0.10627026
0.994862
0.9935762
0.05533532
0.99287075
0.9943481
0.9978757
0.9912214
0.9927194
0.99226284
0.019326504
0.9784672
0.59228915
0.14288364
0.99942636
0.9963128
0.12265997
0.9947731
0.9371982
0.99873835
0.99240464
0.98672396
0.76398283
0.9332265
0.044350117
0.9983779
0.8531869
0.85371095
0.99434894
0.031624958
0.9489883
0.7601635
0.9986437
0.059291065
0.9194039
0.97657305
0.9722395
0.015512893
0.9994355
0.9980323
0.97415984
0.99741983
0.97398573
0.9875531
0.4880639
0.99518317
0.97770256
0.99516773
0.99288356
0.98935133
0.9960569
0.99455786
0.018722897
0.030232986
0.99987316
0.9919349
0.9645871
0.9980938
0.9998385
0.9937255
0.9915044
0.046825033
0.9922564
0.9937104
0.9991774
0.9918452
0.99644357
0.57863843
0.96713734
0.97344285
0.98007876
0.99948514
0.9959203
0.9930821
0.77855575
0.45819578
0.9984749
0.9924272
0.098566234
0.98484033
0.99665594
0.9833245
0.9982668
0.9986933
0.9951624
0.109930694
0.9891254
0.9988412
0.06329351
0.022439223
0.9924475
0.9396798
0.99467176
0.99313146
0.99274135
0.9975926
0.88138497
0.989815
0.9803392
0.99889416
0.9782979
0.99487275
0.99934477
0.9984743
0.026392797
0.9967264
0.99751186
0.9973291
0.99252653
0.9966372
0.8835049
0.17982064
0.9409628
0.289667
0.99935347
0.99017006
0.99766195
0.999566
0.060438078
0.9662368
0.9975012
0.9466677
0.89510125
0.9769771
0.99738926
0.0041642487
0.9987072
0.9524307
0.9843731
0.12192364
0.9957924
0.47911534
0.23370825
0.8843927
0.987497
0.99170715
0.993729
0.9973847
0.051691517
0.009238999
0.90360403
0.062096167
0.7780064
0.9905732
0.35613942
0.9880796
0.7874557
0.96284056
0.9981681
0.83458406
0.7827763
0.013844501
0.82595736
0.5231474
0.99786854
0.8967799
0.98506147
0.9952303
0.9947568
0.03216984
0.99849844
0.9939733
0.9982175
0.30898583
0.36089757
0.99327624
0.99607724
0.21098095
0.99772114
0.99400806
0.99385107
0.7880506
0.98688436
0.99245524
0.0073121516
0.9876046
0.9902103
0.9978638
0.03946795
0.9964804
0.9999118
0.84710413
0.9663448
0.99746585
0.99156135
0.12454099
0.9876067
0.9979381
0.9993462
0.99665534
0.96038073
0.0062407474
0.99364364
0.99889565
0.9828303
0.9943727
0.992661
0.677644
0.9994266
0.9894103
0.052797947
0.9992855
0.9984578
0.9996526
0.9095952
0.99732095
0.99314404
0.9966875
0.05110034
0.99845517
0.98972696
0.99850696
0.021831073
0.9959059
0.9830661
0.87411165
0.9980002
0.99266076
0.020058483
0.025557768
0.99970007
0.9983505
0.937134
0.98633957
0.9937605
0.99963534
0.99767524
0.9065208
0.4754638
0.028167851
0.838624
0.9841979
0.91999567
0.99987805
0.97382665
0.9978993
0.83247226
0.9982622
0.9717163
0.7274739
0.99561286
0.92827535
0.6260735
0.9223474
0.99888843
0.037392996
0.99233025
0.99806625
0.9933909
0.9931463
0.9694631
0.87614626
0.82126904
0.08233993
0.8847361
0.99702233
0.9857534
0.99696904
0.9976527
0.9049594
0.98531437
0.9975337
0.95927745
0.011540909
0.9280533
0.011405014
0.99854255
0.96754485
0.9642264
0.99952316
0.9992495
0.9982899
0.9947035
0.04267348
0.98920447
0.059906676
0.18273674
0.9975145
0.99900585
0.9220096
0.98942053
0.98634225
0.99637383
0.9881544
0.9931692
0.99711084
0.99718374
0.9992349
0.14491227
0.9996635
0.9949439
0.12570703
0.9955676
0.98924446
0.9987135
0.99057674
0.9969362
0.19534387
0.99826294
0.986376
0.9976265
0.9043471
0.99633586
0.42721355
0.997306
0.9989679
0.9836895
0.9131224
0.8188412
0.9975477
0.043274865
0.9937168
0.998054
0.99881387
0.9976197
0.8866727
0.9971102
0.9985557
0.9968659
0.9977627
0.96872205
0.99537873
0.9988858
0.9986098
0.99712664
0.99866915
0.9954839
0.994747
0.9989827
0.2827646
0.994785
0.9971691
0.014041898
0.8151206
0.013728084
0.99831307
0.15236385
0.9988374
0.99795794
0.9963876
0.99806255
0.7973334
0.84721744
0.99122673
0.9966068
0.6442203
0.99986935
0.43177027
0.97018373
0.9942398
0.9614266
0.99212706
0.99192
0.9998087
0.11554436
0.9945873
0.021122908
0.9970151
0.98890287
0.99768627
0.99328965
0.99994814
0.10041437
0.99836165
0.015579661
0.059009578
0.9892329
0.99980444
0.9757833
0.99840814
0.025461113
0.99585044
0.037443474
0.99709177
0.999448
0.26035023
0.017047642
0.9759503
0.99395484
0.98948777
0.36202955
0.9687214
0.92976445
0.069266826
0.873165
0.123334646
0.9783972
0.985819
0.5438448
0.9984901
0.9932861
0.9930178
0.7372897
0.79824317
0.047051616
0.99590045
0.7791142
0.9989222
0.9957553
0.083113275
0.9971872
0.99635786
0.9949374
0.6961337
0.99416465
0.9950198
0.9987237
0.99695575
0.9936207
0.99831176
0.99662197
0.99456894
0.036105335
0.00769517
0.99442494
0.99576
0.37718847
0.92312557
0.63503927
0.82396364
0.99302894
0.016057193
0.95419675
0.99937683
0.94328785
0.998176
0.75931865
0.99813616
0.5525227
0.99961144
0.958655
0.99511933
0.9521209
0.9992955
0.99163306
0.82310927
0.018982273
0.9954477
0.84446543
0.99441236
0.995895
0.038273755
0.9092646
0.025509141
0.6117317
0.9939966
0.99963474
0.04079457
0.01643782
0.9925485
0.99162406
0.9311101
0.93224376
0.99868065
0.16932629
0.99542797
0.99542564
0.9979366
0.9959467
0.9990878
0.99357563
0.0148449065
0.023641013
0.9856021
0.99708825
0.05142272
0.99483067
0.9969072
0.999689
0.9060872
0.98608553
0.026579367
0.8522731
0.25118497
0.5403104
0.18567558
0.9728957
0.24577023
0.9988423
0.35718554
0.9977871
0.12537658
0.99766904
0.9899949
0.98925483
0.9991623
0.99041957
0.97548497
0.7351287
0.9967809
0.93303365
0.9985442
0.93601096
0.99886215
0.99957985
0.9976616
0.40147662
0.90048164
0.9954738
0.8398953
0.038134016
0.9988329
0.99483573
0.99529654
0.99813193
0.9953329
0.9987739
0.99883705
0.996833
0.9962734
0.5645703
0.99476767
0.865872
0.99486357
0.08750218
0.016601512
0.99518496
0.99683076
0.8575745
0.9488007
0.86932933
0.5566687
0.9998466
0.96506417
0.98561513
0.9965167
0.99767846
0.99213624
0.99882215
0.9993573
0.032660574
0.04727225
0.70238984
0.062141724
0.07376539
0.99986565
0.7941902
0.9995802
0.99613625
0.9846563
0.998173
0.99796283
0.9966724
0.99882346
0.9590095
0.9975426
0.99845946
0.03375778
0.9980202
0.5268053
0.99825627
0.9998301
0.9949845
0.9756841
0.87542045
0.9964585
0.99331385
0.9903655
0.40949738
0.97709686
0.9966684
0.97727454
0.9975567
0.90865064
0.014755404
0.9312102
0.9762054
0.9994469
0.99448216
0.99005336
0.99987197
0.038597234
0.9882013
0.9999126
0.9691822
0.07138545
0.9955113
0.99314684
0.5257143
0.7882353
0.14311777
0.9986082
0.9967434
0.97538185
0.9999114
0.98994046
0.968845
0.99553114
0.9983689
0.9856412
0.017632615
0.99679834
0.98270667
0.89474183
0.9963062
0.9947653
0.98271024
0.039448526
0.5747117
0.19171758
0.9967494
0.99538213
0.078242816
0.99198556
0.9931172
0.3900879
0.023752708
0.2851155
0.97547555
0.9944621
0.017171655
0.9947201
0.32580936
0.03553165
0.9932767
0.86598307
0.9945306
0.95964235
0.9991609
0.91681284
0.27029875
0.9993529
0.9772296
0.8877385
0.9994313
0.02952529
0.9993463
0.8972129
0.99322116
0.78887665
0.98539543
0.038637456
0.99699605
0.9780621
0.9860103
0.9980844
0.9920344
0.9912708
0.99451894
0.94502616
0.99640983
0.9998436
0.99827933
0.7804607
0.99570316
0.9963063
0.9964128
0.9924144
0.047697898
0.9962359
0.02407389
0.06557241
0.99372333
0.88353217
0.022139288
0.5056
0.07626093
0.9879552
0.9980533
0.019996816
0.99624443
0.9765087
0.78001803
0.99280214
0.9810399
0.9889136
0.059872385
0.9927973
0.9994759
0.054312255
0.97386676
0.016804364
0.95611304
0.99809104
0.050498005
0.96713424
0.99563795
0.99463296
0.9984884
0.9994344
0.006696434
0.021984594
0.9971706
0.99562484
0.99568594
0.98847735
0.0023205546
0.075613014
0.9956774
0.9991646
0.02193038
0.9975916
0.9946161
0.3794816
0.9930651
0.9987178
0.93350804
0.9925989
0.9807921
0.9923856
0.9946562
0.92076063
0.9744489
0.995887
0.98824126
0.98850006
0.97503483
0.69441915
0.9341585
0.9974324
0.9648855
0.99510777
0.98584753
0.025585536
0.9869589
0.9976666
0.998998
0.9990766
0.989929
0.98426765
0.99626213
0.9985868
0.9961422
0.6504708
0.99953246
0.7668187
0.09521039
0.9634509
0.9900877
0.98064375
0.9943364
0.9969753
0.997303
0.059921354
0.91941166
0.85960364
0.99983966
0.9938192
0.9830256
0.9959693
0.02903417
0.99956185
0.99354655
0.9827305
0.98992985
0.9890302
0.99217165
0.99278885
0.99615175
0.98301226
0.04250756
0.52215266
0.99470705
0.99864167
0.9812634
0.9711917
0.9937344
0.9864717
0.99974006
0.99658954
0.009649438
0.99751127
0.99653935
0.9726815
0.9902082
0.023475131
0.99977213
0.99927443
0.75848675
0.99807894
0.9259401
0.99274933
0.998635
0.9867627
0.17128187
0.997672
0.9953935
0.992729
0.9908975
0.004072309
0.99955887
0.99806386
0.21940252
0.9917653
0.9958456
0.16279322
0.9937192
0.99778384
0.9976041
0.054233816
0.9986185
0.9989384
0.99988675
0.97059083
0.99094045
0.75238675
0.9905007
0.06202551
0.56299496
0.7428454
0.9932846
0.99527407
0.9992582
0.9998864
0.98628277
0.93313247
0.9936168
0.9931629
0.9879937
0.109327056
0.9853845
0.021881517
0.9762197
0.99526477
0.9895154
0.9811901
0.9987721
0.16534716
0.9928162
0.5055472
0.99813384
0.9864914
0.19888505
0.72528243
0.9604233
0.055090927
0.9943969
0.9951089
0.9827434
0.9835878
0.9928012
0.94923276
0.9542671
0.99278706
0.9969416
0.637404
0.8670272
0.9978823
0.9611228
0.03429541
0.9246759
0.14147103
0.9977392
0.9987925
0.020753931
0.9988588
0.9998534
0.75812775
0.9969591
0.98343223
0.99576354
0.9994553
0.9994885
0.9880222
0.9966143
0.80664945
0.9969989
0.99553704
0.99648786
0.012869768
0.52058524
0.053567927
0.014199607
0.99470127
0.66422176
0.966099
0.98350257
0.53561085
0.99269426
0.97880894
0.30583405
0.9980483
0.9961612
0.9278161
0.9967675
0.98844564
0.99096125
0.9976822
0.9219293
0.9924972
0.9976878
0.8843447
0.51659524
0.93007535
0.9980615
0.0053301626
0.9509916
0.99805534
0.99721056
0.99499965
0.9995504
0.9333322
0.99510765
0.9952349
0.9879858
0.99063313
0.99591583
0.99627763
0.99709415
0.99778736
0.9916624
0.9842069
0.13633074
0.9986033
0.9970517
0.9890554
0.9683884
0.4098829
0.9997595
0.9328363
0.6348824
0.9976839
0.9937682
0.9929597
0.020190751
0.996046
0.060363602
0.99087054
0.9549736
0.99922335
0.9997646
0.99025446
0.95563394
0.99633384
0.092669636
0.933037
0.21762992
0.0827129
0.96190083
0.99936205
0.9958448
0.9968029
0.8097818
0.99830353
0.99721706
0.9997243
0.9464423
0.99781275
0.30293837
0.9959197
0.999171
0.99323845
0.9773458
0.010965937
0.7676962
0.9923149
0.996525
0.98867166
0.11070073
0.97670877
0.98584753
0.9908793
0.017531851
0.011650523
0.9943771
0.9908702
0.06864867
0.9901063
0.946306
0.9756064
0.9963864
0.6118987
0.9991897
0.13214697
0.99634176
0.9965204
0.09787772
0.99727887
0.99399865
0.9988422
0.9990349
0.9985367
0.99962926
0.006539965
0.99763703
0.9860811
0.19060433
0.99642986
0.965726
0.9991666
0.99604
0.9862817
0.9793691
0.97208315
0.98376924
0.99467766
0.9937052
0.03230869
0.9981406
0.9892819
0.38218886
0.99491054
0.5019121
0.9864672
0.5619222
0.99839455
0.3074625
0.99342704
0.99591196
0.01850412
0.048313737
0.8158457
0.9966877
0.9849259
0.014448776
0.96079975
0.99782664
0.9965875
0.99347055
0.99914634
0.9931439
0.107008085
0.9957468
0.9902383
0.0048881164
0.99737954
0.996458
0.9945949
0.97723436
0.99716884
0.99879116
0.997855
0.8799364
0.9278502
0.97459614
0.932582
0.9015201
0.9864108
0.1682367
0.9944365
0.09021775
0.040257514
0.9843671
0.99868685
0.99717134
0.98884994
0.9904607
0.99848
0.4356957
0.05746074
0.9975184
0.9994184
0.94049156
0.9929294
0.9986444
0.99834836
0.9629544
0.9984732
0.9971566
0.28736755
0.99000645
0.9982718
0.10178306
0.8406288
0.06567385
0.9992531
0.9611321
0.99483913
0.9992539
0.01176829
0.9590717
0.997968
0.19077365
0.025355099
0.6392963
0.99769163
0.9947896
0.996485
0.75233936
0.99970526
0.005482378
0.98262215
0.9971002
0.9917453
0.99402183
0.99488765
0.9877614
0.99680376
0.48370954
0.99677247
0.9900973
0.99930644
0.9964072
0.9919574
0.24714012
0.89427626
0.9985513
0.9995888
0.9999218
0.99879754
0.14101508
0.9978592
0.97771055
0.961059
0.9992204
0.99725527
0.33251694
0.9951534
0.9985429
0.9998
0.9652034
0.9957605
0.99773574
0.86860496
0.99057335
0.9982432
0.90249395
0.5630962
0.9386566
0.99973994
0.99324656
0.95369536
0.9957741
0.99760723
0.96117777
0.9952402
0.99887186
0.9953259
0.40354246
0.99855787
0.9186394
0.9663982
0.995466
0.9973724
0.9885005
0.4873778
0.9375491
0.994913
0.050265603
0.99798167
0.99503183
0.9987004
0.95136744
0.9979691
0.9962231
0.9937063
0.99509627
0.9829852
0.7898981
0.18310331
0.77014095
0.97684324
0.9004443
0.9810495
0.75252974
0.99472296
0.41668245
0.99442744
0.76030874
0.040947903
0.9910189
0.998095
0.1841374
0.99749917
0.9624155
0.9953625
0.9973139
0.9935974
0.99095273
0.99736917
0.97203875
0.09590223
0.26679063
0.99119264
0.98347485
0.0040494176
0.8983082
0.9958462
0.057200838
0.6515258
0.99749255
0.9984451
0.015915927
0.9482922
0.6382555
0.99868137
0.9153032
0.99771994
0.8210386
0.924932
0.004081021
0.9977708
0.9956916
0.74319845
0.9981034
0.020028092
0.94981676
0.9975533
0.96708006
0.99900407
0.9997874
0.15151072
0.99759007
0.21700229
0.98407274
0.99975604
0.06480786
0.9928243
0.06563887
0.2417828
0.9981639
0.99445575
0.99527365
0.9425551
0.9970874
0.9811137
0.9779529
0.9837415
0.9996284
0.07208029
0.97429705
0.88816607
0.9977064
0.99793184
0.9993319
0.99653155
0.9948789
0.92887026
0.9953316
0.99964106
0.014888961
0.98154336
0.9986041
0.9961415
0.9829404
0.99879444
0.9950054
0.97257936
0.9991844
0.6139197
0.9979128
0.9936441
0.99597734
0.99084365
0.9974636
0.99063724
0.753649
0.9971681
0.9989478
0.9986235
0.9986594
0.9960967
0.9960407
0.76164573
0.9802946
0.99291044
0.99177766
0.99608755
0.5587352
0.9987255
0.9998661
0.9952429
0.9215782
0.9977683
0.9961869
0.9963458
0.99930084
0.9956448
0.677113
0.089726865
0.98348814
0.6427805
0.9994111
0.9964929
0.42750642
0.99970657
0.99576926
0.998302
0.99724966
0.9984682
0.999961
0.66490597
0.99987364
0.874086
0.99289167
0.99517435
0.9919397
0.999887
0.99821585
0.9049635
0.9991449
0.9957575
0.9932213
0.07139084
0.016185436
0.006625076
0.99987173
0.99801445
0.96856874
0.44618338
0.9987452
0.99122095
0.051802143
0.99822885
0.99741435
0.9897934
0.9829637
0.99319494
0.977644
0.98170483
0.992585
0.99441683
0.0129302805
0.99880743
0.99857485
0.98660153
0.9983701
0.9984767
0.99140656
0.9886861
0.9894331
0.007855268
0.982734
0.7418661
0.9934149
0.99933124
0.9664237
0.016424064
0.8764446
0.9932172
0.9977944
0.97250104
0.5934195
0.99857295
0.8158776
0.99261874
0.8875142
0.99517703
0.9836475
0.024816906
0.9649524
0.9904475
0.94881314
0.9967462
0.97992283
0.8479467
0.019053426
0.27027273
0.9358303
0.23306355
0.9678485
0.17639248
0.8038022
0.7437362
0.99428284
0.99266195
0.9981369
0.98117507
0.9950618
0.8092636
0.9964071
0.99374044
0.9971322
0.9847869
0.9959777
0.9950087
0.9983714
0.99006104
0.97758865
0.99797076
0.9135264
0.9393508
0.051746603
0.99219584
0.01418215
0.8347202
0.67871135
0.99504423
0.9963314
0.99672735
0.99668247
0.9997949
0.99363035
0.82788783
0.99556965
0.9973743
0.9748038
0.99745005
0.945666
0.9944817
0.99651515
0.9847884
0.99968076
0.9940764
0.99769056
0.96841294
0.0067148614
0.9950041
0.05379163
0.9928883
0.9782024
0.9633407
0.97471696
0.9904773
0.9910443
0.938748
0.994879
0.47070864
0.9826475
0.85088766
0.9842986
0.95426625
0.98394656
0.99802244
0.9979152
0.99949133
0.93141073
0.88810724
0.7329412
0.027697159
0.9150195
0.9978429
0.0038560356
0.38682678
0.9946313
0.9793605
0.99091923
0.97475034
0.9883159
0.9967528
0.99566036
0.9949936
0.9968238
0.0073049874
0.78654385
0.99911684
0.9124727
0.9978993
0.17249852
0.9948494
0.93151695
0.037669763
0.9230512
0.98309946
0.96039176
0.9933334
0.9981375
0.99612314
0.99744356
0.98815036
0.09946878
0.99276686
0.9964449
0.9952803
0.833646
0.9965192
0.9993843
0.9987224
0.9878456
0.9973117
0.9962656
0.576799
0.8669405
0.99719393
0.99694806
0.99656856
0.9987306
0.9995751
0.12350212
0.58076787
0.81095034
0.9964876
0.9968047
0.99624604
0.997442
0.02410945
0.9994103
0.9946543
0.005061893
0.088952556
0.9839706
0.99797314
0.7719794
0.9909696
0.6132162
0.99832314
0.99627113
0.9996636
0.9876816
0.98257667
0.9928636
0.9986299
0.99591345
0.009036747
0.01950317
0.55774426
0.010573885
0.9496378
0.8688679
0.9996929
0.9961241
0.99942553
0.965349
0.97922635
0.83058965
0.9974963
0.99112225
0.9931941
0.9993625
0.98766834
0.96469724
0.99547017
0.5156798
0.9972083
0.99569255
0.9926317
0.9977704
0.98534065
0.9957282
0.99600923
0.59463954
0.99471337
0.9811137
0.9953939
0.90337855
0.99454343
0.99904996
0.9976726
0.99606764
0.9961557
0.98450524
0.9965346
0.986636
0.97204036
0.9136391
0.99676573
0.9662094
0.995691
0.99766797
0.8223807
0.99802554
0.9861855
0.005159464
0.99336255
0.007849485
0.99772483
0.098067366
0.98654383
0.99103534
0.6177024
0.0128985075
0.9988933
0.99814045
0.9977724
0.9883484
0.9981798
0.14507014
0.9926756
0.9978509
0.79105246
0.9982533
0.90128624
0.998738
0.9929016
0.9693282
0.99834454
0.3931149
0.9994234
0.08970019
0.021152059
0.99685466
0.9980028
0.09256687
0.9692536
0.9996698
0.9985877
0.9986297
0.9901596
0.9925328
0.94745314
0.41209418
0.95769376
0.98452985
0.77127755
0.9974082
0.99447954
0.99757737
0.25187534
0.99980396
0.99869424
0.9970251
0.8337768
0.9833228
0.9940865
0.035596505
0.9871569
0.352284
0.992736
0.9972779
0.99708074
0.99723333
0.9979638
0.008440864
0.99462765
0.028810114
0.9991289
0.9933523
0.9903404
0.99433136
0.99079895
0.9983051
0.99290895
0.9988721
0.9844503
0.9993711
0.9987526
0.9900287
0.9466744
0.011550662
0.998725
0.99551517
0.9970433
0.004867937
0.98574626
0.007438931
0.99391264
0.9947778
0.99366355
0.99157435
0.014247912
0.996896
0.6605479
0.059049103
0.96240073
0.012908546
0.9740676
0.89987165
0.99686325
0.9975642
0.941553
0.029784217
0.90679705
0.94359565
0.99587566
0.9956819
0.9878521
0.8405303
0.99482936
0.9980379
0.95679474
0.057901736
0.99416685
0.6831093
0.992564
0.9986798
0.01993257
0.9535864
0.99718505
0.9715763
0.73089963
0.9057101
0.97924155
0.98450124
0.9996125
0.13410772
0.745715
0.10786784
0.16517586
0.9986344
0.99768984
0.8925562
0.9979261
0.011703484
0.65535367
0.07852974
0.9937982
0.99388653
0.99648607
0.9887278
0.8640562
0.11926716
0.9939418
0.9948738
0.9926185
0.3765691
0.9971481
0.91024464
0.44223186
0.3507283
0.053003162
0.02220711
0.9994305
0.061740167
0.9368551
0.9309542
0.9994586
0.050070263
0.056883197
0.032305192
0.940547
0.9961719
0.9886114
0.9781693
0.99705815
0.9846868
0.9930155
0.33187604
0.9917237
0.9985499
0.99522096
0.9483785
0.9962394
0.996218
0.96724254
0.9982967
0.9794079
0.99108326
0.87220794
0.9940347
0.9968689
0.12492212
0.87791365
0.98810613
0.98539805
0.9864222
0.99573636
0.9928416
0.99915457
0.027575351
0.9445612
0.9994266
0.87788534
0.98183364
0.9198626
0.99418736
0.99651426
0.53362167
0.96287054
0.043137334
0.99702364
0.99880695
0.99692243
0.99217564
0.9837092
0.9943743
0.9962846
0.061637904
0.9953603
0.9900794
0.6944128
0.99952435
0.9354508
0.033587415
0.9984906
0.9969298
0.986403
0.9845638
0.07318982
0.9945155
0.97355485
0.9953489
0.9884249
0.9977223
0.9265748
0.077849
0.0178345
0.8727797
0.99040437
0.98380786
0.9898441
0.9994287
0.9874778
0.989599
0.9964702
0.9909372
0.99989355
0.990978
0.97977495
0.9908087
0.9978765
0.058759857
0.9945891
0.9987525
0.99373865
0.99986446
0.017988294
0.98243827
0.9657754
0.9629439
0.99239576
0.99553865
0.02783595
0.9971198
0.96038723
0.77555704
0.9949356
0.99274385
0.99650514
0.99691796
0.99925405
0.011226052
0.9712733
0.9979456
0.75383216
0.7897638
0.9949109
0.9994808
0.9898719
0.9933362
0.99330324
0.9865883
0.9958086
0.99317765
0.92382926
0.9985152
0.9923794
0.06506668
0.9591111
0.98988956
0.96031564
0.025958661
0.99728084
0.9989316
0.99933773
0.99992657
0.99858105
0.98828214
0.85432214
0.9996356
0.97957164
0.9704534
0.9899148
0.9942678
0.9981172
0.16493249
0.98209184
0.9914761
0.79015213
0.90322614
0.99613154
0.9438257
0.993523
0.16735317
0.99057186
0.9965146
0.9945748
0.03643575
0.93226284
0.8545223
0.9962339
0.99895006
0.9957327
0.9937291
0.018976593
0.16666885
0.770479
0.99772066
0.99435884
0.9740006
0.985166
0.3532205
0.77297574
0.025291778
0.012652041
0.98788583
0.24045937
0.95444095
0.03922121
0.9928046
0.6022319
0.9969598
0.9937907
0.3930581
0.9898913
0.9987797
0.99345857
0.99660504
0.9898663
0.97377014
0.99402857
0.9927188
0.027306175
0.99056554
0.97076046
0.99977726
0.9997422
0.99134046
0.99324656
0.9979259
0.9979956
0.9945064
0.20397826
0.9938645
0.99987936
0.99851686
0.9998128
0.99198127
0.9932555
0.48622575
0.99850863
0.6223086
0.9925533
0.9961235
0.262325
0.9982988
0.9942621
0.9951579
0.6588924
0.99782217
0.9993036
0.067739606
0.99975866
0.83641315
0.9895139
0.9929268
0.98417246
0.99759847
0.29706696
0.91587746
0.9191961
0.9979448
0.9994061
0.99477684
0.99851805
0.12361545
0.98845285
0.8849733
0.99465984
0.9972819
0.99521327
0.75325876
0.9888969
0.9967007
0.9928705
0.9981822
0.94262993
0.9997862
0.9978934
0.9925114
0.047339223
0.99733526
0.99639916
0.910068
0.1320711
0.99950683
0.9976561
0.9985612
0.94394386
0.9958294
0.98846394
0.012199482
0.9990759
0.98433787
0.9969945
0.8027794
0.88878065
0.99760455
0.9989164
0.99568367
0.9710269
0.910182
0.9830456
0.9892263
0.04499933
0.91903615
0.89653987
0.9994816
0.9852865
0.9960724
0.99537766
0.9915342
0.99792993
0.97624195
0.9973008
0.9940224
0.9981798
0.992489
0.9294876
0.9677257
0.99745697
0.99524504
0.9951055
0.99334574
0.012159707
0.36847523
0.59535164
0.99567837
0.9963888
0.9981869
0.9996686
0.9925942
0.7712845
0.9914165
0.038583577
0.99780244
0.9964986
0.99429893
0.81287104
0.99702615
0.94390976
0.93917733
0.99276066
0.9979603
0.940753
0.9979013
0.9986927
0.9992091
0.9765311
0.08416276
0.63430345
0.9994382
0.99064904
0.9802746
0.023484513
0.9976941
0.99717593
0.9978638
0.7988354
0.9972487
0.9754553
0.99751544
0.9704598
0.9969496
0.9982957
0.9957736
0.038527004
0.9750234
0.99935836
0.9966313
0.99900514
0.9969496
0.99764854
0.99653095
0.9964306
0.9982942
0.9993594
0.9979069
0.9987496
0.99737024
0.013106929
0.039614525
0.9819496
0.06133009
0.99463886
0.98537827
0.9977829
0.9948397
0.042183552
0.9595158
0.13739386
0.9899714
0.9903144
0.9962308
0.014331682
0.9989491
0.9955598
0.9698861
0.9781949
0.9985116
0.9927286
0.9879396
0.9805038
0.99352866
0.98370486
0.98496926
0.9861335
0.99875927
0.99772924
0.9939394
0.9984819
0.9752821
0.9857874
0.9831225
0.96053326
0.49674982
0.9047469
0.9997062
0.9926116
0.9190467
0.021648796
0.9885733
0.8477442
0.009800451
0.040242206
0.9832654
0.9986785
0.7639274
0.26816967
0.9984849
0.90913355
0.976152
0.9916313
0.99537885
0.99990404
0.9123362
0.9960347
0.9859067
0.99775827
0.29244208
0.99659747
0.9960905
0.99156135
0.89206254
0.04084583
0.9997408
0.5198442
0.9987037
0.9967104
0.86291224
0.98512614
0.99920684
0.9972574
0.99299353
0.94012886
0.9818715
0.9987029
0.9860182
0.99203813
0.9985104
0.14921279
0.87331957
0.9971854
0.9854418
0.052352637
0.9978611
0.01403132
0.5100296
0.8668511
0.9984168
0.10970654
0.9871912
0.9985751
0.99721634
0.072057456
0.9929033
0.99940026
0.998698
0.93967843
0.99322116
0.05724075
0.9916619
0.7664657
0.12651491
0.9993199
0.9719753
0.038148038
0.99776065
0.99787164
0.98983544
0.39587077
0.99763834
0.9386415
0.94186693
0.98669785
0.07505637
0.99620664
0.086995535
0.96594316
0.99144226
0.8965598
0.9736191
0.9997731
0.9989931
0.9956976
0.11955715
0.90243655
0.9936674
0.95165753
0.99772435
0.7828592
0.9996643
0.9969318
0.993824
0.03141244
0.9584578
0.9351535
0.111532085
0.9953029
0.91216046
0.99533975
0.89510643
0.29786378
0.33820695
0.13490775
0.9930655
0.99957365
0.99905735
0.9987173
0.99381447
0.9974216
0.99086905
0.9998609
0.9311963
0.008071794
0.87771523
0.99519193
0.9479282
0.9988476
0.9531347
0.017853454
0.39009923
0.9961946
0.014523297
0.10500968
0.9936289
0.999818
0.99325025
0.9921548
0.9924089
0.997071
0.99723804
0.9937459
0.99451786
0.99715257
0.014687105
0.98924094
0.99108535
0.9943869
0.99646986
0.09666342
0.98543984
0.9982272
0.9625795
0.31943777
0.9935912
0.9987256
0.98768485
0.9892368
0.9996824
0.9971572
0.99241126
0.9575664
0.9879175
0.99638176
0.99729246
0.97948796
0.023131734
0.9840301
0.9925103
0.99748164
0.99273926
0.44551638
0.9975999
0.8439001
0.19319779
0.9956682
0.9944753
0.99987745
0.99801433
0.9766941
0.98346806
0.9799114
0.5088328
0.87672096
0.9941379
0.9852174
0.9984243
0.99576366
0.77834755
0.98158216
0.80367786
0.9993247
0.9798044
0.028385542
0.99860567
0.8019967
0.04944427
0.56969285
0.23961115
0.838681
0.99176085
0.033722963
0.7980041
0.99137336
0.99718153
0.9893412
0.99388146
0.9957938
0.9956138
0.9884793
0.9730986
0.94046474
0.90949863
0.9983364
0.9972568
0.99879116
0.9996575
0.9975547
0.059933465
0.99858034
0.9979886
0.9908777
0.67461306
0.9937283
0.9978369
0.9934481
0.99805486
0.9893825
0.89835227
0.006414716
0.9955959
0.98716986
0.9991179
0.99440515
0.97169894
0.98096013
0.99825233
0.9686055
0.9985083
0.6454714
0.9018621
0.99973494
0.99373806
0.99869674
0.9932969
0.9924992
0.9795491
0.99787676
0.99974483
0.99154425
0.9995952
0.9715639
0.9996606
0.91113037
0.8744464
0.9997199
0.0117526725
0.99636567
0.9911306
0.99309087
0.4819415
0.0019276491
0.8598982
0.9976562
0.91790116
0.18922846
0.9968053
0.99022114
0.99919266
0.98339486
0.9517563
0.99897575
0.9923092
0.9979231
0.99958616
0.60478693
0.038779907
0.9757474
0.92972034
0.9981438
0.026980689
0.9978586
0.99738187
0.048861757
0.99587125
0.99797004
0.99591064
0.9788032
0.98588693
0.014109606
0.90539676
0.9936512
0.9952135
0.99627197
0.9957657
0.9987692
0.9974432
0.98400843
0.99478203
0.99883026
0.99756867
0.99255157
0.9926878
0.99623966
0.98072696
0.99144226
0.07707032
0.9994325
0.9902202
0.99766576
0.9978459
0.99687046
0.99739
0.984204
0.99958664
0.07948174
0.6209361
0.8951924
0.9930056
0.9945898
0.8586965
0.97097397
0.9923757
0.96858525
0.9253874
0.12448175
0.90687966
0.99793124
0.99447435
0.5167387
0.055268373
0.013626442
0.06905984
0.043850616
0.9895756
0.94879276
0.9980876
0.96681845
0.99505156
0.98507184
0.11294031
0.99669963
0.87930596
0.96909785
0.9961623
0.96642816
0.9297092
0.98981464
0.9934482
0.99381095
0.020877698
0.96878964
0.9917351
0.0035512347
0.9964126
0.9865534
0.99221087
0.9971706
0.9878231
0.9917807
0.99563015
0.10691168
0.9623391
0.70471966
0.99829143
0.9954875
0.99538785
0.99684274
0.8086186
0.9826377
0.97724926
0.99179256
0.8340413
0.98943526
0.18066569
0.9866567
0.9941381
0.98838043
0.98935425
0.9774565
0.9950854
0.9975667
0.9619072
0.99470747
0.99373055
0.9969535
0.99839896
0.10114863
0.9928726
0.99608886
0.2606233
0.9992237
0.955476
0.9999362
0.99603134
0.9979475
0.9976037
0.99499315
0.93800724
0.45793885
0.99548954
0.9875566
0.99608105
0.99439406
0.99766254
0.9866759
0.9962465
0.99237776
0.9944009
0.997077
0.031760816
0.93835294
0.13515596
0.99081904
0.9125968
0.9829284
0.9638617
0.9975332
0.75529903
0.98634607
0.9952053
0.06591713
0.9977633
0.9933844
0.9977717
0.066771165
0.97687984
0.99578816
0.9993445
0.99199474
0.9973556
0.96933705
0.012910407
0.9496461
0.9923151
0.9842636
0.9946339
0.9959495
0.014735825
0.95049846
0.943955
0.9997329
0.9365463
0.9972373
0.61723864
0.009463369
0.991698
0.99973387
0.96528685
0.96139765
0.82447016
0.9951952
0.99585766
0.9972748
0.8974101
0.022753121
0.85375386
0.9995307
0.99491006
0.98963076
0.9970945
0.9991936
0.061541207
0.9999244
0.9891945
0.9994242
0.9960575
0.21670215
0.4968921
0.99821436
0.06461763
0.9975617
0.7394309
0.9904045
0.9886108
0.9696391
0.011407708
0.9964551
0.99012405
0.16489613
0.9977744
0.98010546
0.097733326
0.012379418
0.99703705
0.03420293
0.99066925
0.9985896
0.9981172
0.99874145
0.9949302
0.90314114
0.8792229
0.54348224
0.9921381
0.93856007
0.9860145
0.028825587
0.9903093
0.012373904
0.9989987
0.8790138
0.99862003
0.99189514
0.9989447
0.5713117
0.0037334936
0.99829394
0.99901175
0.9854154
0.040961023
0.9982121
0.99643505
0.9801491
0.9541437
0.9803585
0.9971589
0.999091
0.8950746
0.73813075
0.8971808
0.016565826
0.82670337
0.9977857
0.99414515
0.99974126
0.87930167
0.99804014
0.9968129
0.23470494
0.99666935
0.9855627
0.99666303
0.025416492
0.98207974
0.054659992
0.9983668
0.9984792
0.4840565
0.9960247
0.9153873
0.97638613
0.994601
0.98884225
0.9107009
0.2535948
0.95127386
0.9101918
0.9792164
0.99005544
0.3556448
0.9901905
0.9958683
0.9920254
0.87561685
0.9854748
0.99987674
0.99791986
0.9983253
0.9954378
0.9934615
0.9947583
0.9965689
0.998953
0.99406815
0.9956937
0.03389413
0.99409276
0.9865848
0.95914125
0.84825194
0.98770463
0.99785304
0.96016157
0.9826701
0.0102794925
0.99662775
0.99858594
0.017450666
0.9973706
0.9968412
0.98189986
0.9995499
0.9936134
0.8967153
0.94170463
0.8478829
0.969435
0.9663481
0.022542592
0.99743146
0.99761045
0.99838185
0.8280267
0.98389196
0.8323163
0.9970483
0.99713093
0.9431661
0.99979335
0.13035879
0.797228
0.9894923
0.012999128
0.9952178
0.97828543
0.99865925
0.9927642
0.048403595
0.9991215
0.7545361
0.9590052
0.99181634
0.99105877
0.9968376
0.99914217
0.997866
0.008623151
0.99369216
0.99889624
0.99807835
0.4545394
0.98358476
0.9874445
0.9829281
0.9352476
0.9998779
0.97970355
0.9933187
0.9966685
0.99805224
0.99782157
0.068958245
0.27946317
0.94348943
0.9813462
0.8961123
0.993536
0.9997396
0.9874774
0.9929991
0.6909154
0.9931767
0.99188507
0.9971789
0.6869552
0.12479849
0.99773705
0.99412066
0.96896255
0.9308158
0.9942848
0.57889986
0.99825233
0.9956033
0.9960647
0.6136553
0.99394375
0.9945721
0.98562986
0.064952016
0.99708503
0.95203835
0.99680626
0.2093955
0.9981463
0.9545954
0.99799085
0.21999799
0.9245263
0.41824618
0.9787121
0.9945306
0.9948198
0.8227987
0.97682345
0.7103488
0.99704283
0.9467586
0.06822037
0.7090764
0.99225396
0.029605253
0.9989177
0.99358904
0.9971602
0.9340485
0.037277255
0.9953501
0.21887676
0.9979352
0.995086
0.9328078
0.99709713
0.46109092
0.9965252
0.9932307
0.9994893
0.76428396
0.99613416
0.98342425
0.991907
0.9977023
0.9969081
0.0317352
0.9642945
0.0985465
0.9961541
0.99838185
0.99560297
0.03002286
0.99402183
0.99586016
0.9933884
0.9858635
0.9821962
0.9983889
0.9470425
0.9890161
0.9977457
0.68570656
0.99727976
0.9975794
0.14671019
0.9959973
0.992092
0.997851
0.002927741
0.9966265
0.010033572
0.066492625
0.9993268
0.98067033
0.9997317
0.78240144
0.012023211
0.9752783
0.9908331
0.99486804
0.949955
0.9984372
0.9972045
0.98292947
0.77427554
0.9549452
0.98917484
0.9969252
0.98586094
0.50378513
0.9982077
0.9896779
0.9976775
0.08387817
0.9154857
0.99656665
0.06825045
0.8883703
0.9969861
0.997051
0.02644459
0.9366506
0.9765921
0.662893
0.046523508
0.9991474
0.9966365
0.9961253
0.95091385
0.6431579
0.99445856
0.9802674
0.9970228
0.057531442
0.9965593
0.27409917
0.07854801
0.9728453
0.98782945
0.9339012
0.9907733
0.9936212
0.99964726
0.9985222
0.9974688
0.08617151
0.9936069
0.79660994
0.99738044
0.99655944
0.99784017
0.023402113
0.99689853
0.9961345
0.9882818
0.06087046
0.9971245
0.97054344
0.9978599
0.9999125
0.99874324
0.98956126
0.69497764
0.9980665
0.98801374
0.6549116
0.9977374
0.9373224
0.2422837
0.5384998
0.9957098
0.9934802
0.9679975
0.998665
0.99893326
0.4439512
0.99791986
0.99864465
0.99173826
0.99538416
0.9949768
0.96018565
0.70927304
0.025041372
0.99976784
0.9708256
0.022464413
0.9971222
0.9979158
0.9906142
0.9792363
0.99802494
0.99849737
0.9937436
0.99703133
0.9746294
0.98913693
0.012175349
0.94393617
0.043615844
0.9931906
0.6364465
0.99539316
0.9970193
0.022669597
0.031315077
0.98716325
0.99614066
0.9847578
0.9999347
0.98786736
0.02337883
0.98909914
0.99797946
0.9989317
0.9941022
0.9980959
0.7342608
0.68049616
0.023853159
0.993068
0.7762281
0.99972063
0.014178669
0.99749196
0.9974591
0.9996669
0.9342659
0.9973416
0.99760664
0.9865053
0.9997004
0.95897657
0.99864405
0.94300336
0.27162984
0.99772817
0.30419993
0.9993668
0.6246257
0.85346496
0.99294335
0.99524754
0.31751812
0.98123884
0.09692871
0.9962514
0.9622936
0.07477209
0.9933535
0.9960712
0.029474027
0.02396624
0.9969223
0.9910659
0.21526603
0.9995228
0.99765164
0.99143595
0.043576136
0.99610656
0.95933723
0.016749023
0.78614026
0.99734986
0.9989047
0.98849326
0.99862134
0.9906303
0.91909945
0.9998067
0.99745256
0.7761117
0.9958656
0.99763167
0.99916637
0.9368979
0.99279284
0.2927078
0.9792619
0.9956664
0.9976751
0.9967552
0.98083407
0.023038793
0.99376583
0.9961488
0.30539054
0.9914852
0.99761873
0.99148506
0.99103093
0.9867264
0.9879914
0.9975727
0.997945
0.99647397
0.9974989
0.99809307
0.014198058
0.99653625
0.7112856
0.9579059
0.9972339
0.10856785
0.17205061
0.99432904
0.99390006
0.96131986
0.85759795
0.99962354
0.98073786
0.6126463
0.9965694
0.018754898
0.92828184
0.033581305
0.99001557
0.9949374
0.99929273
0.9948657
0.9781279
0.97824824
0.99476165
0.97216547
0.7956695
0.9969325
0.99909604
0.98884004
0.9985216
0.99591714
0.9838743
0.75727785
0.6987891
0.99515474
0.99641514
0.993174
0.92529255
0.9996817
0.99777406
0.99733114
0.23473655
0.99123365
0.9422909
0.99314356
0.02840523
0.99888843
0.9680891
0.90965843
0.9969351
0.99823904
0.99869674
0.8756639
0.96923
0.9943533
0.99895096
0.964647
0.7012627
0.9987282
0.9929329
0.99642414
0.07255834
0.9998939
0.8755523
0.7578992
0.86077005
0.98272896
0.9974854
0.9971373
0.99839896
0.026331883
0.9071369
0.9974872
0.9988545
0.98215955
0.9933668
0.66547006
0.9981634
0.056311693
0.99260193
0.01018699
0.9567711
0.082255706
0.9761174
0.99851257
0.99874026
0.026028192
0.99817944
0.98179966
0.9970368
0.95248806
0.012276831
0.99251384
0.9928844
0.52843696
0.95857275
0.93501
0.06271109
0.02122638
0.990167
0.99482167
0.033576954
0.9965664
0.9930148
0.5607413
0.006747683
0.9999126
0.995839
0.7887207
0.9995432
0.9019971
0.9695015
0.9476998
0.99737084
0.12873942
0.97706383
0.96961176
0.8007699
0.9922376
0.99305314
0.07827957
0.71687436
0.99052
0.9948494
0.039506126
0.39890876
0.9005088
0.99830866
0.9994795
0.9943211
0.12892428
0.9963877
0.9934861
0.98214805
0.99990726
0.8236508
0.9887687
0.9948255
0.6867927
0.9977227
0.9828541
0.02138923
0.9968054
0.73034686
0.93216366
0.99288577
0.9927906
0.9915941
0.05478297
0.7878328
0.92207414
0.9888256
0.9740252
0.99799275
0.99734277
0.9968997
0.8326644
0.72515166
0.9865465
0.95802647
0.99863005
0.991063
0.99710506
0.9716249
0.93666536
0.918668
0.99645835
0.99864775
0.9921617
0.9980603
0.9965821
0.9994116
0.9982058
0.0959658
0.98862725
0.98585606
0.99715996
0.011829836
0.99539727
0.9992398
0.87105393
0.9980884
0.87737906
0.06307909
0.98348546
0.9994012
0.99797946
0.9842681
0.7314883
0.98213184
0.99862885
0.9803035
0.99550605
0.99615854
0.99245787
0.990833
0.99987257
0.9590204
0.9964425
0.9967325
0.104130335
0.9407417
0.9268616
0.9917591
0.9694988
0.8637685
0.99874276
0.9910597
0.9971161
0.24763313
0.99973994
0.9966865
0.05425927
0.8613163
0.9940521
0.075239465
0.1774787
0.9961151
0.7511031
0.12544982
0.006600825
0.9977501
0.9911843
0.03917665
0.7468166
0.037004128
0.98665446
0.7627869
0.98500186
0.019798711
0.073560625
0.99600095
0.6864516
0.9784209
0.9057953
0.9948213
0.9174142
0.7584949
0.9969997
0.989592
0.9966016
0.9923569
0.9999372
0.062461175
0.9975407
0.079743475
0.9975051
0.99213094
0.99725527
0.99055535
0.9940593
0.99632555
0.99563944
0.9945103
0.9750004
0.7347179
0.94735587
0.6203843
0.8040459
0.9980756
0.9751394
0.98168015
0.9967444
0.97148854
0.99940515
0.7365884
0.9933751
0.9970451
0.99846977
0.99485874
0.98759544
0.9761114
0.9908214
0.052049775
0.97971696
0.99644864
0.95949876
0.029402228
0.11760808
0.98513967
0.9939898
0.9327103
0.9721103
0.9988152
0.21171018
0.9841839
0.9918206
0.07199843
0.9977133
0.9968087
0.9961105
0.053029202
0.99752504
0.9967835
0.999191
0.98416036
0.9838067
0.99600524
0.9909888
0.010114286
0.9956735
0.031886052
0.01083226
0.6634652
0.99768853
0.99456906
0.98496073
0.9848135
0.9943295
0.034435216
0.9970789
0.95698774
0.9966844
0.9920129
0.99994147
0.98269373
0.9978574
0.9998666
0.45543286
0.14522853
0.44311535
0.99197596
0.985182
0.99597245
0.9913585
0.99815375
0.9985661
0.98706657
0.98630905
0.0062090727
0.9984969
0.95203304
0.06206439
0.0075964243
0.94087446
0.029301621
0.99416524
0.99399674
0.012467988
0.99225533
0.701428
0.9974433
0.9996736
0.8151474
0.973834
0.99968684
0.986492
0.99525416
0.99700326
0.9939306
0.63415104
0.99969864
0.99859375
0.8628959
0.7326375
0.9386814
0.9997745
0.95989746
0.9954531
0.98582596
0.7730329
0.97273546
0.9968124
0.036580835
0.9950991
0.997378
0.10846367
0.97764575
0.8955671
0.7490152
0.27939686
0.48337302
0.9860693
0.29741237
0.9965771
0.03148493
0.999102
0.999435
0.0039858953
0.6987684
0.9957799
0.9987424
0.5146318
0.9889684
0.9955734
0.99428284
0.013936268
0.8004256
0.99410784
0.98999643
0.9970607
0.99812716
0.031910423
0.9988741
0.99934417
0.02085442
0.9854193
0.99988997
0.98911613
0.5363832
0.99867344
0.9952507
0.24619916
0.11519917
0.9427241
0.9987425
0.9797
0.9968117
0.9858386
0.9999263
0.9976908
0.9182811
0.9899284
0.8820259
0.99604577
0.9975376
0.99573946
0.99815303
0.07097001
0.91083753
0.9973537
0.97835594
0.99852484
0.93050474
0.9920912
0.99822694
0.5886913
0.9941081
0.98651135
0.90867156
0.42381725
0.99587566
0.980792
0.9957073
0.99355257
0.9964218
0.15499167
0.03612324
0.015449961
0.86671984
0.08046363
0.99247015
0.9958391
0.025156602
0.91861564
0.9947937
0.99742645
0.99988735
0.9940598
0.98498386
0.9968477
0.9953644
0.032429367
0.99493355
0.99514425
0.9687886
0.9962535
0.99691147
0.934783
0.007568483
0.99459064
0.99479645
0.99309945
0.9989513
0.99863166
0.7916116
0.9801853
0.37920982
0.99787974
0.9810503
0.99656314
0.99758244
0.98098
0.9774215
0.99638236
0.9943041
0.31908354
0.1249395
0.012801934
0.99322927
0.9933589
0.9961719
0.99622923
0.9974469
0.9920225
0.9832772
0.99788564
0.99570036
0.99440646
0.99222213
0.90959424
0.99581677
0.99263483
0.9951042
0.9557135
0.99118584
0.48998615
0.9961123
0.9975115
0.9063039
0.9980039
0.82261723
0.9340221
0.9895914
0.061932474
0.99910766
0.99818486
0.99462825
0.009170662
0.009679098
0.99800986
0.9983192
0.7149215
0.9990571
0.99988484
0.9961087
0.98899543
0.006859849
0.9805265
0.9998896
0.9932198
0.0745668
0.14312454
0.032665033
0.99917775
0.8948803
0.9992773
0.99600047
0.99900657
0.9998847
0.9970252
0.9946095
0.018824197
0.98829764
0.9268094
0.009004343
0.999897
0.9837135
0.96751875
0.9773917
0.999879
0.17598434
0.99829465
0.99737906
0.9952922
0.9990802
0.0028837754
0.99553925
0.9966331
0.9998797
0.9807509
0.99911577
0.010162628
0.93344146
0.9978732
0.94028914
0.99703217
0.8782601
0.997531
0.0033178062
0.99252534
0.99561924
0.99701166
0.9981997
0.8425477
0.96172535
0.99930966
0.7491831
0.9925736
0.9221252
0.98951626
0.9946543
0.9968125
0.914556
0.025702499
0.028870532
0.9976077
0.96448386
0.3171322
0.6254253
0.8780178
0.9733934
0.49215174
0.9976555
0.06986907
0.98401296
0.9603672
0.32489622
0.99672544
0.9350999
0.74696034
0.010907394
0.51116115
0.9985777
0.99488896
0.011911357
0.017401729
0.96956146
0.0382415
0.08672421
0.98754686
0.9757868
0.53993064
0.9079325
0.9997135
0.87876534
0.038493007
0.009833338
0.103163645
0.9905785
0.9991819
0.9948921
0.3544658
0.98467124
0.94487685
0.98866874
0.004901513
0.009036807
0.9903736
0.98416615
0.92320347
0.75555557
0.4861553
0.98047733
0.98738086
0.9983217
0.56851006
0.61497843
0.9970595
0.9825196
0.98806715
0.996317
0.9964102
0.99736977
0.04752286
0.11693144
0.9922307
0.998993
0.023092313
0.9978846
0.9985683
0.9966505
0.9989183
0.97268236
0.9962441
0.998033
0.9986695
0.14331819
0.04723232
0.9960377
0.99338114
0.967362
0.40417066
0.9877642
0.99722457
0.017698955
0.9930473
0.8678964
0.99729115
0.9945123
0.16224247
0.99182445
0.017199062
0.99033654
0.99364305
0.992812
0.76594347
0.99931777
0.9971614
0.33531073
0.81346285
0.44799572
0.99500567
0.9987489
0.9989372
0.9995695
0.9900609
0.9918105
0.41710272
0.07019439
0.99632746
0.9843605
0.993555
0.4571419
0.99610656
0.8406497
0.9980725
0.9992483
0.9914807
0.0076877093
0.9969537
0.96399796
0.99737036
0.9967721
0.9920982
0.45414555
0.04346119
0.98964393
0.009603482
0.9960466
0.99627763
0.98587394
0.99715316
0.98163915
0.98837507
0.032270227
0.9983082
0.9975439
0.99498785
0.12531029
0.9994336
0.9912515
0.35886785
0.062036403
0.97751755
0.99173224
0.99918765
0.9396552
0.9988445
0.9984328
0.99587643
0.0063459687
0.99859494
0.98436105
0.057152387
0.9932287
0.9483667
0.80242676
0.9682496
0.99888974
0.9949945
0.99794096
0.97707796
0.9949857
0.9821732
0.04852348
0.9918761
0.99799025
0.9923854
0.07430984
0.99884474
0.9972156
0.98891455
0.9878135
0.9942677
0.9589165
0.9887705
0.9927764
0.9956318
0.9975879
0.96147746
0.017402422
0.9913809
0.98915124
0.9992924
0.99511576
0.99214137
0.99688333
0.99917334
0.999318
0.009926516
0.9980679
0.99772984
0.9926041
0.99847084
0.92614853
0.9964575
0.0058501572
0.99995303
0.9944701
0.45080343
0.9968721
0.9214225
0.017056514
0.99705803
0.998459
0.99285567
0.96366805
0.9858683
0.81741095
0.99574214
0.99812776
0.9916421
0.03101862
0.012105539
0.9994192
0.99948597
0.9977343
0.9983633
0.9956482
0.99142104
0.99571335
0.15769486
0.9957902
0.108495004
0.9992687
0.9913967
0.04649629
0.9952178
0.015215255
0.81457466
0.99700874
0.98737514
0.8805633
0.8038545
0.946249
0.30321547
0.9999275
0.9629717
0.9946773
0.9168572
0.8226871
0.99197805
0.9963821
0.99454135
0.99277544
0.9880163
0.9902075
0.9691637
0.99261934
0.99856865
0.9833671
0.992481
0.97477627
0.42247057
0.99767154
0.029521368
0.9963761
0.96906024
0.80575156
0.99293584
0.048496343
0.9733474
0.9998958
0.7939442
0.9940936
0.99467623
0.9710678
0.9975218
0.98924327
0.97162503
0.4330274
0.48392582
0.10345266
0.80391693
0.3719489
0.99510986
0.9957273
0.58984107
0.06169924
0.9810951
0.0830033
0.7586922
0.79549646
0.060592264
0.98911697
0.98058975
0.9982102
0.013388924
0.99727625
0.998934
0.9993205
0.9986305
0.9969531
0.9970884
0.997996
0.9677512
0.9984219
0.9996325
0.9982116
0.9674357
0.99504316
0.9909051
0.1442006
0.9970186
0.9984119
0.9935802
0.49517375
0.9914534
0.99850357
0.9911624
0.97332597
0.99717593
0.99882287
0.9786603
0.9995933
0.9978764
0.9924004
0.9959715
0.9904365
0.9914552
0.9647526
0.998018
0.8950026
0.79541117
0.9989052
0.9951906
0.56116134
0.28985584
0.8718042
0.9246975
0.27663252
0.99686337
0.0059535657
0.9988882
0.5342986
0.9998492
0.19899994
0.9907164
0.9961837
0.998694
0.9996369
0.017307319
0.028294416
0.99831295
0.9958819
0.9975969
0.9656344
0.8503329
0.9980342
0.99508023
0.91501606
0.035264704
0.99735236
0.9981584
0.9882339
0.06876965
0.9379701
0.99673307
0.9909009
0.99455404
0.024292078
0.9998504
0.99891114
0.007393612
0.9979215
0.99988604
0.060591336
0.9564283
0.013512144
0.004642721
0.99889
0.88713396
0.99903595
0.98876536
0.9982742
0.83447707
0.9937488
0.9970804
0.99742943
0.99859375
0.997479
0.94542813
0.8016318
0.032079678
0.91340774
0.99743134
0.9910849
0.99036086
0.99968886
0.03941155
0.9936528
0.98901576
0.99740356
0.99758327
0.9923632
0.97030735
0.09214228
0.9929054
0.9949315
0.9993268
0.9971853
0.9959417
0.047168735
0.0064883623
0.9875404
0.06769803
0.99654585
0.99608517
0.9800332
0.9439345
0.9995122
0.9763556
0.3012346
0.9990695
0.62174624
0.99579585
0.9826063
0.99051136
0.99806744
0.9725577
0.4861144
0.99806315
0.97498554
0.55781627
0.9895946
0.87856185
0.77080625
0.96259266
0.99764436
0.98839885
0.9934476
0.90885717
0.99720687
0.997232
0.94701374
0.9863675
0.9942638
0.9996246
0.9944659
0.37335488
0.7593235
0.99908805
0.9971462
0.8117886
0.9968977
0.99664164
0.98998404
0.20837165
0.9980007
0.031872116
0.9976388
0.9976261
0.17894123
0.9997985
0.85210896
0.99816954
0.9924771
0.99907875
0.9945168
0.9972784
0.8829513
0.049275633
0.99216616
0.8895856
0.05899134
0.92317706
0.11914188
0.9906357
0.99760395
0.9979931
0.9642366
0.9944945
0.7674655
0.99417794
0.9798456
0.99616724
0.98362863
0.9943739
0.9527849
0.99701464
0.84930015
0.9991592
0.9919641
0.99661165
0.08105031
0.99359506
0.9979679
0.9804844
0.010240479
0.99899656
0.19810346
0.94216865
0.17291221
0.98656124
0.9848291
0.095234476
0.99954104
0.9978951
0.9978047
0.9985073
0.9224198
0.9321874
0.99992573
0.9996761
0.9980927
0.997454
0.98445475
0.998019
0.033367
0.9763722
0.036122423
0.9968125
0.013288791
0.711326
0.98621017
0.9932347
0.9988747
0.9913839
0.9861355
0.9977932
0.99267066
0.9977362
0.9589251
0.59694546
0.9649756
0.9109107
0.9785678
0.9832287
0.9981006
0.9978377
0.43623832
0.92848414
0.9999037
0.9977502
0.9545164
0.9933768
0.99322057
0.99189633
0.6216271
0.054136727
0.9981754
0.9823391
0.99544144
0.81002706
0.9440586
0.9950848
0.98947376
0.827831
0.99972636
0.9983334
0.99940085
0.986987
0.13818817
0.9910733
0.019095443
0.99446726
0.9974899
0.99600714
0.016427793
0.9761076
0.9699756
0.9952186
0.065295935
0.99423236
0.05848537
0.9984554
0.9742724
0.99971086
0.9926093
0.013813574
0.9953258
0.9963463
0.9964994
0.9993024
0.9845547
0.9974202
0.9949234
0.9963242
0.9998443
0.9964394
0.0786552
0.2739946
0.9987503
0.42279956
0.9639669
0.9982778
0.9999273
0.997677
0.98061186
0.9986298
0.9990212
0.9963477
0.9559627
0.9980731
0.99977845
0.9992219
0.004144169
0.9934829
0.020471264
0.9958859
0.035777915
0.9852116
0.92330176
0.9963953
0.9947015
0.9863973
0.99664694
0.99285126
0.01439854
0.99541533
0.9866468
0.8544043
0.96402067
0.99467826
0.988274
0.69852126
0.019006567
0.99471974
0.99707067
0.9985001
0.99236006
0.9946425
0.8948381
0.9869849
0.99228257
0.996203
0.010870544
0.4421875
0.9962345
0.9989794
0.99633163
0.9976412
0.963959
0.8072567
0.98419833
0.9986833
0.9808131
0.9931652
0.05238914
0.99500835
0.99257493
0.99306536
0.9933462
0.3027912
0.9998472
0.029397173
0.9965172
0.99576074
0.9985102
0.9966646
0.999231
0.9975299
0.9803152
0.9981493
0.060649745
0.90753824
0.99192667
0.015922455
0.36224213
0.99620664
0.9946214
0.08390127
0.9183828
0.98821473
0.03285289
0.9535452
0.9561237
0.9368689
0.99347633
0.99561644
0.99725
0.98580694
0.9976611
0.9972905
0.9966813
0.99926716
0.9751696
0.78302383
0.62767726
0.99319094
0.8634928
0.9967853
0.9770758
0.08561316
0.98761
0.1233183
0.9984108
0.998212
0.9906149
0.9941566
0.1079488
0.9180745
0.9888875
0.9883819
0.9988142
0.99666435
0.9803022
0.99888796
0.70930606
0.9963387
0.98902166
0.12440071
0.983287
0.4683755
0.9772512
0.3899921
0.28964677
0.5945017
0.96558374
0.015605894
0.9942263
0.9962993
0.07372785
0.8666492
0.99865425
0.895519
0.9987153
0.0072316034
0.19510527
0.41570064
0.021883655
0.99014217
0.99986076
0.9916786
0.6299939
0.99887747
0.675189
0.99831045
0.98184603
0.9906775
0.98814154
0.9988624
0.9909422
0.99215466
0.78862923
0.9974692
0.98854625
0.97890717
0.99699533
0.99692947
0.36791044
0.8594571
0.99341595
0.12320186
0.90618384
0.9956391
0.90208197
0.83962333
0.991932
0.99790347
0.04065592
0.015733514
0.98858553
0.9974503
0.9904266
0.8819242
0.44727963
0.99700975
0.9956196
0.9978321
0.9998903
0.63385034
0.09469834
0.99973744
0.9990049
0.98368025
0.9974131
0.9993292
0.99168915
0.036565915
0.9980385
0.9893637
0.2833777
0.9897668
0.99595344
0.9952793
0.99728274
0.41262275
0.9999305
0.1543067
0.9993901
0.99580127
0.9867732
0.31201127
0.9776883
0.022601059
0.25240967
0.9926657
0.99848974
0.99606615
0.3058509
0.99844825
0.26605526
0.9928219
0.99879575
0.9975267
0.99621826
0.8170791
0.48518366
0.99797636
0.99777526
0.9988367
0.9929133
0.86945665
0.110290304
0.9976987
0.95883656
0.91880894
0.9046678
0.9813364
0.8663884
0.9945956
0.9999149
0.9968431
0.9775839
0.075896546
0.9967713
0.86296195
0.01566198
0.9948207
0.99548894
0.99025506
0.99407506
0.9840555
0.99081343
0.9993449
0.5430821
0.03250767
0.9936971
0.47434783
0.99801046
0.99987316
0.9999391
0.9387381
0.99854445
0.8801002
0.75631726
0.9994892
0.99660194
0.43773508
0.53677905
0.955503
0.99316543
0.9864417
0.99837095
0.99778384
0.030889839
0.9971782
0.99824584
0.99476385
0.9979698
0.9955291
0.998555
0.9475912
0.99673635
0.97296774
0.99680614
0.9961326
0.08744041
0.9983417
0.9998913
0.99462295
0.9932441
0.99311286
0.99975425
0.99261624
0.98440844
0.9949976
0.9273617
0.9787456
0.99875426
0.9928518
0.8933869
0.99879694
0.99471694
0.9909424
0.9998542
0.99906915
0.9877971
0.9662547
0.042629704
0.98411536
0.8157034
0.8440012
0.99976414
0.99064976
0.996062
0.9992706
0.9236315
0.4003534
0.15845177
0.9981193
0.9982414
0.9950088
0.9967998
0.99378335
0.05758114
0.9982153
0.9930019
0.9880531
0.9871661
0.9974744
0.1143671
0.9993024
0.99876046
0.99050057
0.9995902
0.027859613
0.9988637
0.99119776
0.07658437
0.9997861
0.9991567
0.99311185
0.9932394
0.99756265
0.992423
0.37823877
0.99257576
0.9983223
0.99861765
0.96657133
0.9977043
0.96906126
0.99856925
0.8810321
0.99251306
0.7136926
0.15121798
0.94891095
0.9980129
0.99837697
0.9886801
0.9878406
0.9979887
0.9973902
0.052221887
0.52559155
0.98866105
0.9021967
0.98817086
0.30307233
0.9654929
0.9991844
0.79836625
0.8377753
0.9881445
0.9981305
0.9955448
0.2399762
0.49720076
0.9935402
0.9990386
0.9878057
0.9895477
0.99249846
0.1394995
0.075413816
0.92766434
0.9919442
0.9964653
0.99710613
0.9956202
0.8164835
0.294351
0.99788874
0.14436848
0.9977004
0.9865667
0.41809613
0.9778006
0.9950536
0.9573925
0.9086088
0.9858888
0.9990651
0.015962027
0.9987263
0.993343
0.995618
0.9957699
0.99931014
0.04543002
0.99982905
0.78934914
0.28638992
0.99987423
0.99753606
0.98707587
0.64757264
0.99782676
0.99955994
0.99663675
0.9964497
0.96098125
0.97832644
0.92203623
0.9998084
0.99299264
0.98608994
0.9998665
0.9890381
0.9987897
0.98571384
0.99260545
0.98831034
0.99859947
0.30979002
0.82114196
0.98836666
0.9939639
0.9877564
0.9993049
0.41123882
0.99406356
0.027039219
0.010932893
0.97966397
0.99741083
0.96977407
0.13953201
0.9982691
0.9974299
0.16553593
0.014570634
0.9958495
0.9947792
0.01071759
0.037993427
0.95783776
0.8924451
0.99951255
0.9972065
0.93312466
0.9956957
0.9995567
0.9995004
0.99814034
0.046622373
0.99349797
0.9988256
0.99962974
0.115584
0.9916807
0.86482394
0.9601075
0.035732023
0.999226
0.9851559
0.9823152
0.99447566
0.61757565
0.35868275
0.05346536
0.21116978
0.9936566
0.99904615
0.9976858
0.9913157
0.14299901
0.9960582
0.78653955
0.99576974
0.99416107
0.99217564
0.96035844
0.9276555
0.85391796
0.99388367
0.994306
0.99338126
0.9996871
0.99687386
0.9970463
0.9870977
0.92616314
0.99258876
0.9416611
0.9991887
0.030634856
0.963839
0.998833
0.0140824765
0.99966466
0.9973859
0.99601305
0.9968786
0.71003044
0.99768496
0.9945615
0.044613153
0.9907635
0.98040074
0.028899524
0.21864332
0.5141977
0.3482229
0.99992836
0.026866172
0.99821115
0.99795294
0.99375445
0.9972253
0.9958599
0.9559783
0.5564408
0.9978877
0.99701333
0.993582
0.98431534
0.9946794
0.99512297
0.34807572
0.018388577
0.9986957
0.9966912
0.36403796
0.99835473
0.53098786
0.98986405
0.9913898
0.74424523
0.99042845
0.98208183
0.99254626
0.9467989
0.992964
0.5152887
0.9980831
0.9895864
0.99638915
0.99933165
0.37778622
0.9974947
0.7030492
0.99979776
0.97214174
0.9985104
0.0044301967
0.9963276
0.9949876
0.99508226
0.99544334
0.9975732
0.99399877
0.99964166
0.2145593
0.95762736
0.97334915
0.09290141
0.9948488
0.9946403
0.99921656
0.99559265
0.96696687
0.986331
0.048559193
0.26388365
0.99203026
0.1669507
0.9769214
0.9989704
0.7080457
0.99751496
0.9940088
0.9984915
0.9965779
0.9952264
0.49040598
0.9916733
0.9991072
0.16591783
0.038979948
0.9977864
0.97789544
0.999907
0.9978557
0.8616964
0.9935616
0.99821955
0.17676362
0.9980844
0.98240215
0.99063945
0.91348475
0.9976042
0.99766964
0.966656
0.99944764
0.98703325
0.9974879
0.98292035
0.6933724
0.99750704
0.99582124
0.99339455
0.9782139
0.9956528
0.82272816
0.8246897
0.03188166
0.045454644
0.8951797
0.97853583
0.9997814
0.028283227
0.99484694
0.9969602
0.99549603
0.9949425
0.9970156
0.038672574
0.9234528
0.08199066
0.99880505
0.06621789
0.9933722
0.9949522
0.025431195
0.99511683
0.99987936
0.99331623
0.9959098
0.9918
0.9166582
0.033831876
0.87293065
0.99231684
0.9556006
0.9943328
0.9205723
0.20956768
0.94996005
0.0056463107
0.9862896
0.9859553
0.39771187
0.995691
0.9333399
0.6063179
0.5975596
0.9962197
0.9752457
0.98869854
0.9716869
0.985507
0.9962993
0.99909365
0.33862412
0.9570729
0.73007447
0.9835473
0.7313049
0.9962846
0.9935494
0.99673116
0.9739401
0.9984092
0.99648213
0.7701591
0.99968886
0.9942048
0.3246147
0.024292044
0.41207755
0.98524284
0.93218064
0.99735093
0.98532015
0.99691135
0.9956273
0.9946116
0.7791719
0.9946759
0.99273115
0.97988975
0.99873465
0.99544626
0.9932823
0.95981824
0.9939032
0.8964025
0.9819765
0.013215856
0.10186337
0.9986076
0.975348
0.99653995
0.99988365
0.86059797
0.9953798
0.8689348
0.99291044
0.91113544
0.9947429
0.9974579
0.42574042
0.9956939
0.99676895
0.7342996
0.7520406
0.9985928
0.9555063
0.962444
0.11471027
0.057531945
0.9980262
0.9910862
0.9520079
0.99795073
0.0051642535
0.9947029
0.99975926
0.9970759
0.9969266
0.9971228
0.9723833
0.9928134
0.998711
0.9884143
0.9989141
0.9969694
0.99202514
0.4419214
0.5568687
0.94182605
0.999908
0.9978123
0.5768892
0.99834836
0.9929992
0.99044013
0.9988506
0.053744994
0.9964804
0.8526581
0.037731208
0.9924971
0.022322003
0.019792946
0.9998838
0.99402785
0.93099403
0.99635905
0.99680185
0.4283297
0.9989704
0.99784386
0.6076978
0.99753594
0.014507962
0.99677163
0.99773276
0.9980489
0.9599438
0.7525654
0.120791845
0.99610496
0.9310931
0.99379903
0.99805117
0.94218737
0.010987891
0.9984242
0.9732848
0.9920145
0.99167764
0.9389535
0.99992716
0.9823313
0.20694673
0.039258868
0.8160801
0.012081226
0.99680066
0.99226236
0.950458
0.997036
0.99941254
0.9604917
0.9697077
0.35170427
0.8338377
0.9846578
0.99488235
0.072696805
0.9919117
0.9865556
0.9962864
0.9997011
0.683481
0.99522483
0.017939031
0.99587363
0.9865009
0.9982323
0.999666
0.9938007
0.9797503
0.997505
0.9941597
0.99936265
0.9959019
0.83059996
0.11472417
0.99698037
0.9998666
0.031426337
0.25813237
0.99865437
0.9136116
0.9882252
0.9969175
0.9981877
0.9530597
0.99725455
0.02588061
0.6255762
0.3138022
0.99258304
0.80992126
0.63016826
0.9980716
0.9769027
0.9905928
0.8913088
0.9947914
0.9955841
0.9998703
0.99449956
0.9939121
0.99545056
0.9891999
0.8417772
0.016528906
0.9191555
0.96761435
0.227174
0.8740777
0.9578865
0.994601
0.9965836
0.99947196
0.015797233
0.9983022
0.7257706
0.3469296
0.99729985
0.40606666
0.9959876
0.9941906
0.9974744
0.9839144
0.9966168
0.9998567
0.99154997
0.05253221
0.022864195
0.99784195
0.9931558
0.99423176
0.0916659
0.9922287
0.07675711
0.9999473
0.9977627
0.9962877
0.9980008
0.009863449
0.9954984
0.98922485
0.99839526
0.031374414
0.021559553
0.99840987
0.9974069
0.65489674
0.1458961
0.9963019
0.9997404
0.99604225
0.9999331
0.0811007
0.20582898
0.99746466
0.9977549
0.99687827
0.88948023
0.6195809
0.9978808
0.040317837
0.99830544
0.08332054
0.99359375
0.9948435
0.111565046
0.99705696
0.989199
0.04423224
0.048314765
0.025052411
0.99561113
0.021140406
0.98847735
0.99906737
0.03591702
0.9978807
0.99873704
0.93257165
0.99868196
0.2920129
0.64143836
0.99439764
0.98387307
0.99797815
0.9915251
0.997398
0.9991542
0.021309538
0.9621071
0.7992054
0.9940301
0.15605132
0.06415936
0.9934511
0.9970094
0.99506384
0.063822374
0.9964419
0.9942106
0.9975407
0.083921924
0.98504734
0.99109125
0.9810214
0.99352694
0.011693594
0.1823901
0.99778926
0.98409224
0.99915147
0.96842456
0.7377973
0.9962197
0.8911716
0.98217505
0.9702618
0.9965829
0.9953766
0.9770783
0.9954732
0.9935324
0.9939611
0.05244015
0.9245263
0.35930187
0.9870406
0.008917947
0.9956638
0.9997255
0.031481013
0.9995691
0.99663097
0.96226346
0.9987601
0.7246675
0.023071421
0.9945311
0.037266698
0.9934924
0.9860875
0.9881103
0.9923382
0.9947501
0.9929941
0.9999572
0.9865486
0.9877951
0.9991197
0.9919503
0.99832493
0.2637422
0.032707438
0.99762625
0.01037682
0.5757854
0.9976005
0.9974602
0.82255965
0.9986077
0.9877073
0.33426186
0.9906247
0.9980003
0.9897069
0.9956844
0.9769931
0.9631291
0.97856474
0.9966889
0.9916238
0.95764333
0.014614048
0.9989133
0.9893791
0.8859532
0.99721825
0.9999211
0.0631827
0.9964735
0.99248815
0.9437135
0.18066631
0.9983827
0.07146698
0.21409802
0.9545871
0.9950045
0.99509865
0.9974853
0.99782974
0.9996012
0.9965659
0.58155674
0.9993228
0.9901972
0.9998952
0.8629891
0.30638722
0.95517343
0.995795
0.99661237
0.9996618
0.99978024
0.032813303
0.9907746
0.9965767
0.9811029
0.96638775
0.74806553
0.9984717
0.99360657
0.99740976
0.99583274
0.99884063
0.15651369
0.039708637
0.106108375
0.99718213
0.99505
0.98924714
0.26060626
0.9987739
0.9456118
0.43725273
0.99238855
0.96159536
0.41069493
0.50136614
0.99404573
0.970006
0.9300444
0.9982907
0.99025154
0.12844957
0.9952219
0.99759394
0.3422913
0.7018925
0.041037556
0.99704677
0.92144006
0.9958104
0.9964078
0.9975483
0.9938327
0.97485274
0.96075714
0.9832665
0.027111562
0.9960907
0.9949044
0.9952182
0.9921335
0.72114587
0.30171266
0.99628615
0.99583817
0.8237969
0.9989942
0.9906979
0.9905647
0.9577631
0.9965822
0.99214
0.9954863
0.99627054
0.9997918
0.93379384
0.9863322
0.43377733
0.99693465
0.75324726
0.9924385
0.9963568
0.016061805
0.6657579
0.90852123
0.9972843
0.36227748
0.9552749
0.9988386
0.98116606
0.99219394
0.039033767
0.99459165
0.99604213
0.98104995
0.9976083
0.034219623
0.010301405
0.98971796
0.9950093
0.9988494
0.99898535
0.99982786
0.22369185
0.008889637
0.9967841
0.9934556
0.84270793
0.9946997
0.085594855
0.990182
0.99357224
0.9972053
0.9966967
0.042547964
0.9995864
0.99750096
0.9828332
0.9967169
0.018561222
0.931634
0.99661654
0.77274203
0.98550767
0.8144941
0.9973943
0.9306221
0.9923713
0.032148078
0.99768054
0.9998733
0.99888235
0.99357855
0.9963219
0.95671356
0.9868196
0.022074979
0.99529946
0.89055926
0.9660375
0.98827946
0.3700445
0.9924091
0.79201037
0.035827503
0.07319722
0.9982481
0.9958248
0.9981353
0.9881621
0.9957338
0.08283282
0.44587603
0.08918569
0.9976611
0.99150544
0.9952792
0.732497
0.062393684
0.9861281
0.9945861
0.68787307
0.99792284
0.4702466
0.99777204
0.99749607
0.98814476
0.66709334
0.24625003
0.9946515
0.79393053
0.03909048
0.92178714
0.9976884
0.9978453
0.98601335
0.9428812
0.021757664
0.3562614
0.8502413
0.99545825
0.952465
0.99156404
0.8873021
0.9972658
0.99732107
0.99833006
0.97075427
0.7740079
0.90876126
0.02421673
0.9956577
0.9946972
0.021801049
0.99839383
0.99807227
0.77820385
0.97901684
0.20278132
0.99799013
0.9997913
0.9976532
0.99956447
0.89366347
0.7400763
0.9989225
0.05117512
0.21080092
0.96641415
0.0682239
0.029586738
0.092526115
0.9909753
0.99337715
0.99534696
0.99604946
0.013940881
0.020375123
0.99701405
0.26337206
0.97675735
0.9987544
0.99628276
0.98457205
0.9962739
0.9882719
0.9993761
0.044904813
0.9932319
0.9974049
0.99628407
0.9799724
0.99740183
0.16455407
0.99676704
0.9986745
0.9386422
0.9959489
0.95040995
0.99668044
0.9937756
0.98145723
0.898224
0.9130985
0.99562716
0.9605809
0.7237749
0.97395873
0.9983164
0.9890751
0.06165263
0.9984487
0.9935666
0.9916459
0.9996537
0.012069326
0.99811006
0.9950014
0.99456894
0.99750644
0.7020322
0.9956371
0.99615186
0.9988701
0.8572515
0.7701469
0.15125608
0.018652942
0.9969824
0.9991216
0.1305701
0.99440295
0.9998412
0.86242545
0.0026450483
0.99372286
0.93423164
0.043246318
0.99827397
0.9988004
0.9949273
0.9959777
0.99389607
0.1619205
0.99953353
0.99214524
0.9954991
0.9988182
0.094390236
0.88472795
0.44601092
0.99910945
0.98939663
0.007813541
0.99682826
0.03553902
0.99930394
0.7157925
0.99579585
0.051678672
0.017429437
0.9839262
0.996783
0.99909914
0.99653804
0.9740147
0.99956566
0.99732447
0.99160504
0.9956508
0.9996151
0.99449736
0.7852204
0.9860701
0.995915
0.9977982
0.3596737
0.99781394
0.052737743
0.9982286
0.9961511
0.9982089
0.99942636
0.97188175
0.12015664
0.8265262
0.8989668
0.99133825
0.9846197
0.982678
0.91212565
0.043058358
0.013160061
0.9929564
0.9974407
0.0069129425
0.9911608
0.9112896
0.9923304
0.9935796
0.9866698
0.008420221
0.37302357
0.99425066
0.97268564
0.9820473
0.09436811
0.99686474
0.99714345
0.98914206
0.9998006
0.9988482
0.9910129
0.1825297
0.9807711
0.9937239
0.98619914
0.99842286
0.9830505
0.85695034
0.9233397
0.9970944
0.9933246
0.012449789
0.035457373
0.99808645
0.9992549
0.99949753
0.9966102
0.026490007
0.16824642
0.99858403
0.6602563
0.47010562
0.9868934
0.998765
0.9985166
0.99684525
0.7454467
0.9921929
0.058340248
0.9853629
0.99852365
0.9922976
0.99154246
0.99079883
0.9849712
0.87018996
0.995736
0.98547864
0.99468863
0.99839634
0.99581283
0.8576477
0.9813182
0.9933351
0.9464741
0.9972505
0.08925075
0.9965911
0.99247545
0.39166266
0.9946813
0.9737881
0.93165886
0.014761456
0.99546033
0.9251289
0.012954933
0.9030524
0.9889448
0.9218744
0.993489
0.9946104
0.99827385
0.99292517
0.9611748
0.95878506
0.9958353
0.991286
0.996626
0.07376115
0.032426335
0.14040288
0.026915688
0.1736126
0.99209034
0.99980634
0.5214742
0.5524196
0.9961074
0.097809404
0.999666
0.99647105
0.99714833
0.99542195
0.99744
0.86677074
0.9979526
0.35325357
0.941677
0.94567347
0.9857999
0.98809695
0.22795112
0.99344975
0.012567273
0.8189207
0.9996964
0.999481
0.999561
0.99860305
0.9931183
0.98964894
0.54488707
0.9873848
0.9983693
0.9959765
0.096167184
0.7134006
0.037296005
0.84895164
0.98182064
0.28205055
0.98897374
0.9971222
0.08392471
0.9359597
0.99405044
0.9915417
0.99810517
0.053181905
0.99533796
0.995203
0.0054370803
0.24560398
0.75276566
0.008752907
0.40014273
0.9927007
0.9924716
0.98856914
0.9979538
0.010827306
0.7176348
0.9976579
0.9979849
0.8953087
0.9939494
0.99740523
0.85198355
0.99775946
0.9459436
0.53519547
0.99871445
0.9285492
0.97657347
0.9733951
0.9460776
0.77161247
0.9997148
0.9850712
0.9977163
0.9880519
0.9973248
0.9814711
0.31377548
0.9962858
0.99531233
0.9992569
0.997118
0.9897746
0.9692788
0.009101339
0.97939
0.023816675
0.99035966
0.1826803
0.9995697
0.986912
0.9889932
0.06027263
0.98188907
0.94654506
0.99710065
0.041336592
0.99691284
0.99562943
0.9532526
0.9913741
0.9959467
0.9964393
0.996947
0.6762329
0.9974694
0.98863864
0.9907811
0.9779278
0.9981452
0.9903813
0.9988091
0.99534386
0.998187
0.9935136
0.9931022
0.99765706
0.99499846
0.99659437
0.99716645
0.69669586
0.99275345
0.44713885
0.99986446
0.9849724
0.99212307
0.013493795
0.5191973
0.04749643
0.95422745
0.9860281
0.99582505
0.01225568
0.99897134
0.9981799
0.9967865
0.9993042
0.9980564
0.94122136
0.99753463
0.92164075
0.9776921
0.9999012
0.99927
0.9982324
0.99832064
0.38383162
0.08540544
0.9945909
0.9919844
0.99588215
0.047773253
0.99060327
0.99755657
0.98359966
0.98170334
0.9923282
0.99741423
0.873369
0.9895517
0.007016355
0.7998346
0.9981824
0.073390886
0.07148127
0.7689142
0.99627954
0.9852887
0.9977297
0.0070687737
0.95590615
0.9831783
0.9957942
0.13945611
0.8429555
0.9977787
0.9934198
0.9005043
0.9930647
0.98273337
0.0067803203
0.16073222
0.9740665
0.993131
0.9965347
0.9536878
0.9999107
0.113178186
0.9981249
0.32364893
0.99168664
0.07245563
0.9661877
0.70886093
0.040639173
0.98557067
0.9187494
0.9947483
0.08455486
0.67874914
0.9997447
0.9368448
0.9552804
0.9976815
0.9429863
0.109488025
0.9933739
0.99660826
0.99822396
0.99942267
0.86645263
0.9931559
0.9907612
0.9969875
0.85634977
0.994697
0.99986994
0.9958742
0.0117374845
0.99742645
0.9988844
0.9969637
0.9943739
0.6580285
0.95585984
0.046184823
0.9986687
0.9693738
0.68156475
0.5398555
0.9968022
0.9587895
0.42252395
0.9997154
0.9847127
0.95751
0.011614576
0.88291174
0.6865296
0.9990356
0.997018
0.73670065
0.5526013
0.53431994
0.9948657
0.9974675
0.47672114
0.9958087
0.940071
0.99566734
0.9991248
0.9896287
0.99648786
0.9974636
0.06661099
0.99871314
0.99901533
0.99347466
0.99792576
0.99789304
0.0058666677
0.9687256
0.9983779
0.9967698
0.9991007
0.99657035
0.059295382
0.9509508
0.9915167
0.9044275
0.53455454
0.99439067
0.94774354
0.99993896
0.99656016
0.008463999
0.9972671
0.996709
0.9988464
0.032821447
0.9998074
0.6559207
0.1387155
0.9963148
0.70621234
0.9901619
0.9990433
0.010140066
0.9943973
0.8943639
0.9960898
0.9701588
0.9982761
0.99686676
0.990742
0.07164987
0.99735427
0.99720937
0.024026686
0.95875275
0.96135634
0.99787915
0.973362
0.99721885
0.9964631
0.9982869
0.99876356
0.99910814
0.99206924
0.9723584
0.9927424
0.9910483
0.0034330103
0.9988502
0.9935515
0.9798895
0.9931912
0.99952126
0.9964216
0.11180594
0.991002
0.99870384
0.75086224
0.8385478
0.99603397
0.99901664
0.76904047
0.986067
0.9973724
0.11649168
0.99905854
0.9685457
0.7614252
0.9290233
0.97857535
0.99714774
0.99078524
0.9965012
0.9939062
0.8821719
0.99836785
0.99712116
0.8938816
0.99779886
0.94855815
0.9427563
0.99222904
0.99630654
0.9963381
0.9966203
0.9957283
0.9975141
0.21177201
0.024312748
0.99612683
0.9977591
0.9978655
0.9926785
0.9800756
0.99796754
0.8743356
0.9965636
0.9983758
0.9975369
0.9974089
0.9933595
0.99901366
0.9980823
0.99322563
0.99378633
0.9123555
0.9967603
0.9948513
0.94568264
0.9964992
0.016251788
0.64148027
0.0697244
0.8329674
0.99615955
0.6760649
0.99724895
0.1340818
0.01799195
0.99892753
0.25620535
0.6045084
0.98960334
0.91803014
0.9905228
0.99880326
0.28334573
0.94831127
0.9945582
0.9911834
0.9995615
0.9939017
0.99976
0.9805213
0.99729687
0.99564433
0.99759907
0.99434197
0.9990345
0.074578576
0.9980506
0.7808571
0.9963701
0.99148715
0.031531297
0.9918201
0.09007237
0.9066126
0.9971512
0.038433366
0.42524332
0.10761348
0.99744177
0.07074476
0.08270783
0.9054779
0.99476224
0.99594337
0.9610261
0.03331001
0.03987049
0.9707051
0.9900059
0.99583864
0.9961029
0.9927846
0.9811291
0.9952807
0.010516068
0.99689364
0.8404761
0.5507723
0.98828703
0.89275783
0.9936114
0.8955147
0.97645515
0.17032579
0.7490208
0.9994336
0.9894985
0.9501942
0.95390683
0.2268154
0.97009116
0.9977538
0.99596834
0.9936034
0.9898516
0.008208785
0.9600529
0.96918005
0.66464794
0.9926138
0.94126445
0.9999155
0.72194856
0.9820915
0.99809533
0.99571395
0.014032104
0.98839986
0.9978824
0.023739167
0.9462396
0.982362
0.7835883
0.99128485
0.9566768
0.99801105
0.9986058
0.31887746
0.99652475
0.5154104
0.49401164
0.8594707
0.9929577
0.9880387
0.23328386
0.9791012
0.5094425
0.9705192
0.997431
0.9968264
0.99365133
0.5969177
0.024721349
0.014647108
0.99244624
0.9955325
0.99401796
0.28876913
0.99317896
0.73272455
0.5416287
0.86688554
0.9963081
0.9953751
0.9987338
0.99414486
0.996642
0.9915085
0.9953235
0.99721766
0.99639434
0.88916063
0.998769
0.9394449
0.78247756
0.21035464
0.926945
0.994638
0.992149
0.99796706
0.9968581
0.5125101
0.9934348
0.22899023
0.007414235
0.9981085
0.9960401
0.9960586
0.86419237
0.005349527
0.57154804
0.017567934
0.99709857
0.98893857
0.9973078
0.9832373
0.6573503
0.059984624
0.99986136
0.9864892
0.9985483
0.9992955
0.99954873
0.9978707
0.99534756
0.15158504
0.7544726
0.96332645
0.331107
0.7692318
0.9993599
0.9844127
0.5693284
0.9988342
0.9945768
0.89542586
0.9962573
0.98548776
0.96356213
0.992334
0.9974602
0.99918324
0.8685692
0.9985845
0.97582823
0.571369
0.99797946
0.9933768
0.9844222
0.9933096
0.03585577
0.99673223
0.99886346
0.92316556
0.99205047
0.98011255
0.95890397
0.99796045
0.9830678
0.8913534
0.5958158
0.047545426
0.05284696
0.99329054
0.99108607
0.99814594
0.8857529
0.97714615
0.9998977
0.9956365
0.9962053
0.97464865
0.95926714
0.039537355
0.99916804
0.963515
0.42194644
0.06471403
0.99985754
0.99443156
0.9974675
0.9972045
0.98993343
0.27316946
0.99256456
0.99988604
0.7579395
0.41792387
0.99635446
0.9982439
0.9932018
0.63292116
0.99747723
0.9962788
0.99717355
0.99056035
0.14946271
0.99111474
0.018891262
0.92271906
0.1382805
0.9923481
0.316149
0.9878257
0.633204
0.955312
0.9986117
0.06594091
0.98601055
0.99335253
0.9919446
0.98759335
0.9972614
0.9980574
0.9959274
0.9979553
0.9204254
0.9924246
0.96847266
0.99044436
0.021529345
0.3962106
0.9827435
0.9844258
0.84492403
0.9439394
0.997632
0.9872585
0.98412883
0.99636614
0.99489343
0.98534447
0.018736696
0.99664825
0.9915652
0.067738265
0.78015643
0.9932852
0.996372
0.99293536
0.9947019
0.1362296
0.027516263
0.6517818
0.9892898
0.99617344
0.39569676
0.9792681
0.0096570505
0.9931114
0.99791175
0.7135912
0.99995065
0.9989066
0.6893736
0.033898648
0.9788496
0.99417454
0.06714516
0.99552464
0.9923888
0.989417
0.9906721
0.9980743
0.97674996
0.9551696
0.9881174
0.99553585
0.99451536
0.9831139
0.9983626
0.99474865
0.6607536
0.9974322
0.9338358
0.9959409
0.999033
0.99210656
0.25368577
0.95682925
0.004260789
0.23659855
0.9980369
0.4203411
0.9144029
0.18792823
0.058641188
0.99546945
0.4299745
0.63769245
0.23940058
0.9902006
0.9907995
0.9994023
0.14904596
0.995751
0.9979365
0.6824198
0.999851
0.4957654
0.6481837
0.4500373
0.9964994
0.026477197
0.98816645
0.95595866
0.9945668
0.9981172
0.75852495
0.6999612
0.9979512
0.99048495
0.99504846
0.7874951
0.86591285
0.99197054
0.9966708
0.9988588
0.0306475
0.65333337
0.9969903
0.90588164
0.13883138
0.098895304
0.99126375
0.99921596
0.9961009
0.99792117
0.99965
0.9988955
0.1226073
0.9992362
0.99656016
0.2757899
0.9901636
0.9973279
0.99780554
0.9974656
0.99558395
0.99814904
0.99482614
0.9987826
0.97667193
0.9667615
0.01653876
0.98423344
0.03756223
0.08727794
0.99805117
0.93248636
0.86152864
0.99726665
0.02122569
0.79665667
0.83258593
0.9802556
0.993765
0.9965432
0.95693445
0.9985209
0.9738824
0.99504167
0.9906335
0.9930875
0.7044906
0.9948848
0.17980142
0.9908652
0.038380772
0.018757863
0.999863
0.9999083
0.38597566
0.99649113
0.09370912
0.66935235
0.99898964
0.010496443
0.99350476
0.97417057
0.56455666
0.9980107
0.9051809
0.99162006
0.9634456
0.03226753
0.9987249
0.7651521
0.9997869
0.99817884
0.33874047
0.9886103
0.98845905
0.998248
0.9506695
0.9908742
0.59293836
0.9649194
0.99656385
0.9949334
0.99626535
0.99425876
0.99326766
0.81124073
0.99536586
0.9888114
0.98448724
0.99991155
0.6854215
0.9963019
0.9952069
0.9994286
0.06150413
0.96608734
0.9939466
0.98435324
0.98691976
0.99523133
0.9971361
0.99533135
0.99720395
0.99695086
0.999097
0.9930981
0.99989283
0.0141798025
0.99812406
0.99905235
0.97519207
0.002378556
0.86317825
0.9941286
0.9981583
0.17067397
0.98582536
0.997341
0.99173987
0.98823965
0.01764405
0.9982455
0.9996451
0.997837
0.9982839
0.99615604
0.99587065
0.9978466
0.90544057
0.0015830301
0.9967049
0.98960924
0.687613
0.06508133
0.98469585
0.027066614
0.990893
0.050531473
0.13757691
0.9939714
0.9997136
0.98885006
0.5042064
0.9982414
0.99937844
0.094951
0.99884355
0.99632615
0.99927646
0.987515
0.99875784
0.9987612
0.9944587
0.6374758
0.25479463
0.98422575
0.99861336
0.9984528
0.9967886
0.9926681
0.9985941
0.8922986
0.99787474
0.8625716
0.99405754
0.98631775
0.008609668
0.9970784
0.99589986
0.99087054
0.025583673
0.99483657
0.09262901
0.9941731
0.93468904
0.024853988
0.9801865
0.8905542
0.9995659
0.16650213
0.99000984
0.99985266
0.70994335
0.9998344
0.99414426
0.9933537
0.99657696
0.50827754
0.02007222
0.9979905
0.9778892
0.014392174
0.9025852
0.99458003
0.22976872
0.987817
0.9975988
0.99579513
0.86778694
0.9373171
0.9851483
0.22650678
0.44806975
0.36488327
0.12744063
0.29237056
0.9996846
0.9978739
0.013447485
0.9264828
0.6247541
0.9988959
0.0027428546
0.96789104
0.98984456
0.9960251
0.99509996
0.9992749
0.9895471
0.997242
0.9906785
0.9985732
0.8840745
0.99807173
0.9964484
0.04313176
0.9029239
0.997182
0.80022955
0.9648094
0.034206867
0.9983429
0.9970842
0.9862802
0.900288
0.9993967
0.99685043
0.017864652
0.8329247
0.9867274
0.016070398
0.99809307
0.008516178
0.9610239
0.9969048
0.9916141
0.99733377
0.985252
0.9803191
0.99770135
0.9887178
0.9962998
0.88067526
0.021250378
0.99429905
0.999637
0.006278298
0.99983025
0.041079704
0.9913598
0.84979355
0.08782881
0.9950447
0.109647945
0.0035466938
0.99987364
0.05664212
0.98346233
0.99910057
0.0781289
0.9162069
0.96404856
0.604466
0.5455137
0.997743
0.9947582
0.9811545
0.9881656
0.014103015
0.9969047
0.9959667
0.9853748
0.995419
0.0445448
0.9695379
0.99902
0.035963546
0.9562013
0.99951196
0.9956477
0.9968065
0.98963845
0.9731556
0.9864421
0.9953088
0.9931658
0.99644816
0.9923901
0.011382101
0.9956195
0.9401611
0.99346864
0.7416008
0.01803132
0.96994185
0.9973417
0.9991918
0.9965837
0.97843176
0.9905455
0.7166
0.0049231295
0.9145535
0.053074665
0.0264915
0.030286893
0.9977463
0.021408053
0.012152551
0.9996493
0.9985065
0.74421674
0.8671468
0.018034743
0.9951368
0.99432313
0.9772298
0.9999145
0.96913403
0.9856754
0.98096347
0.9997855
0.99858665
0.99687356
0.9932863
0.030209396
0.95874804
0.9986596
0.9984634
0.9968016
0.032688644
0.9931578
0.91879433
0.9824337
0.98246527
0.9978993
0.8994687
0.9943697
0.9900489
0.9943784
0.9911532
0.88655776
0.9987551
0.90391773
0.85716236
0.97585696
0.996241
0.9985089
0.9917318
0.99733114
0.9955289
0.059756678
0.99730194
0.99574536
0.83060336
0.4080221
0.0054628877
0.990132
0.97953117
0.0045993878
0.9896556
0.8668709
0.04812846
0.998099
0.9172466
0.9980932
0.064121455
0.03996301
0.99696296
0.9436821
0.9969668
0.9795105
0.9968827
0.92814636
0.99454427
0.99794465
0.97505003
0.9981844
0.8585623
0.054727532
0.9964275
0.432057
0.9973902
0.8150774
0.02829561
0.31870016
0.9054602
0.9641173
0.9980823
0.7364613
0.89191777
0.9878784
0.7772382
0.9882683
0.9958644
0.9986879
0.7828378
0.9964294
0.9947129
0.9815528
0.9996081
0.95136744
0.21515359
0.9961571
0.7174299
0.9993369
0.95689744
0.9859701
0.980941
0.9931238
0.94585603
0.98752195
0.010902888
0.9903205
0.9981692
0.28546393
0.95351464
0.9343199
0.16868933
0.9979784
0.98806506
0.9996824
0.7834364
0.9935906
0.02263094
0.5121445
0.024936879
0.064685635
0.9817339
0.9953773
0.9940655
0.997488
0.98097426
0.99740064
0.15818547
0.008123356
0.9889865
0.99843687
0.15314046
0.99789315
0.9943997
0.98431236
0.998475
0.8340481
0.9241447
0.99965847
0.989755
0.17711419
0.98459804
0.98330337
0.9979717
0.99150413
0.8753235
0.33390763
0.0780853
0.9971902
0.9937337
0.99673164
0.9984849
0.9952442
0.99977463
0.092162296
0.123766646
0.99621093
0.9977324
0.8680246
0.9967068
0.98628646
0.9245336
0.9969289
0.044810273
0.9915105
0.9968882
0.96828264
0.99518305
0.98152345
0.99739397
0.06502109
0.9999095
0.9931156
0.017852526
0.9693793
0.9803136
0.99753165
0.9981464
0.9973562
0.99965084
0.9969265
0.8719943
0.9963193
0.9981694
0.8612093
0.9938426
0.98954076
0.9309991
0.98919135
0.99427116
0.9996768
0.141503
0.99199957
0.05336073
0.9933542
0.99705803
0.98481447
0.9973556
0.96778023
0.9754563
0.09478515
0.99516463
0.98407483
0.99580693
0.9744708
0.27130514
0.9994311
0.96613085
0.85441494
0.008706218
0.9963291
0.027488027
0.9937827
0.9937785
0.7266269
0.9978569
0.994921
0.99712485
0.96653396
0.9416113
0.15143986
0.72669667
0.994812
0.6197749
0.999592
0.99732935
0.9987286
0.059759837
0.20157887
0.9963749
0.9966941
0.99987066
0.9975684
0.93616337
0.99421126
0.8395039
0.64020365
0.9952123
0.9943715
0.82744277
0.14589208
0.9969831
0.995628
0.1509162
0.90909916
0.9969969
0.93135744
0.36813167
0.98287463
0.99542
0.9702079
0.9985102
0.9146295
0.993708
0.77850384
0.9948185
0.8225038
0.994079
0.99539244
0.99363035
0.011872791
0.9873986
0.98250777
0.981886
0.9355769
0.9946631
0.9755721
0.9976666
0.019545529
0.99603575
0.998657
0.99782395
0.975752
0.9846884
0.99958414
0.9358396
0.9931376
0.98879963
0.999132
0.9993162
0.98809683
0.97444147
0.9997929
0.91660243
0.99140996
0.1640579
0.043579694
0.016759014
0.5775292
0.99699485
0.5470984
0.99957913
0.21994336
0.06199931
0.030892786
0.99982065
0.9277599
0.9957853
0.53797245
0.9946532
0.9997178
0.03919059
0.98785686
0.92203224
0.9631103
0.99939716
0.95964915
0.81220305
0.9841456
0.92060703
0.998754
0.9937034
0.9989925
0.9978994
0.99865925
0.99676704
0.9645832
0.9973264
0.99785656
0.96438307
0.9906014
0.99088717
0.9941533
0.9981919
0.99366707
0.07398121
0.9977737
0.9965178
0.99747294
0.99643636
0.040637724
0.9906441
0.9923455
0.973666
0.5052273
0.98262113
0.9720357
0.995908
0.98855096
0.9339006
0.9822673
0.9971794
0.9961933
0.99940634
0.9895169
0.6573913
0.9881563
0.6210529
0.99927825
0.17445149
0.9943435
0.06946627
0.99221987
0.9978242
0.99953115
0.9878614
0.97555804
0.661452
0.7411844
0.99837816
0.9951054
0.98626316
0.997251
0.9925524
0.56584406
0.99740976
0.99526656
0.98339486
0.9794806
0.99155223
0.9866614
0.9884454
0.99818075
0.9830687
0.9944832
0.99779934
0.9817669
0.9868464
0.99962914
0.99777526
0.99804294
0.99729246
0.993393
0.9939666
0.9681293
0.99826825
0.007978089
0.98754495
0.99706227
0.042271715
0.99740195
0.9930092
0.99878186
0.24506825
0.9955284
0.037535906
0.9978988
0.99797314
0.22780086
0.9969573
0.9895677
0.99742764
0.9997806
0.9935402
0.96953064
0.99808264
0.99909425
0.9948278
0.9984119
0.06860664
0.9464907
0.013323129
0.9042345
0.25525483
0.039165292
0.9883564
0.99904937
0.99923325
0.99906653
0.99936694
0.9985831
0.9865175
0.8447669
0.08598663
0.9047735
0.97683084
0.98783326
0.9963084
0.3561543
0.016791236
0.9959649
0.997174
0.9845878
0.99524164
0.99862456
0.9821164
0.99853957
0.5154727
0.06592224
0.9813654
0.94374007
0.9988864
0.9861604
0.9839691
0.9679052
0.031895537
0.40079242
0.9956326
0.99090284
0.026016029
0.046636302
0.9932074
0.01091027
0.9971988
0.9949851
0.91403484
0.053973734
0.5848241
0.98898333
0.9932615
0.6278411
0.99487174
0.78405905
0.99732035
0.9959901
0.9923016
0.9956929
0.99108946
0.88267446
0.9983986
0.99132794
0.982666
0.883106
0.99556124
0.9409947
0.9991984
0.99683255
0.9892157
0.020513311
0.39795485
0.9817045
0.0075909942
0.9989779
0.99734914
0.99790525
0.99532133
0.09559806
0.9918612
0.9787321
0.99299353
0.8302539
0.98689485
0.13780022
0.99804497
0.99370354
0.99549246
0.9908358
0.99506843
0.048593715
0.9980673
0.99367225
0.9932122
0.92876816
0.99807703
0.11361881
0.12580217
0.7261555
0.020833828
0.70777446
0.88042235
0.99732935
0.06359498
0.9097483
0.005226238
0.99609333
0.99241114
0.99526936
0.7974569
0.9988218
0.99946445
0.99757713
0.99766326
0.6865956
0.9986914
0.9937382
0.99381626
0.99603325
0.995404
0.9979663
0.99073607
0.31478167
0.9090961
0.015456998
0.9803344
0.9802831
0.986463
0.9975924
0.03468953
0.21219012
0.99500257
0.9997496
0.9971419
0.025520433
0.9861698
0.9923977
0.8849177
0.9983163
0.99735296
0.99499375
0.94394445
0.7356165
0.9909667
0.9904184
0.93921506
0.99688137
0.7477108
0.9965515
0.99773264
0.99666804
0.9973679
0.9975102
0.99854016
0.47631407
0.9982278
0.78127104
0.99173826
0.9960897
0.9990244
0.99313146
0.99970895
0.9895811
0.9988255
0.99372864
0.11725988
0.98965466
0.017480027
0.996425
0.9866084
0.9982047
0.99984264
0.9943606
0.99433243
0.30671206
0.998389
0.15115522
0.11277758
0.993156
0.98465514
0.9839203
0.99360293
0.4210234
0.9957488
0.32583046
0.99828774
0.9347056
0.99992716
0.0060053375
0.98956686
0.9979838
0.9802696
0.8337896
0.9928335
0.9809052
0.99836844
0.99627244
0.050451323
0.9931351
0.99167573
0.9935197
0.8822515
0.99279153
0.9684256
0.99833435
0.9979469
0.029594641
0.981091
0.9947702
0.89237356
0.99476117
0.99946326
0.99375373
0.9995828
0.9736109
0.99993634
0.9971096
0.9932359
0.9933674
0.8142749
0.6458569
0.24017765
0.66620255
0.99571013
0.9775595
0.9999018
0.85531676
0.9526888
0.016700435
0.99806863
0.9957105
0.98552585
0.9901843
0.9974299
0.9976453
0.97874993
0.9921848
0.9959305
0.20800808
0.99607927
0.9999007
0.99232966
0.9975331
0.98679996
0.98060054
0.9960174
0.9911342
0.9979679
0.10641788
0.98995554
0.9976211
0.22583708
0.99926513
0.99606675
0.9037842
0.9986658
0.995063
0.9987967
0.998259
0.99776495
0.9882814
0.99467117
0.9977981
0.99236697
0.99909997
0.99798405
0.9967661
0.99993575
0.020216819
0.9969271
0.99409455
0.9918108
0.947472
0.98870325
0.9891943
0.50457704
0.99629873
0.99898344
0.9988555
0.99363285
0.11050363
0.9968964
0.9922083
0.994079
0.99721247
0.93188965
0.67420316
0.71830493
0.9996382
0.9833499
0.843766
0.75788337
0.997652
0.9948664
0.997983
0.010121468
0.9913328
0.973504
0.9868379
0.9266529
0.9919268
0.077558585
0.9955615
0.99210984
0.96577245
0.9884319
0.09357888
0.99921584
0.99413884
0.9786309
0.9962346
0.9882831
0.050549768
0.9968712
0.9968919
0.9981694
0.96552694
0.8601389
0.9965425
0.99640083
0.025015133
0.99472934
0.48438781
0.01155194
0.7735901
0.957405
0.99441874
0.9930935
0.98261154
0.73579395
0.050209735
0.9980946
0.9906281
0.99018013
0.99532926
0.9995968
0.64321893
0.9871607
0.9370507
0.9980792
0.99674314
0.9975097
0.99789584
0.8567168
0.98631954
0.07197424
0.9978955
0.96902126
0.9919008
0.2660059
0.037260856
0.9214274
0.9865459
0.4508775
0.9948494
0.099862605
0.7295237
0.99972695
0.9962142
0.9887581
0.05234386
0.9883531
0.99547786
0.16205448
0.99872005
0.020704182
0.99608994
0.9981635
0.99525034
0.788028
0.9447125
0.89793706
0.9988643
0.9748803
0.99707365
0.79619706
0.9827419
0.98789203
0.98995894
0.2761184
0.9952142
0.265707
0.96775556
0.99695814
0.926157
0.9930703
0.942926
0.9889226
0.9969022
0.9981433
0.97135407
0.43878806
0.86730254
0.9920067
0.9901668
0.020160256
0.9966928
0.993083
0.7882397
0.085764825
0.6879892
0.9973792
0.9947353
0.07824835
0.8338346
0.9585083
0.014355067
0.99837035
0.6388067
0.98983544
0.19783068
0.9957052
0.971729
0.99317896
0.99419975
0.99983346
0.8916198
0.4613325
0.32110062
0.98938787
0.9895663
0.953842
0.021609707
0.22091027
0.987643
0.9690962
0.99975044
0.86247665
0.99861145
0.9625304
0.049575564
0.7255835
0.92673635
0.9971999
0.9943357
0.6714484
0.9897579
0.04222402
0.07084917
0.7701564
0.9986418
0.99777335
0.9955928
0.99994814
0.9987558
0.9837662
0.99852186
0.9958182
0.094353355
0.99891055
0.98752034
0.6992385
0.9561403
0.98899174
0.9726961
0.08956285
0.19951494
0.86661136
0.031051299
0.9967524
0.9963594
0.110264406
0.9999409
0.9815896
0.9904717
0.99836737
0.9874024
0.97711253
0.99949956
0.98480713
0.8997214
0.020812578
0.9984548
0.99683243
0.9917379
0.9167177
0.99977154
0.8672194
0.9977538
0.45992172
0.01718258
0.98684454
0.9985134
0.25518054
0.99645567
0.99448156
0.9932065
0.79895926
0.99840945
0.98474264
0.99628925
0.99716765
0.9999293
0.9983046
0.9945082
0.9995803
0.010803248
0.45051602
0.054635838
0.98379135
0.35793912
0.5856924
0.016286466
0.99818474
0.9980538
0.8367326
0.37903544
0.018394092
0.9796174
0.7418943
0.94443226
0.9893138
0.043298036
0.99910504
0.99873406
0.014052226
0.9997476
0.9962697
0.99991643
0.08257988
0.94776976
0.03314375
0.9965205
0.99421376
0.9990847
0.8451685
0.93988025
0.9993318
0.99705565
0.023183487
0.957288
0.12757196
0.9961075
0.99135864
0.99858356
0.99843436
0.98713636
0.9996101
0.99652463
0.9891551
0.9957338
0.93216884
0.9947436
0.098525845
0.92549264
0.9928318
0.929835
0.9981522
0.9966024
0.73185277
0.8432935
0.9506554
0.99717253
0.7215693
0.02929297
0.9899212
0.9941468
0.99311125
0.9937816
0.99943155
0.9985782
0.9960516
0.5189536
0.999421
0.9885429
0.98851264
0.9932203
0.0031757185
0.7968711
0.91112626
0.13526937
0.93900806
0.9970913
0.04518185
0.46283355
0.99335665
0.9982951
0.7139993
0.8019499
0.99991167
0.9941552
0.9985172
0.46143734
0.9952874
0.9968792
0.99798137
0.9869761
0.089482896
0.99922276
0.9909079
0.99781394
0.99960107
0.78606987
0.9915175
0.9937308
0.99006665
0.9932828
0.991088
0.9745233
0.99296653
0.8837544
0.95214546
0.9914579
0.52851945
0.850069
0.9986265
0.9969137
0.98913807
0.962764
0.977202
0.9981029
0.99821043
0.99811304
0.9967519
0.99384815
0.105586655
0.9987656
0.8267395
0.9946154
0.9968593
0.9722831
0.52821225
0.031472605
0.9974819
0.009059844
0.07203858
0.9970409
0.9919241
0.97376865
0.8559218
0.99484223
0.9859051
0.97532654
0.9859612
0.9940355
0.99752396
0.9987515
0.015105992
0.98634446
0.83476746
0.86547035
0.9770985
0.99722844
0.66906655
0.899356
0.31617823
0.9607684
0.9608857
0.9779695
0.9979291
0.9955916
0.98904467
0.016754111
0.7814464
0.79834926
0.9503882
0.9943566
0.004202675
0.99513197
0.8766596
0.026161147
0.99928856
0.005082059
0.9950889
0.83538216
0.28255764
0.9096687
0.9700122
0.99493694
0.9993474
0.9162965
0.99790657
0.9744232
0.99808705
0.99064016
0.9979802
0.87110287
0.9977208
0.94130445
0.9996768
0.9976127
0.9982765
0.97567856
0.9974087
0.985338
0.99727696
0.07854392
0.97582394
0.99545586
0.9873515
0.993662
0.9795192
0.9960316
0.9879017
0.9060264
0.83334786
0.97857
0.99682754
0.9803144
0.99226874
0.9996388
0.99681914
0.9982419
0.9870625
0.9970452
0.9897871
0.9902507
0.9992925
0.9932046
0.9993211
0.4729791
0.00834507
0.99795866
0.26677668
0.99940085
0.02209484
0.99597824
0.09566105
0.99790215
0.019101558
0.9993936
0.98251593
0.99203295
0.9945964
0.95305616
0.99798155
0.9970126
0.9923954
0.9908037
0.97477096
0.9767204
0.9980122
0.98960495
0.9954184
0.98443735
0.074531846
0.91151196
0.07586617
0.9829715
0.9999232
0.87501156
0.9995172
0.99735045
0.6944401
0.96859825
0.99880993
0.9907795
0.9954247
0.80171067
0.9883931
0.9985251
0.99422944
0.99578625
0.92487144
0.05463615
0.99976796
0.99535996
0.99180365
0.99875855
0.99315166
0.93182117
0.94311666
0.7830068
0.9957628
0.998494
0.998662
0.015620038
0.8874218
0.98596984
0.9987576
0.99601823
0.5431101
0.08170966
0.99783796
0.9977596
0.999116
0.8313073
0.017652316
0.99865997
0.99686414
0.018071942
0.968239
0.9525327
0.95509535
0.9878049
0.9984603
0.9675436
0.8399465
0.9999702
0.99736756
0.9639398
0.9994123
0.9973425
0.5521048
0.98989326
0.9977775
0.996747
0.97572845
0.9984598
0.55957294
0.933706
0.9869805
0.9026866
0.9754175
0.9908206
0.013158407
0.027808066
0.9977508
0.99255145
0.4148502
0.07211666
0.99605465
0.9717469
0.9938228
0.9950765
0.99447554
0.91851807
0.9823313
0.49865845
0.9987012
0.058156557
0.99941695
0.9811459
0.9939646
0.46014112
0.98768556
0.9888099
0.99290437
0.2458678
0.9976528
0.9960521
0.9931298
0.97903854
0.9878301
0.05943175
0.9870546
0.9376405
0.9919986
0.02797925
0.9556497
0.9908405
0.9985405
0.9932065
0.8617879
0.9995703
0.99784136
0.044740625
0.99731535
0.99474275
0.9813115
0.0060368776
0.9935289
0.93304396
0.99452966
0.9903832
0.8627185
0.99974257
0.99080503
0.99612194
0.9993487
0.9925291
0.98904306
0.9979417
0.6670654
0.9987727
0.949737
0.999757
0.99008816
0.98618
0.9929477
0.9927326
0.9963475
0.99761665
0.7322388
0.996167
0.9373691
0.9937204
0.99462813
0.9966048
0.021201113
0.6830977
0.99761355
0.99532384
0.99927574
0.9964765
0.8438089
0.08061871
0.9992124
0.9965522
0.98750687
0.9986092
0.9760494
0.9972505
0.98455215
0.9961694
0.9980552
0.9958644
0.99626005
0.10444075
0.99410003
0.018190894
0.99944323
0.9934908
0.9611212
0.9688172
0.9953011
0.031061945
0.9951126
0.74873
0.99708885
0.9630215
0.99138194
0.9805921
0.98286116
0.8351067
0.9928381
0.9920288
0.927422
0.9647229
0.9968917
0.9971551
0.9989041
0.9991242
0.99478036
0.9944667
0.99807334
0.8869682
0.98859835
0.99841714
0.9880669
0.96339184
0.9918588
0.9946354
0.9938613
0.9868221
0.99012905
0.99327236
0.9998994
0.9891633
0.07114936
0.9991373
0.99039906
0.12259275
0.99635255
0.992077
0.9915005
0.99983835
0.987857
0.9867431
0.99481934
0.96125376
0.66754794
0.9906171
0.97741085
0.61194927
0.7935588
0.9797356
0.99740404
0.8671857
0.9987783
0.99807465
0.036693677
0.9784242
0.99551165
0.9974382
0.99201256
0.016878208
0.9972687
0.9938392
0.9948344
0.9884908
0.8657278
0.9821702
0.9937278
0.9982122
0.93192065
0.99306434
0.99794537
0.99061054
0.03259507
0.9952193
0.9998381
0.99956864
0.8740689
0.9849001
0.9987142
0.26050624
0.8693996
0.9991259
0.9982827
0.9941497
0.84573144
0.9971185
0.45047835
0.042045943
0.9912754
0.9733011
0.7677041
0.9992198
0.99775344
0.05162438
0.99737775
0.9991091
0.9975344
0.9620802
0.99948883
0.08101563
0.9973133
0.99706393
0.9999207
0.28437254
0.99752516
0.9936401
0.9622412
0.9860101
0.9988117
0.98734576
0.9773755
0.31846276
0.93625563
0.9979213
0.96804917
0.9829282
0.99330807
0.999483
0.9998716
0.05469932
0.99840754
0.9415365
0.9775295
0.99815327
0.8056698
0.020407462
0.89749736
0.8703718
0.3039511
0.99882454
0.95235556
0.99631643
0.99746454
0.35282883
0.99504375
0.999793
0.98114747
0.99806756
0.9958086
0.99801767
0.9978683
0.030377187
0.9926152
0.90811116
0.99735045
0.9983442
0.9801119
0.9911144
0.9981509
0.99287814
0.99300134
0.99583673
0.4206798
0.9940025
0.18981664
0.9981046
0.99556196
0.9993461
0.99728966
0.9948061
0.9998337
0.99707687
0.9914807
0.03635299
0.9766906
0.759261
0.9974763
0.995159
0.9831861
0.9946085
0.9950407
0.99827826
0.21532102
0.956143
0.998744
0.9953259
0.9965571
0.8916637
0.2214077
0.9661098
0.12651217
0.9759127
0.9984962
0.99420565
0.97050583
0.99486625
0.99182385
0.998133
0.99873513
0.9973176
0.95754856
0.9912917
0.9624966
0.98077637
0.9964915
0.061412603
0.99576783
0.28489017
0.9904033
0.916322
0.9948291
0.98171955
0.9686827
0.99971217
0.9990268
0.93701583
0.96847445
0.9371206
0.9991967
0.9878769
0.9725044
0.020515548
0.9945312
0.9983966
0.9995559
0.9904771
0.99684614
0.99984634
0.010934434
0.038384777
0.9987061
0.99900335
0.99991965
0.9738304
0.8537097
0.8559818
0.63402575
0.016262792
0.9977241
0.92623323
0.9896638
0.9882625
0.99300754
0.9966857
0.9848
0.999015
0.054910053
0.99793506
0.9963064
0.9922775
0.9977042
0.021926317
0.9702248
0.994517
0.99899024
0.998914
0.16745959
0.99510974
0.9989334
0.9968579
0.9933102
0.99858934
0.09048538
0.99332035
0.9941367
0.9972216
0.02676625
0.99865746
0.99799407
0.9784545
0.015354928
0.99368167
0.98822814
0.99684817
0.13966262
0.7881761
0.71850884
0.9974353
0.99654937
0.8777854
0.90554553
0.64077395
0.9987841
0.9955395
0.03210244
0.9827139
0.6115432
0.9648495
0.0615029
0.9894147
0.99860257
0.99183875
0.98668355
0.69972134
0.9949024
0.97146654
0.9775534
0.998735
0.9969252
0.8809556
0.999821
0.99979013
0.9992508
0.9945682
0.99696654
0.9883753
0.9997708
0.12990911
0.9927192
0.99429953
0.96485305
0.99737823
0.7533783
0.9954377
0.0376076
0.9997694
0.99718285
0.99205494
0.48679596
0.9969758
0.99603444
0.9957937
0.9868961
0.9987387
0.98878795
0.05859779
0.012721067
0.9998913
0.01169674
0.9970318
0.038112678
0.99901783
0.99849105
0.99932194
0.9878869
0.98440105
0.99744797
0.99907887
0.98419833
0.99825424
0.9829496
0.9960561
0.99721295
0.9922002
0.9949827
0.9150858
0.95621836
0.9955493
0.9957455
0.9905916
0.99812645
0.99184656
0.9969501
0.99448425
0.9991197
0.4279069
0.59152895
0.98984015
0.8982372
0.026985778
0.9965412
0.99322695
0.87907624
0.9353163
0.9937568
0.99829954
0.9878137
0.5847096
0.9816773
0.018853834
0.99602026
0.9906873
0.041048758
0.9541523
0.9980825
0.99793786
0.9469592
0.7726495
0.54513377
0.99713385
0.99707794
0.97181165
0.113463245
0.996516
0.994495
0.9985108
0.03197925
0.7709032
0.9945104
0.83378
0.8442128
0.5703256
0.26117513
0.067329876
0.9985543
0.9994118
0.010211487
0.2155555
0.9999479
0.9988586
0.98783934
0.9971854
0.09348204
0.9948592
0.99487793
0.9991867
0.059182234
0.96346164
0.935637
0.9979533
0.9846334
0.01350464
0.997733
0.996684
0.60994774
0.98923767
0.9993629
0.0030406308
0.8967987
0.018891832
0.995565
0.9932539
0.059507165
0.99877566
0.99814665
0.7487018
0.9837046
0.50446457
0.5839593
0.99527293
0.018028509
0.9951199
0.9986564
0.99751663
0.06623583
0.99694306
0.99474746
0.00743318
0.14518155
0.1828386
0.116456196
0.99635917
0.14537255
0.99959356
0.99312913
0.78161615
0.9979982
0.99972314
0.9392682
0.98423046
0.99847835
0.96611226
0.9987212
0.9991393
0.06680752
0.9712673
0.97862005
0.99992466
0.9875969
0.99137634
0.98893857
0.7366403
0.97631913
0.99471694
0.9952472
0.9962147
0.44915533
0.9919132
0.9974873
0.7857063
0.061791644
0.9960633
0.997593
0.020067366
0.9819859
0.023784114
0.74749106
0.85762686
0.99605185
0.99659675
0.9948344
0.9852948
0.98076564
0.999647
0.99649626
0.93657935
0.9897029
0.7348763
0.99745935
0.2727034
0.9921428
0.030384883
0.032840826
0.07417747
0.9956292
0.77803844
0.993008
0.9937583
0.5188389
0.9967224
0.995837
0.9943263
0.99736375
0.044244763
0.9938279
0.21258098
0.9963994
0.27960268
0.9958332
0.9949398
0.013917991
0.9941309
0.07045252
0.047458984
0.007096889
0.009673076
0.99591357
0.9923834
0.98911124
0.99028134
0.97149044
0.7652536
0.99759656
0.98188764
0.99737996
0.008290285
0.99458635
0.9928155
0.99986434
0.12610985
0.99760735
0.9973984
0.9857572
0.9145452
0.757773
0.9980757
0.057750758
0.6301368
0.9971232
0.998599
0.025458606
0.98612624
0.9493194
0.06568088
0.049570326
0.023110462
0.99957174
0.9652703
0.95078397
0.9800861
0.996621
0.99352527
0.99520653
0.9820063
0.14087777
0.9961498
0.07993031
0.55210227
0.99372816
0.90639776
0.76810974
0.68406934
0.99500257
0.99475455
0.5701128
0.0033381155
0.99131507
0.9917441
0.9812071
0.95849574
0.9989893
0.995961
0.9933674
0.97734857
0.9992735
0.9972699
0.9954064
0.98399043
0.13663465
0.9988023
0.97553605
0.9947895
0.9943346
0.99335384
0.99364
0.98179275
0.97483325
0.9975789
0.98969966
0.99738306
0.9886381
0.9843068
0.9980241
0.85525334
0.03421096
0.99629575
0.6727298
0.9984438
0.9941507
0.8955156
0.7750681
0.99062496
0.06836924
0.932644
0.36586514
0.84074354
0.99822515
0.683315
0.99963415
0.97254205
0.9545567
0.9981881
0.9989135
0.99968076
0.33031288
0.29967362
0.9803287
0.9886919
0.93385744
0.976187
0.9979893
0.013013574
0.9975744
0.9918286
0.99796176
0.025271822
0.0029825296
0.84716314
0.998192
0.006843852
0.9937675
0.9985014
0.43565917
0.11055355
0.72897035
0.9923018
0.9950782
0.23136571
0.12019113
0.9886619
0.8756945
0.7381492
0.038458917
0.99757046
0.036375955
0.986305
0.8159301
0.03493801
0.99837446
0.98346764
0.99525404
0.9225
0.014112803
0.99970645
0.98643667
0.09104622
0.81114686
0.99597126
0.99797946
0.9995696
0.042976577
0.9977068
0.9921113
0.27232084
0.98993
0.99228513
0.9986719
0.20817217
0.0031796352
0.99714595
0.9896908
0.99710065
0.21358904
0.9844376
0.85556424
0.11238865
0.004996324
0.99948066
0.99192894
0.99835616
0.90504766
0.021583237
0.9997452
0.98914295
0.99993134
0.9051244
0.9933061
0.99535817
0.9871035
0.060155787
0.99868995
0.99741626
0.98920864
0.9881324
0.9699673
0.9911171
0.1105291
0.9998605
0.009703091
0.99772483
0.996684
0.98307437
0.9953336
0.99792176
0.6619118
0.9182651
0.84712106
0.9977975
0.98792434
0.9805556
0.88521624
0.99750394
0.024854675
0.033923794
0.40460077
0.9957689
0.9975783
0.9826606
0.9975551
0.99985015
0.9991991
0.9033337
0.99789196
0.41986504
0.992814
0.009966867
0.993001
0.9849021
0.99340373
0.99746835
0.9831881
0.9537026
0.96966714
0.23186591
0.99768066
0.9998524
0.16748148
0.9960485
0.54667234
0.9987369
0.060860936
0.24208143
0.99004084
0.75262487
0.9936847
0.98702
0.9544678
0.9969891
0.120149426
0.999521
0.9967906
0.44986022
0.0055085034
0.98026544
0.99844766
0.993646
0.998468
0.99501675
0.9990681
0.99926597
0.9987826
0.0098554855
0.99947304
0.98148304
0.99854624
0.6739695
0.9974252
0.020269703
0.15867448
0.47210866
0.7815678
0.9974118
0.9951316
0.9998579
0.99652344
0.9960756
0.99756646
0.9909648
0.8554434
0.428786
0.9981616
0.9946414
0.9958348
0.9928363
0.9954059
0.9943831
0.07782912
0.9971316
0.1844942
0.99417263
0.004195796
0.039092753
0.9572247
0.7513651
0.9980229
0.023043606
0.94646776
0.9967456
0.06976788
0.9947908
0.9955806
0.99966156
0.9969669
0.9910279
0.9933164
0.9890003
0.9848556
0.10899535
0.35175318
0.99994385
0.99470925
0.9919625
0.99642015
0.99835974
0.9995479
0.994399
0.9965431
0.998343
0.9953734
0.9244444
0.5738619
0.29490232
0.09257526
0.9824337
0.99341834
0.80279636
0.11115878
0.9974474
0.74893755
0.17063436
0.9976857
0.6406213
0.95640147
0.0057532843
0.9987219
0.99232846
0.99548316
0.99739325
0.9358839
0.7511443
0.025466515
0.027807435
0.9845717
0.99719787
0.958949
0.96572924
0.99074966
0.9973272
0.9229028
0.9956566
0.9643845
0.0022766092
0.9953067
0.0026599057
0.9864879
0.996461
0.9995065
0.9432588
0.73756295
0.9973425
0.78531694
0.9977719
0.089831516
0.99760723
0.99493116
0.9953858
0.99774677
0.9965461
0.9814146
0.99451977
0.9950163
0.9964976
0.99497
0.99735653
0.98731226
0.994191
0.99557036
0.1169549
0.99980754
0.9847623
0.99870014
0.9978757
0.9977877
0.98912245
0.9999038
0.9969819
0.97834283
0.99040496
0.9985312
0.99709773
0.90380603
0.9922884
0.9988568
0.013664591
0.9947443
0.9998492
0.8822986
0.9117795
0.99991167
0.99571663
0.94323885
0.9933056
0.9964043
0.046717525
0.9945913
0.9290423
0.998262
0.70029914
0.9930842
0.99561876
0.9971718
0.027217492
0.9982223
0.98568416
0.7152406
0.99839103
0.99877137
0.98955834
0.66281205
0.34265018
0.9987489
0.9663826
0.99902415
0.9954326
0.5670061
0.98839635
0.014186489
0.7677098
0.9991679
0.07860547
0.97372353
0.5390636
0.08511197
0.9826072
0.994764
0.996783
0.9703752
0.9976228
0.99838233
0.9989785
0.08224458
0.9986922
0.9779017
0.014234892
0.9936539
0.97243154
0.9989681
0.59740907
0.99894863
0.9933148
0.9933762
0.93941754
0.9964529
0.9928308
0.99940395
0.0061662067
0.959017
0.97813463
0.022422137
0.05175238
0.9897147
0.9621292
0.9830398
0.99989426
0.9976622
0.998248
0.014754058
0.9960878
0.9886163
0.98127204
0.42728588
0.9951297
0.9941539
0.93522966
0.9419338
0.99678874
0.989881
0.7884805
0.9999119
0.9965719
0.9964036
0.01494764
0.944357
0.008344806
0.98940456
0.49043936
0.9978115
0.9535451
0.9948101
0.8509297
0.7203801
0.5385917
0.9812015
0.9050165
0.008425808
0.93345237
0.99725693
0.99088025
0.015987454
0.9998166
0.94597805
0.99598277
0.0053977943
0.99513775
0.9995503
0.65082514
0.98649096
0.9977477
0.0057469653
0.9853888
0.64067835
0.45974922
0.07061516
0.9984786
0.99979573
0.097570896
0.014133591
0.12418655
0.9893617
0.04060917
0.9985373
0.9993113
0.9865441
0.9971107
0.99886876
0.0911533
0.99971205
0.029040368
0.13390173
0.9917891
0.64140207
0.095210046
0.9853162
0.60773504
0.9970394
0.98415124
0.04535098
0.99765354
0.4131936
0.9966253
0.77763295
0.99332
0.033325218
0.99865305
0.9932713
0.9481327
0.99845576
0.03586305
0.99974376
0.9971085
0.9987913
0.49987152
0.9877566
0.9724067
0.9312525
0.99958974
0.6655367
0.9694066
0.275962
0.9893618
0.8319577
0.9942808
0.9988574
0.98555183
0.962343
0.9976065
0.9843084
0.9977963
0.99756205
0.98258
0.99859816
0.9007891
0.99821544
0.9400924
0.7620374
0.9587464
0.48997235
0.99305177
0.99956065
0.99862814
0.022096945
0.9817417
0.9870919
0.12859638
0.7645242
0.9983725
0.97951734
0.9988487
0.99905485
0.89115435
0.9987633
0.99388844
0.99873453
0.9639326
0.9944945
0.9957152
0.031050378
0.99406993
0.9956312
0.98479754
0.99874073
0.9954717
0.9983157
0.9909803
0.6848526
0.998218
0.9929456
0.035808958
0.9990626
0.9885852
0.9932498
0.9957487
0.04093793
0.99893194
0.027473882
0.9983083
0.5676966
0.9923934
0.99931157
0.99894315
0.99979216
0.021214524
0.04439708
0.9560844
0.50040734
0.96519697
0.98930967
0.99337256
0.9973314
0.99811697
0.95189124
0.9984003
0.9947923
0.99952996
0.9969881
0.8211473
0.9942449
0.99585813
0.89354134
0.996761
0.99925166
0.953428
0.9944002
0.9987239
0.9948736
0.993828
0.9980217
0.9898397
0.99681807
0.54633975
0.99808747
0.99655724
0.98068696
0.572149
0.016996348
0.012063783
0.98789537
0.9982424
0.933198
0.9990176
0.9945287
0.9966372
0.94363153
0.98881537
0.915803
0.9881307
0.9899498
0.9986625
0.9997141
0.9998869
0.22798237
0.9989114
0.9009739
0.0354803
0.8036985
0.9985863
0.4293805
0.9777144
0.99695396
0.99598265
0.99788624
0.9962984
0.99775475
0.8528994
0.99903655
0.06321289
0.9783416
0.9966
0.97864324
0.9945522
0.999819
0.45467404
0.9678159
0.9936719
0.97368795
0.99656576
0.9473704
0.5261893
0.99598444
0.29395375
0.9999213
0.9854301
0.24637114
0.0410599
0.94061095
0.99960035
0.9975762
0.9526504
0.99567056
0.69400454
0.03137566
0.83023584
0.9964612
0.9899832
0.98998547
0.9987607
0.99875355
0.99403363
0.14021115
0.99875975
0.18042234
0.9960014
0.7145684
0.99860567
0.53957003
0.9966427
0.99651235
0.99670666
0.88614213
0.9964181
0.9992473
0.95291275
0.058208205
0.29668716
0.26854146
0.9973998
0.9939913
0.8550722
0.9964929
0.97330475
0.91304326
0.9985959
0.95976377
0.99538726
0.80436075
0.8351953
0.80515176
0.9950009
0.99547344
0.39986926
0.9955713
0.986571
0.061112694
0.99665314
0.96452886
0.9989248
0.9904578
0.9974776
0.9538252
0.99363893
0.9996507
0.9980496
0.99844724
0.015343598
0.99507
0.99756134
0.22923467
0.98645544
0.94931996
0.94584334
0.99963176
0.97143763
0.99499476
0.6190585
0.635375
0.99078476
0.99577135
0.594174
0.9915855
0.021117417
0.99757177
0.98600096
0.032423448
0.9914785
0.98670965
0.08567442
0.9946688
0.90335315
0.007907823
0.0072037596
0.99754614
0.95872885
0.969163
0.24216424
0.76059085
0.06167251
0.27587783
0.9951414
0.9997538
0.99917394
0.24330649
0.9981212
0.9570623
0.98559165
0.048157193
0.9881613
0.98779094
0.99859744
0.009726056
0.9987055
0.98159057
0.9986796
0.99553126
0.008069908
0.007273292
0.259846
0.10889377
0.9988267
0.99411535
0.7477752
0.99603736
0.7678455
0.99561834
0.42608574
0.72647357
0.98120785
0.9966275
0.9942773
0.95687014
0.9997702
0.9995801
0.07705789
0.9754651
0.6376009
0.107572794
0.9624967
0.99669373
0.99901223
0.9972566
0.9437935
0.0299799
0.9976253
0.99952066
0.3907497
0.9473106
0.92247283
0.9497887
0.08077134
0.99854374
0.9998122
0.99633455
0.99663746
0.47071075
0.98998255
0.99836
0.9965733
0.97690636
0.996121
0.9924988
0.8571051
0.99713516
0.9874982
0.9809552
0.98838997
0.95976424
0.7808954
0.99861157
0.98511165
0.9954758
0.9970816
0.9005946
0.9976502
0.46732256
0.9950807
0.981635
0.9887748
0.20465083
0.8947719
0.9980768
0.99711514
0.99970835
0.034897834
0.870447
0.99842215
0.9972274
0.9886797
0.9861632
0.99860686
0.12304688
0.96078026
0.97054726
0.9960335
0.35756123
0.99470794
0.0041484768
0.95291466
0.5742301
0.9976217
0.99984574
0.99658173
0.022158565
0.9927636
0.9976495
0.9985096
0.2657132
0.9863908
0.6162438
0.9944132
0.99757856
0.98709923
0.99769247
0.9368858
0.32698265
0.99246615
0.999092
0.99834216
0.9966678
0.9963965
0.99772936
0.9998338
0.9989784
0.99620545
0.9925679
0.995024
0.9663345
0.9942392
0.061687022
0.052780647
0.99594116
0.0040726047
0.85296804
0.91626775
0.41758218
0.99938846
0.99991095
0.8886805
0.99332035
0.9667263
0.99215525
0.9305304
0.9983156
0.39301813
0.9928839
0.99933535
0.99733067
0.15389624
0.79590243
0.22415234
0.009897074
0.9198707
0.99888176
0.9935597
0.9984297
0.9898192
0.9901186
0.9897975
0.02328424
0.9928308
0.9620815
0.98532015
0.99809784
0.9997881
0.9891235
0.38407385
0.19427691
0.056212932
0.9945531
0.9942162
0.22241746
0.99697363
0.9755628
0.9941409
0.011339973
0.9499451
0.9962286
0.95150596
0.03762576
0.06469935
0.9374027
0.963017
0.99397993
0.999863
0.9235518
0.99990034
0.6471253
0.99562764
0.028453507
0.9777843
0.93817663
0.6168002
0.9983638
0.53814906
0.07250149
0.9929299
0.25393417
0.15684476
0.9838054
0.8315625
0.03696886
0.99711335
0.0069617154
0.9976901
0.966996
0.949761
0.9995503
0.012625882
0.015681995
0.9963665
0.97712874
0.99774975
0.994156
0.99180216
0.9974758
0.070770405
0.99470925
0.92560744
0.96782416
0.992088
0.9857554
0.96152514
0.9944458
0.9968767
0.01755919
0.9759118
0.966561
0.9961461
0.19254802
0.99840504
0.95218307
0.98527354
0.61838436
0.7267497
0.9968405
0.4213285
0.9934036
0.8004609
0.96028465
0.9680834
0.9906448
0.8125028
0.8029699
0.99713147
0.013731757
0.9886541
0.9987155
0.9988261
0.99911755
0.9832481
0.99789196
0.9928988
0.9860449
0.99833834
0.8924262
0.9947789
0.9975363
0.9995146
0.9710585
0.990186
0.9030757
0.04708117
0.032726284
0.98500186
0.81639206
0.10194039
0.059326276
0.9908064
0.9877648
0.957553
0.99873525
0.9980909
0.019852335
0.99727637
0.98458797
0.99762255
0.99639755
0.02059926
0.8794417
0.99627966
0.99269694
0.5949916
0.9964128
0.9965737
0.95561737
0.9998042
0.9968119
0.9960776
0.9705979
0.98281705
0.9897518
0.78686416
0.99438727
0.99058807
0.96732414
0.9340816
0.999037
0.9721514
0.867767
0.9978783
0.20748614
0.9235574
0.6746617
0.94796246
0.9998878
0.9928284
0.99207497
0.9939412
0.9920676
0.2235618
0.9911159
0.99591297
0.961651
0.47123104
0.9762415
0.8957601
0.99900347
0.9593589
0.99506086
0.99905306
0.9952904
0.046857636
0.9994802
0.9977919
0.97890913
0.99085957
0.9678955
0.99901474
0.99632215
0.9665927
0.9931733
0.99911636
0.9987556
0.92488956
0.9892502
0.9602937
0.9951981
0.9045696
0.9981406
0.99972874
0.9417923
0.11240663
0.9886929
0.8081213
0.9709882
0.860119
0.9994098
0.6108101
0.99934024
0.989749
0.99402785
0.9272992
0.9734562
0.037499506
0.02337673
0.018815018
0.032047834
0.96226627
0.99649316
0.9970811
0.9977804
0.97182435
0.9964265
0.99341935
0.99669266
0.99602246
0.9534442
0.99557745
0.96647245
0.009747526
0.98015034
0.89458734
0.99176675
0.9927221
0.8212434
0.998635
0.96461076
0.9983614
0.9895766
0.9946601
0.9982699
0.99833375
0.9971847
0.9728584
0.99746644
0.99908686
0.986547
0.9990042
0.9898587
0.9378931
0.99970275
0.9974567
0.00802511
0.9981505
0.8203982
0.92376894
0.9943347
0.9230849
0.99933344
0.51997393
0.9916978
0.99415743
0.9962204
0.8040689
0.9961389
0.9942755
0.013953119
0.99874675
0.99813664
0.123562254
0.95967454
0.62883276
0.986815
0.992757
0.77133065
0.9970168
0.9809847
0.76689345
0.46349218
0.997797
0.99957913
0.995612
0.99054694
0.99067956
0.9951794
0.13937289
0.9978782
0.9990042
0.9925149
0.037097264
0.8712712
0.97823995
0.9999474
0.99765885
0.604584
0.052547995
0.38004124
0.9790844
0.9905696
0.9996811
0.9958274
0.97361994
0.8997004
0.010862436
0.8196429
0.9236125
0.0787608
0.99775946
0.99620396
0.9969524
0.99338984
0.11442923
0.98165876
0.99909186
0.6887808
0.996278
0.9976306
0.9727223
0.9906633
0.9967084
0.9594147
0.99703586
0.90758574
0.982589
0.9662765
0.9939912
0.9521549
0.99237156
0.98672765
0.99801147
0.9673084
0.9867367
0.9576272
0.9943527
0.9995192
0.9899989
0.95400923
0.9903861
0.80395114
0.7125782
0.4109099
0.4871882
0.06979991
0.99908555
0.9931335
0.9039767
0.89694834
0.99744546
0.93837744
0.9896483
0.058382977
0.9449999
0.0980057
0.99665266
0.99985147
0.0055098487
0.02571136
0.8627511
0.9949468
0.9946095
0.72208005
0.1527469
0.9975024
0.015695853
0.08524322
0.81336397
0.99815696
0.9980107
0.995144
0.84991115
0.9995295
0.8818072
0.9867829
0.99666744
0.9912184
0.9956643
0.05226696
0.9931924
0.8948381
0.94437945
0.9837998
0.9960454
0.9950296
0.99748164
0.9947524
0.7466074
0.96534324
0.998648
0.9984308
0.99710685
0.9956053
0.8671109
0.9923212
0.9972168
0.15591665
0.9958016
0.9941194
0.9876579
0.985768
0.015354985
0.99960405
0.61866194
0.85777897
0.09726795
0.00856799
0.787331
0.7129588
0.9810229
0.9993579
0.9684353
0.052906267
0.99286
0.8946771
0.03441886
0.99228865
0.90349436
0.99890625
0.008565835
0.028926522
0.988571
0.99730325
0.023843685
0.93851566
0.9895461
0.9969021
0.955831
0.9659837
0.99947804
0.99815327
0.9966535
0.07692057
0.9522346
0.16043696
0.9957072
0.014857939
0.99402595
0.93788177
0.9964413
0.99811196
0.9983321
0.99709344
0.9999169
0.9979042
0.99171996
0.04822435
0.038407322
0.9992211
0.97722834
0.9629215
0.99662197
0.999899
0.9967616
0.9964508
0.91962934
0.7523431
0.19148344
0.9448433
0.9963946
0.9117816
0.9766526
0.97672325
0.99590236
0.9983317
0.03446296
0.9942034
0.9970029
0.99575657
0.9993106
0.9685874
0.9999167
0.99364024
0.9975764
0.99569714
0.99938
0.99965024
0.94389147
0.9651369
0.18816169
0.99109066
0.6615418
0.9998294
0.99534744
0.7336527
0.9996644
0.97449017
0.99677
0.9993075
0.9626026
0.9972365
0.99405706
0.99355775
0.9980191
0.9908592
0.76857066
0.9960169
0.9995919
0.9892217
0.91301405
0.9868051
0.53626025
0.11992943
0.9985367
0.011060554
0.010911654
0.9909994
0.038047
0.9931594
0.0019188385
0.7418705
0.015652837
0.08711002
0.4264012
0.9922935
0.03372639
0.99528164
0.99995863
0.86486346
0.9924663
0.62810826
0.9936987
0.9949596
0.99728537
0.9977882
0.9813742
0.99831545
0.11342738
0.99812824
0.9954723
0.99408084
0.998348
0.99919134
0.9456127
0.98432934
0.9993315
0.99447095
0.10860432
0.9807928
0.9810012
0.991011
0.99800414
0.06430884
0.99190086
0.9975867
0.004228956
0.9594895
0.974183
0.9850311
0.9956321
0.9974988
0.9992404
0.9805649
0.022164036
0.039558705
0.9976169
0.9987733
0.99579406
0.9992955
0.020888356
0.99761534
0.028634883
0.06377405
0.10974515
0.99629116
0.974796
0.2206103
0.9889199
0.004125089
0.9972873
0.9980878
0.8723465
0.97282004
0.9964916
0.9957314
0.98965305
0.9916127
0.97159654
0.014601907
0.98223305
0.976275
0.96438617
0.37517673
0.9916788
0.936257
0.9969214
0.99788815
0.99582565
0.86820066
0.8978283
0.6839777
0.97017145
0.028647447
0.99788874
0.99237156
0.9858198
0.9814224
0.9802991
0.9975641
0.8359597
0.636988
0.99939525
0.9977931
0.66948014
0.08574716
0.9932654
0.99547654
0.9962509
0.998626
0.9987956
0.9976968
0.9999255
0.98488575
0.9946714
0.9953496
0.9940584
0.99803823
0.995408
0.9780285
0.95520854
0.9805268
0.20042911
0.992667
0.99675167
0.06639522
0.9878342
0.4650912
0.995765
0.03036454
0.9961563
0.997503
0.068576194
0.99762124
0.99570245
0.5148658
0.9765098
0.97859174
0.99980646
0.010427741
0.9929656
0.7925172
0.96718967
0.0784922
0.9735006
0.9919641
0.7651557
0.008944914
0.16640936
0.9995159
0.012223392
0.9948183
0.12847915
0.995748
0.99742836
0.9992532
0.6357245
0.98843306
0.7750466
0.2219193
0.99779665
0.996618
0.9930293
0.99808145
0.9963224
0.9984749
0.9992106
0.21718128
0.9408506
0.651873
0.99967945
0.91607493
0.98866767
0.99422294
0.97181183
0.36674532
0.97991896
0.7375534
0.11471996
0.99737203
0.9565184
0.9950163
0.0065020607
0.99614966
0.99660754
0.9923375
0.013511635
0.9986877
0.992902
0.99930227
0.1147965
0.9891087
0.9915686
0.9945803
0.5379626
0.87297565
0.9866654
0.6735728
0.9997255
0.043069303
0.43928283
0.9868951
0.0491349
0.9900039
0.99087065
0.99335337
0.9805227
0.022802632
0.99541545
0.1009229
0.9974185
0.9989895
0.99805415
0.9998803
0.99937147
0.94350535
0.999435
0.9485033
0.9980236
0.99435586
0.13018985
0.99626786
0.92952603
0.9776058
0.8778991
0.99483705
0.9773062
0.94639516
0.048797987
0.9940819
0.99324787
0.99642205
0.9874029
0.9389797
0.058937013
0.99344844
0.99863845
0.99722207
0.8687491
0.98275363
0.9955332
0.81959945
0.587572
0.9998068
0.9951847
0.9977003
0.98695475
0.99810994
0.99178785
0.9991059
0.98789746
0.982487
0.99343455
0.99675626
0.99380577
0.977607
0.99520904
0.9988211
0.021968037
0.9950271
0.99817896
0.030268328
0.7017836
0.96481276
0.9931438
0.07045011
0.99836427
0.99962234
0.9780571
0.9964149
0.20899126
0.0102700805
0.9906384
0.9941724
0.9731512
0.84465903
0.9529832
0.9980034
0.9960354
0.98366344
0.9755544
0.9167729
0.9895806
0.9916157
0.31587866
0.9185293
0.9959233
0.740821
0.9832503
0.9995584
0.006744932
0.89878213
0.9889365
0.95750964
0.9881855
0.9972156
0.99992204
0.9998776
0.9922058
0.9498486
0.04455765
0.9948132
0.9987288
0.068270795
0.0073788306
0.9879699
0.99510276
0.7042369
0.89784193
0.9995036
0.95875096
0.95384747
0.9968098
0.99823654
0.9944108
0.99482095
0.9950836
0.9979165
0.9960906
0.99689543
0.98189074
0.9871875
0.15615216
0.9951983
0.99698
0.03195218
0.99646914
0.38373345
0.99764156
0.9018376
0.85705346
0.98042804
0.8214631
0.99833244
0.9988213
0.9926583
0.043654356
0.9983583
0.98282444
0.99756986
0.039692033
0.994985
0.8968932
0.9964289
0.99720734
0.98366046
0.0034832072
0.8056867
0.9973195
0.99979764
0.98474365
0.9973231
0.9902928
0.9903612
0.9540023
0.9978671
0.99559915
0.99179274
0.99897003
0.98757917
0.9930102
0.9990264
0.81175864
0.99010974
0.9980648
0.978153
0.99133414
0.8819985
0.9691356
0.999848
0.9839676
0.9996804
0.97949255
0.99829584
0.9995771
0.99809974
0.38504997
0.5059651
0.42655516
0.3089938
0.9950571
0.99873537
0.99836034
0.083722115
0.99576616
0.99801266
0.99751055
0.99993753
0.3586905
0.0062023886
0.83280087
0.999015
0.1403244
0.021760099
0.9976675
0.9982834
0.99815
0.9985997
0.8066632
0.008737021
0.021639587
0.9922105
0.9991999
0.4316371
0.9993405
0.9953928
0.9985274
0.98932135
0.9978719
0.9792731
0.9353458
0.99773043
0.9985783
0.12933908
0.99892694
0.9973521
0.99503845
0.99320024
0.9998399
0.99748755
0.16359162
0.2931771
0.99968565
0.9659154
0.99856997
0.3039232
0.9946412
0.8552684
0.9926029
0.94164175
0.9973206
0.9944366
0.020379651
0.9874791
0.79874563
0.8841556
0.9990165
0.9514412
0.86812025
0.77601993
0.99543935
0.91245425
0.9872421
0.95760554
0.9989498
0.9873728
0.99712104
0.99261296
0.9903819
0.9137976
0.9984396
0.8514522
0.99767786
0.9995726
0.9010502
0.9996661
0.997712
0.9991359
0.9811965
0.8548758
0.9957073
0.9970907
0.99993944
0.58574075
0.9419299
0.98725665
0.99057907
0.99762267
0.99979645
0.998524
0.005605
0.991211
0.9943533
0.99735236
0.031075628
0.8595604
0.09045042
0.9837361
0.2951055
0.99795216
0.105040506
0.99831724
0.99157166
0.98219705
0.9977163
0.045699745
0.9665581
0.88527626
0.990858
0.9777775
0.9952108
0.9906431
0.98443747
0.98278195
0.8102929
0.99450654
0.9998838
0.051528282
0.99631196
0.84551126
0.99672097
0.07204404
0.9926846
0.9933066
0.012042348
0.9967769
0.99775153
0.99815744
0.03878891
0.9986847
0.99344313
0.93465096
0.9995876
0.91854745
0.9919727
0.9980483
0.9965133
0.8862474
0.99629956
0.99648005
0.12621179
0.8213682
0.9955355
0.31585014
0.9855407
0.997224
0.9853565
0.9594681
0.6985955
0.9757372
0.99836296
0.90316194
0.98580545
0.99177706
0.99864465
0.9998739
0.5252992
0.9893819
0.17043088
0.97769505
0.961019
0.040665936
0.9954674
0.9978502
0.9756817
0.9698253
0.99860626
0.9919132
0.20109911
0.9852335
0.9291043
0.95570683
0.7965429
0.02144415
0.9992229
0.9943453
0.00470133
0.99683917
0.993004
0.9979855
0.97869295
0.98796684
0.019609822
0.99429
0.98374915
0.9948697
0.9934388
0.97078484
0.014687678
0.985914
0.9931896
0.9413465
0.99090344
0.9985091
0.9940509
0.9969669
0.9231745
0.990598
0.9984072
0.9971808
0.55733603
0.99481577
0.98399526
0.47678056
0.49201992
0.21535607
0.6556846
0.9945527
0.09265943
0.9944535
0.99795544
0.99618006
0.99381095
0.997558
0.98694116
0.8846238
0.8792867
0.99795854
0.99609154
0.9976411
0.9903206
0.892526
0.9927249
0.9681493
0.9906584
0.9955682
0.14817773
0.26797262
0.31663758
0.034979913
0.99523807
0.05915995
0.0085466495
0.40977615
0.9986815
0.12858535
0.9851082
0.042360768
0.9834509
0.8027686
0.9916991
0.82794493
0.026154794
0.99482083
0.9983094
0.46719366
0.9981725
0.9985367
0.09457851
0.9977157
0.9950871
0.99755716
0.9612705
0.998374
0.9300811
0.9978562
0.04062577
0.9957145
0.9900697
0.99761415
0.99720204
0.9955674
0.9963689
0.18371089
0.9942973
0.026308725
0.99274653
0.9949892
0.99373347
0.928039
0.09086295
0.7685106
0.9794788
0.2431877
0.9998338
0.7673518
0.9985636
0.981386
0.98086756
0.0042588636
0.46830255
0.98625934
0.9234126
0.07823667
0.96007264
0.9996946
0.9681636
0.99579084
0.9986028
0.04700758
0.965574
0.89750785
0.71176636
0.9993562
0.99386406
0.99225885
0.059359945
0.9292049
0.4193743
0.74122405
0.9873197
0.99743444
0.13613154
0.99798274
0.99341846
0.9992072
0.9963804
0.03732323
0.99773693
0.9881258
0.9958187
0.9976381
0.7333391
0.98938006
0.9358587
0.9940054
0.9899839
0.13622832
0.9968997
0.9090074
0.99021435
0.8245706
0.24829344
0.038943533
0.92491823
0.89574957
0.90227854
0.998955
0.740589
0.97000015
0.9973061
0.99685514
0.99681467
0.86670464
0.18238766
0.99986374
0.9398752
0.9572208
0.99252605
0.9961217
0.97822034
0.08025078
0.051302943
0.9908202
0.99652463
0.9976731
0.9910959
0.9841081
0.0699025
0.9931143
0.6322906
0.95842004
0.9898677
0.50424665
0.99476033
0.99282503
0.8743115
0.9990563
0.9213075
0.02099639
0.9951751
0.99367744
0.955749
0.96280134
0.99335724
0.99958247
0.9965342
0.9978404
0.99940073
0.9999021
0.99196315
0.9978423
0.9964881
0.9993617
0.69027853
0.99470216
0.9048591
0.98935
0.01866051
0.9987569
0.99791807
0.9994672
0.9961802
0.99948716
0.9786739
0.99842656
0.011896241
0.9945963
0.010552176
0.86714214
0.99681854
0.97085685
0.049351897
0.8623164
0.9952271
0.9929535
0.995782
0.37949783
0.99735874
0.99991274
0.99676055
0.9985795
0.02824148
0.6124342
0.9929478
0.9665519
0.99482983
0.9814113
0.0324989
0.9836442
0.9970988
0.995688
0.99593085
0.9966779
0.99846077
0.9899942
0.99985456
0.9959204
0.99581414
0.99978524
0.9984571
0.84806114
0.92261475
0.8837277
0.99125427
0.9997881
0.75700414
0.99466455
0.99763453
0.99716467
0.5533563
0.9951815
0.02703615
0.035897937
0.9570668
0.02505573
0.6463735
0.9992567
0.98948634
0.9883796
0.995609
0.9985775
0.99034685
0.9972783
0.99811757
0.66625893
0.99594057
0.98599696
0.9976858
0.99129045
0.048271887
0.998131
0.091458686
0.9184312
0.99807835
0.99767584
0.9988697
0.96682155
0.9965486
0.98717505
0.99306595
0.99441445
0.9862488
0.91323054
0.9932954
0.97671425
0.99802065
0.46510017
0.99650145
0.88583636
0.31479096
0.016539723
0.9724238
0.9981086
0.9943012
0.9832494
0.99799335
0.9672076
0.8998783
0.95719695
0.080516554
0.18069597
0.9948436
0.99443215
0.9960686
0.41880202
0.9993333
0.99936134
0.9965771
0.74609107
0.9888904
0.8460588
0.99670815
0.9981298
0.9928023
0.9481354
0.9920993
0.052715078
0.7816302
0.052900583
0.994177
0.96905243
0.99516284
0.6624889
0.9986455
0.45808017
0.99739873
0.22864982
0.9787789
0.9952154
0.326627
0.994682
0.9764063
0.99823475
0.9633718
0.9964102
0.9888304
0.9874314
0.99694246
0.9972511
0.93727875
0.9839914
0.9990393
0.9989411
0.997399
0.9829596
0.03198672
0.9682156
0.9978861
0.99274594
0.9981996
0.98840106
0.9911101
0.993933
0.30540097
0.032108746
0.9902192
0.99857855
0.7038931
0.9785322
0.5393962
0.9975
0.9124375
0.97809875
0.9965777
0.34677255
0.014293633
0.9919093
0.99727744
0.9967552
0.9979845
0.99467516
0.99639904
0.13688862
0.9941665
0.9891622
0.981978
0.99746823
0.9990429
0.9999306
0.020043872
0.014328657
0.9813727
0.9986092
0.9753273
0.11900296
0.038694113
0.037122533
0.9959973
0.9903667
0.9959645
0.0018123621
0.9900671
0.9983918
0.9979882
0.9981969
0.9978656
0.9988967
0.99937063
0.9797498
0.124039195
0.9779344
0.9661686
0.010755585
0.99432397
0.9971945
0.98866194
0.99761486
0.39104092
0.9994966
0.021816693
0.99401504
0.023003086
0.11887459
0.060336098
0.6939144
0.99313545
0.9699019
0.27244934
0.32209855
0.9956969
0.6023066
0.9999082
0.99758875
0.024594162
0.7311997
0.03579212
0.8154919
0.990729
0.99596477
0.9969843
0.99809283
0.9624404
0.99858606
0.9616633
0.99860686
0.99908805
0.87975127
0.9968587
0.8328846
0.9751786
0.010525675
0.99956197
0.99382305
0.9982913
0.9965737
0.9972972
0.022054689
0.97338694
0.9937715
0.016337845
0.98933023
0.45261985
0.997127
0.9987012
0.5779997
0.99288356
0.5682782
0.6580182
0.99809545
0.9888304
0.9982572
0.9627534
0.99316347
0.99032265
0.99200296
0.990621
0.9878014
0.9329885
0.8045632
0.12465474
0.44900587
0.99850416
0.69062674
0.9186649
0.73208576
0.99072194
0.9390778
0.9969216
0.32950214
0.997216
0.9852782
0.9984503
0.9961843
0.9995505
0.99745077
0.8020978
0.5222899
0.1773177
0.9988354
0.9996177
0.11372319
0.99843985
0.9970272
0.03667041
0.9936366
0.9965743
0.99875605
0.9965078
0.91697556
0.99188954
0.9996213
0.07854806
0.84549874
0.7449138
0.99387956
0.028080827
0.8452009
0.99939144
0.99371356
0.9466959
0.09311009
0.9996934
0.9984353
0.99126387
0.99907756
0.9965364
0.99258316
0.98824817
0.9994647
0.9990042
0.9948137
0.99546033
0.9403396
0.2006328
0.009514825
0.054398783
0.9539373
0.9985977
0.9744514
0.99476975
0.9877713
0.22761053
0.023192517
0.021381287
0.99736446
0.9234472
0.03730389
0.99321896
0.60296595
0.943324
0.99740726
0.99760336
0.99354583
0.9168969
0.9946949
0.99350584
0.99617434
0.65953493
0.95612603
0.9964359
0.91297424
0.99340045
0.99563134
0.99665713
0.9804143
0.9980605
0.99588335
0.99881124
0.97505593
0.99194837
0.9966479
0.99296266
0.01825844
0.9971877
0.011714415
0.97716033
0.9989742
0.9862243
0.998283
0.074343316
0.9992423
0.9964083
0.97442424
0.9927226
0.99600595
0.99611217
0.93336254
0.95417744
0.9975249
0.9825388
0.99481297
0.9693951
0.9982735
0.99488455
0.995188
0.78568906
0.6648799
0.9742485
0.8366902
0.043607958
0.9935767
0.990763
0.97464097
0.99598336
0.99324167
0.9803162
0.9963541
0.99989176
0.9892035
0.9984053
0.9986419
0.9979426
0.9541999
0.98427606
0.9989637
0.9895549
0.07276814
0.99406886
0.007994708
0.9944946
0.98212284
0.99816364
0.9686102
0.012518786
0.8493034
0.7824187
0.99681216
0.999918
0.99318177
0.20259494
0.90622807
0.9973564
0.99446845
0.93246573
0.010940826
0.97653025
0.082487896
0.9708444
0.9755322
0.9120108
0.9995937
0.9927406
0.99681467
0.032320626
0.9914266
0.99338454
0.9562205
0.99719006
0.21046622
0.99761885
0.9963264
0.99737453
0.6862754
0.99513066
0.998998
0.9980868
0.9976972
0.9801414
0.9839544
0.99254906
0.9946042
0.009418776
0.9971386
0.97549033
0.9979019
0.99739873
0.9942338
0.99099004
0.7110791
0.9958966
0.96375465
0.028275281
0.99195343
0.99383295
0.9982497
0.19752543
0.9844609
0.99761945
0.9962059
0.15871732
0.99113584
0.99826056
0.9675974
0.99537235
0.35901394
0.07834407
0.99851495
0.9989158
0.16191156
0.99378705
0.75440276
0.9976163
0.97017
0.90881234
0.9958794
0.99799204
0.98983824
0.9996232
0.9903156
0.99980646
0.9975967
0.04236359
0.9847633
0.993778
0.9883664
0.088576816
0.80358434
0.99782556
0.9754857
0.9331732
0.017183842
0.99687237
0.9984232
0.9975078
0.8374939
0.14538507
0.67331445
0.9919159
0.99197406
0.93901616
0.9955467
0.01909954
0.103682555
0.93797827
0.9865818
0.8631456
0.059669014
0.979512
0.9930167
0.9959559
0.92039126
0.9965809
0.07594558
0.98400104
0.99084795
0.9778185
0.99782914
0.17378034
0.047226988
0.036567334
0.99984217
0.99775535
0.9860384
0.99677014
0.9988512
0.9921698
0.31403702
0.9944864
0.9994804
0.9994956
0.9984457
0.104552545
0.020418642
0.99625826
0.07228143
0.9945181
0.03020615
0.9940606
0.99915683
0.9964671
0.9893272
0.99982905
0.007441706
0.064664476
0.97967774
0.9930026
0.99481404
0.8134838
0.22398363
0.9201938
0.9928934
0.99738795
0.88827556
0.9941584
0.027372343
0.986089
0.99018914
0.99640816
0.62422067
0.022548988
0.9679556
0.9739199
0.6754493
0.99576193
0.99616385
0.99346715
0.98457474
0.9976802
0.96726424
0.98835665
0.9999037
0.99061334
0.99959964
0.991852
0.98860455
0.9989182
0.9897029
0.99238586
0.8957476
0.94283926
0.9952166
0.8435671
0.96199787
0.99629587
0.9948144
0.99676967
0.9917602
0.99699855
0.9964289
0.9870868
0.998992
0.99766797
0.9801194
0.99303824
0.040394798
0.982441
0.9884016
0.8985663
0.9999442
0.9709
0.99815315
0.99958926
0.55523646
0.0038995114
0.9950309
0.89722645
0.9120626
0.9898649
0.9897842
0.9874936
0.96734935
0.9842808
0.99827445
0.99465597
0.9893231
0.99877924
0.9578968
0.14006342
0.9917814
0.9612657
0.3058197
0.89663553
0.963938
0.99567324
0.9956638
0.9980398
0.99918944
0.98258865
0.99867564
0.11093432
0.56371033
0.964891
0.9938996
0.98637944
0.112866215
0.07870036
0.9917789
0.9987276
0.05797293
0.9686555
0.99849105
0.9971353
0.9705794
0.91054845
0.044878356
0.99893934
0.9978763
0.9945516
0.95476365
0.9909656
0.07072367
0.98997307
0.98942685
0.19705448
0.9978522
0.7635795
0.013574301
0.89134973
0.014934812
0.997044
0.96676254
0.96528494
0.9965796
0.99168116
0.9876423
0.9925012
0.013197318
0.9888603
0.47307178
0.99046993
0.9998375
0.99991393
0.019357039
0.9935108
0.994532
0.17694263
0.085924536
0.9880949
0.99948823
0.9475223
0.9917299
0.09994237
0.994779
0.9984295
0.15082008
0.1573949
0.99636674
0.0026748409
0.9974535
0.94284874
0.01724597
0.9658053
0.40859106
0.99851316
0.8664044
0.99024606
0.98196524
0.99793893
0.41325656
0.004208662
0.9935654
0.9992293
0.77454364
0.99848
0.8372222
0.99837494
0.9978296
0.99260616
0.9990044
0.8412147
0.9837531
0.9979184
0.93635064
0.9937257
0.99726653
0.9978714
0.99514943
0.99915135
0.9735286
0.99733704
0.99746776
0.8628812
0.9934589
0.015144506
0.7836153
0.99960583
0.95894945
0.9974636
0.25042424
0.1000943
0.99543685
0.9998222
0.9982175
0.99949944
0.9985134
0.99769753
0.99748045
0.9935088
0.99871075
0.352404
0.9714318
0.86745405
0.9787234
0.9742488
0.046067018
0.97406185
0.5610779
0.021475375
0.9176801
0.99574274
0.98682797
0.9749938
0.99316883
0.9989641
0.9914324
0.99688774
0.057286687
0.453742
0.9997813
0.7055073
0.996599
0.97913295
0.44628298
0.9773843
0.006359074
0.14582632
0.9968105
0.45395842
0.9982932
0.9778522
0.9983884
0.9818625
0.99512035
0.6504567
0.99595743
0.99413055
0.99525875
0.6036377
0.98966134
0.9901389
0.9955422
0.9993656
0.98317564
0.96201783
0.02233694
0.9990792
0.66999894
0.9971085
0.99859804
0.9953714
0.9951381
0.9977591
0.99517137
0.26698363
0.025771469
0.9995493
0.9940462
0.011097758
0.9945245
0.98994774
0.9980551
0.99532604
0.087825194
0.99918145
0.999263
0.8097165
0.14116699
0.9986217
0.9947561
0.997323
0.99667776
0.99766964
0.99386543
0.29228142
0.9926916
0.9965044
0.64420325
0.9996414
0.7950318
0.984877
0.7855818
0.98486567
0.9972658
0.9390681
0.9902076
0.9609195
0.9945102
0.9878155
0.99974865
0.9923786
0.98340964
0.62224585
0.5605925
0.9986259
0.9975381
0.05685573
0.9960018
0.033425756
0.99343663
0.013225697
0.993893
0.019879311
0.995771
0.9962676
0.9989021
0.9964169
0.9844333
0.9977596
0.027395044
0.9800238
0.9373132
0.99969184
0.99826604
0.9774259
0.99880004
0.85229546
0.98775244
0.9721556
0.98327166
0.9904593
0.91846186
0.99739873
0.99852115
0.9902748
0.99840945
0.99927753
0.9953501
0.9597516
0.9983084
0.9813338
0.97844553
0.14454865
0.99408686
0.6842004
0.9937651
0.9940258
0.99513775
0.99929583
0.9739525
0.9972222
0.8273927
0.96542484
0.9762616
0.99879503
0.9976301
0.011157236
0.99815434
0.99977213
0.9748541
0.99571383
0.99535733
0.99893373
0.098296285
0.018122492
0.99375844
0.9977435
0.9848477
0.021513917
0.995464
0.99623483
0.9838172
0.99821657
0.99654824
0.9915686
0.9989944
0.97354424
0.9975122
0.9734346
0.81558704
0.99296874
0.9986112
0.9967133
0.82897574
0.9947202
0.99904686
0.023848595
0.89244145
0.034820765
0.99270016
0.975598
0.70280534
0.9942649
0.99821657
0.99961567
0.99961984
0.9962644
0.13056798
0.9960227
0.018879427
0.9945785
0.9955207
0.96040606
0.9484558
0.9576887
0.8714239
0.99654937
0.9925478
0.96725714
0.9244524
0.99574137
0.995673
0.9991897
0.9726695
0.9846636
0.9997938
0.9927579
0.043012124
0.9985209
0.9981958
0.9908178
0.032110155
0.032385357
0.9487029
0.9971379
0.9988826
0.9997894
0.96699154
0.032254178
0.96980613
0.9953193
0.9884255
0.21717757
0.9910487
0.016027479
0.96482563
0.026042493
0.9496454
0.03286083
0.9995758
0.9886981
0.9935183
0.9987992
0.9952135
0.9948902
0.6883357
0.6532184
0.21073233
0.9622804
0.6854772
0.91482115
0.99435556
0.99550545
0.92302966
0.041234467
0.83638954
0.99808997
0.7630438
0.96298635
0.24944304
0.008561977
0.16272224
0.9788007
0.8757625
0.9935395
0.99865484
0.9955342
0.9967981
0.99489033
0.2235313
0.99709725
0.24994715
0.96349937
0.99815863
0.027001502
0.9870624
0.025413414
0.012905206
0.44961613
0.9976427
0.9998072
0.9703947
0.952543
0.19638006
0.99596465
0.99003065
0.042795192
0.046476785
0.010313764
0.9991856
0.99494076
0.015491053
0.9985909
0.99913245
0.7180258
0.97914094
0.99992
0.9998442
0.0938441
0.99793303
0.9969433
0.98424613
0.98214966
0.4993357
0.9988287
0.04960985
0.011666177
0.9857194
0.7803195
0.9979249
0.9814917
0.99351466
0.99280715
0.9892151
0.9969408
0.9884515
0.98707426
0.98473203
0.6433945
0.9969041
0.9975158
0.99808335
0.005476495
0.9976623
0.99762964
0.3685822
0.99828315
0.99698776
0.98701406
0.9982811
0.98578924
0.99331
0.9941129
0.9588223
0.99402
0.9686724
0.99795246
0.98227596
0.11160798
0.98732114
0.48605418
0.9972235
0.99821836
0.99173343
0.9814167
0.99903536
0.994011
0.99436706
0.4538949
0.9976145
0.94811845
0.97929937
0.028188463
0.9968892
0.93225336
0.07587983
0.95855063
0.9959567
0.9817156
0.94617724
0.99991906
0.9947524
0.980558
0.99875295
0.9928268
0.9979938
0.9890065
0.9842641
0.9985683
0.716193
0.99107224
0.9976433
0.5747912
0.9996352
0.97979754
0.99987125
0.99881953
0.99669087
0.17394654
0.9938519
0.9960537
0.99335784
0.998216
0.9950872
0.1776679
0.011397066
0.9772981
0.99793774
0.01571007
0.99786866
0.99855727
0.41798368
0.9980229
0.032421496
0.8051619
0.9950701
0.99386084
0.9809651
0.9991258
0.0087854145
0.6598267
0.99821043
0.9893216
0.9965076
0.03337031
0.986592
0.95121217
0.95498824
0.04965805
0.99735546
0.99627656
0.015242388
0.98376435
0.9997323
0.992284
0.99000615
0.0183541
0.009896181
0.85052466
0.9940643
0.9981823
0.07152352
0.991039
0.9957118
0.99189514
0.4179575
0.021539936
0.994783
0.99550855
0.9767247
0.9921806
0.028076297
0.99790883
0.013974811
0.9956298
0.99762493
0.9901591
0.8632687
0.99456996
0.99708384
0.9352623
0.98082626
0.99812025
0.99311185
0.9987808
0.9960621
0.98251843
0.995372
0.999806
0.9918321
0.32946888
0.99861383
0.99556017
0.10543473
0.992309
0.89331037
0.994831
0.9165099
0.9903426
0.9920196
0.9960641
0.037136663
0.99761945
0.9975043
0.99582076
0.12377836
0.9865795
0.9915326
0.6537256
0.9974674
0.9951432
0.9985153
0.519789
0.98750335
0.99690175
0.6494618
0.9788047
0.6611936
0.9957671
0.97752064
0.99705017
0.9920557
0.99426794
0.99670047
0.7725156
0.9976611
0.9868701
0.30731353
0.9723044
0.9999212
0.8810001
0.041678894
0.84386533
0.9752122
0.011621935
0.9969897
0.009989855
0.66193354
0.9979109
0.9961766
0.9641175
0.97331095
0.98227525
0.99848336
0.9985411
0.7695484
0.9859411
0.98860174
0.09871507
0.5577766
0.9973896
0.99929976
0.9997136
0.915563
0.7797994
0.9962047
0.9898351
0.9972549
0.9862087
0.036343686
0.9962488
0.9741398
0.9966762
0.90819275
0.010935176
0.9967753
0.34003317
0.997241
0.9983789
0.99792767
0.9998141
0.997707
0.9392476
0.99847597
0.9945873
0.009573894
0.99848086
0.9999305
0.99474734
0.99459815
0.99456644
0.99387723
0.99982834
0.59427005
0.99872726
0.99379575
0.9986046
0.99567384
0.98106945
0.9909679
0.025496447
0.99690264
0.9856
0.97665185
0.9973176
0.99774456
0.97975475
0.35695124
0.98953956
0.9985689
0.23518015
0.9964096
0.99720806
0.9983992
0.98326117
0.9814074
0.14839697
0.97103983
0.9741054
0.99982893
0.991531
0.9976283
0.42473054
0.11594929
0.53615
0.5909136
0.9971449
0.41350234
0.9930577
0.035188586
0.98790157
0.99816495
0.04129051
0.9916391
0.99900997
0.9971008
0.078358464
0.0142259225
0.9750523
0.06790754
0.9858085
0.9746651
0.98551834
0.99983835
0.9541153
0.9981431
0.90954083
0.97884434
0.99943
0.9963044
0.9959214
0.99003977
0.98315144
0.9973876
0.9999037
0.99303895
0.9924568
0.008096192
0.9909151
0.99733055
0.16925879
0.8757493
0.009270865
0.90055
0.99441874
0.78492737
0.7918006
0.99528116
0.9990314
0.99813336
0.99821967
0.81947553
0.09434766
0.99914694
0.9097541
0.20203368
0.999073
0.9951493
0.99869764
0.922378
0.99365544
0.99597126
0.024098374
0.08208406
0.99627894
0.9856221
0.9997962
0.9987723
0.8670578
0.9991148
0.99390924
0.9962643
0.99954706
0.9966832
0.94536924
0.9570311
0.9995074
0.9643168
0.9868401
0.7293968
0.99755245
0.014969618
0.8535837
0.997806
0.99828786
0.99636465
0.083329886
0.9880882
0.74712694
0.01575061
0.98436826
0.99675316
0.9972934
0.0436434
0.9975975
0.90826917
0.99966395
0.9977823
0.99846065
0.99533916
0.99463034
0.033288065
0.9983866
0.5912487
0.98742783
0.96698314
0.9926259
0.9967649
0.044584412
0.9968997
0.020951282
0.5586949
0.0071032387
0.017647356
0.46302518
0.9979551
0.13549817
0.99723357
0.98331577
0.88820994
0.9836315
0.9955199
0.23564617
0.98888993
0.044685677
0.9985863
0.9483098
0.9823742
0.57207525
0.06208679
0.27766278
0.9997985
0.9913157
0.046184402
0.24639417
0.014317503
0.9997383
0.9988219
0.9996686
0.7612942
0.0081132315
0.9659001
0.9974595
0.84719867
0.99066097
0.9985469
0.89717674
0.9995018
0.9762439
0.017939685
0.6861877
0.1844805
0.6341312
0.9977736
0.9603404
0.9959824
0.9999335
0.95910645
0.99223846
0.5506662
0.009608608
0.7627057
0.99247897
0.99864537
0.9999608
0.99592894
0.99542964
0.99202615
0.9691687
0.99902165
0.91861856
0.9997317
0.9932433
0.9923419
0.99690825
0.93100226
0.9581693
0.9990551
0.9965263
0.9776595
0.9997141
0.9812624
0.99804914
0.018315332
0.43609783
0.99470115
0.9952427
0.98857623
0.9918224
0.99367875
0.97209466
0.99796826
0.9978423
0.99931514
0.9456107
0.87393594
0.998749
0.94219416
0.99760675
0.803154
0.9985257
0.92479914
0.82631874
0.9982468
0.14677486
0.99793386
0.98718494
0.98639244
0.99898
0.9905426
0.99296075
0.9953819
0.7178158
0.31108284
0.8976163
0.123512626
0.99193466
0.99214363
0.9984158
0.98081434
0.9978375
0.99972254
0.99724376
0.9974082
0.9976974
0.9577504
0.98394775
0.9947174
0.850845
0.99425334
0.9956801
0.9786497
0.99745136
0.05157871
0.073539816
0.99532795
0.99658304
0.9937244
0.09795981
0.9969837
0.9975593
0.99686605
0.99597627
0.99407697
0.9963654
0.9972229
0.977675
0.99430096
0.995095
0.7693035
0.99752444
0.99780613
0.23645993
0.9917436
0.996887
0.63509524
0.9927384
0.9931378
0.9967167
0.9832918
0.9730821
0.9925211
0.9949374
0.83711493
0.99762124
0.9960311
0.9987445
0.9786605
0.982967
0.93294287
0.05211504
0.99834585
0.02046711
0.05637358
0.981952
0.031482864
0.9978098
0.9930782
0.18123941
0.95976543
0.6715589
0.88723236
0.99680954
0.18525752
0.006294765
0.8088938
0.9256428
0.70426595
0.90965784
0.9639594
0.040885452
0.99505603
0.97646457
0.99632555
0.9987219
0.009298883
0.99659204
0.99672276
0.9887976
0.04426935
0.9940101
0.92638606
0.6638166
0.046506282
0.021025792
0.9956304
0.9603005
0.9986356
0.89680356
0.9980869
0.99846774
0.996662
0.9922863
0.9340165
0.08544026
0.99459296
0.03581479
0.7921891
0.6198193
0.99748224
0.99506795
0.9855151
0.037226915
0.99821484
0.99783856
0.9762958
0.9907699
0.98483735
0.98347855
0.5509761
0.99684805
0.98592234
0.9925553
0.11117055
0.99962425
0.98726165
0.06390551
0.9860464
0.08075087
0.99981683
0.9938267
0.9991266
0.99756646
0.9972596
0.9980751
0.021652889
0.9987563
0.0061630663
0.97108036
0.98985684
0.9992893
0.016658407
0.90675163
0.9557707
0.076460436
0.9933641
0.99461865
0.025043577
0.0033967462
0.9945732
0.9900383
0.9951485
0.99727136
0.01045398
0.9981046
0.9196851
0.091438875
0.98881674
0.21278971
0.025506409
0.99975115
0.008168378
0.99072295
0.9754743
0.992592
0.9969522
0.9922077
0.99879575
0.38546893
0.37114063
0.9876699
0.96103495
0.26409748
0.59640235
0.97178036
0.2552725
0.9993518
0.9946228
0.986041
0.9826226
0.9921686
0.996698
0.96776754
0.99979144
0.93174857
0.993204
0.9974718
0.9868702
0.9048335
0.86759996
0.96625173
0.9997526
0.98917425
0.9918252
0.9952036
0.98888296
0.9988004
0.8786236
0.9941268
0.96149516
0.9987249
0.99355525
0.6773909
0.9987571
0.8766471
0.98424095
0.9737168
0.9989498
0.9996735
0.20500855
0.7359146
0.99870324
0.9996381
0.9974438
0.99983525
0.9841494
0.99543864
0.1857914
0.937698
0.9933414
0.9962352
0.9988066
0.9991721
0.02639026
0.9954353
0.925655
0.9688504
0.9980338
0.11325645
0.89551866
0.9905371
0.99785525
0.99906117
0.9867025
0.888458
0.9995491
0.13356343
0.9923664
0.99776447
0.9851024
0.6571918
0.9989141
0.9670863
0.99829394
0.99784994
0.9976387
0.9829297
0.948065
0.9911315
0.99485564
0.8941532
0.9954164
0.74686426
0.9988631
0.9242697
0.8743315
0.97352487
0.987833
0.8077697
0.98864007
0.9880377
0.99342763
0.9998362
0.98802364
0.049365513
0.99741757
0.9471138
0.9990565
0.9935376
0.99349207
0.9978968
0.99738604
0.98837566
0.63926405
0.9987907
0.9855723
0.99913484
0.9916425
0.50229174
0.9998838
0.9932755
0.97559184
0.7593499
0.8819288
0.99629444
0.98711604
0.999286
0.9990694
0.9976151
0.49879235
0.14129713
0.9999094
0.83505094
0.009331967
0.9961325
0.997546
0.9946253
0.97427225
0.99942684
0.9859936
0.99552876
0.9945251
0.3167725
0.99786985
0.99258
0.99872535
0.10361261
0.9916786
0.92566353
0.32971063
0.8900012
0.16562961
0.9973527
0.72426087
0.4695053
0.9912362
0.99127465
0.8521143
0.9928226
0.99420834
0.7435135
0.98056054
0.9983078
0.9777069
0.99445134
0.14176796
0.9945914
0.99271095
0.5643552
0.95858437
0.9566171
0.985905
0.99966216
0.9916443
0.99862957
0.99465454
0.9977228
0.9052199
0.99871004
0.9979917
0.99505675
0.8665689
0.9866824
0.99533516
0.99867415
0.9951929
0.6464043
0.9903026
0.9977187
0.051259603
0.9967745
0.99768984
0.9952434
0.97948956
0.079264596
0.023253342
0.99770004
0.99566466
0.99640083
0.9716557
0.9998721
0.91540664
0.99643505
0.99814117
0.99851197
0.9785346
0.018867431
0.030882852
0.99864954
0.88804555
0.0077379798
0.9903064
0.9994729
0.99887997
0.9932411
0.98928785
0.9981744
0.9981633
0.9994923
0.5285216
0.8926733
0.9961253
0.95933616
0.9928717
0.99290997
0.17485261
0.009142279
0.99790597
0.9971591
0.996847
0.961695
0.9965353
0.99518114
0.879483
0.9987637
0.9980719
0.010878956
0.03204667
0.99905354
0.9980254
0.99136907
0.9996105
0.9948608
0.9993855
0.99962056
0.99432063
0.9955509
0.9950949
0.9978542
0.99236673
0.99069947
0.04556431
0.99657625
0.9862844
0.946544
0.03874924
0.98993343
0.030161608
0.98957086
0.9974469
0.95856005
0.9935549
0.012455172
0.99828243
0.8077571
0.77172405
0.9899238
0.60243624
0.9676536
0.9988078
0.9987393
0.9901832
0.98409873
0.9856009
0.99527186
0.998386
0.99308527
0.11222391
0.72817403
0.9958397
0.9952277
0.76408136
0.3205581
0.94587296
0.99275404
0.9251359
0.99808574
0.99736196
0.9986688
0.98179066
0.99282724
0.9996289
0.99460196
0.009708747
0.9991295
0.9686169
0.8848913
0.9987943
0.77974576
0.9986298
0.013245631
0.047099113
0.9495767
0.9688297
0.9987889
0.03920848
0.87151796
0.8662169
0.9976432
0.9998153
0.04663503
0.9994405
0.9858477
0.38716665
0.98800176
0.44688672
0.99447757
0.9980666
0.93740034
0.98096853
0.98244196
0.99454147
0.98310447
0.06282615
0.9995443
0.23594104
0.035214942
0.99102974
0.9989736
0.98655707
0.9928659
0.93302494
0.9984308
0.0589925
0.044143505
0.9625446
0.89337915
0.005458265
0.072764404
0.50179684
0.98697776
0.9953324
0.9980014
0.99964225
0.9752864
0.99804807
0.99400336
0.978001
0.9962147
0.8567124
0.05313657
0.6368783
0.99606615
0.99622077
0.5527445
0.9979081
0.9931218
0.021715894
0.003481331
0.99984825
0.9616153
0.99643433
0.9950245
0.997561
0.11536845
0.9974486
0.99621385
0.99671775
0.9883211
0.9945773
0.99273807
0.99977297
0.9976803
0.33295867
0.99947685
0.9955882
0.99764687
0.9969522
0.9740548
0.8295573
0.9965018
0.9984352
0.99044716
0.012238588
0.9311453
0.9963701
0.9666399
0.99543816
0.99910563
0.41387674
0.9977387
0.97016776
0.99731284
0.9932702
0.990103
0.9683436
0.42232051
0.9953053
0.9942281
0.9944172
0.9977629
0.9950865
0.99150145
0.9972179
0.9961282
0.9928665
0.99807405
0.25653622
0.99394083
0.090461954
0.9029968
0.047649406
0.9051596
0.01569751
0.9626777
0.9975465
0.99443096
0.9995053
0.98127866
0.7820861
0.010282224
0.95881313
0.99595404
0.99454015
0.98118573
0.9974388
0.9905317
0.85710603
0.99996674
0.99973565
0.9981279
0.9877873
0.91249347
0.9286584
0.9610218
0.9942087
0.9935696
0.9812547
0.9662654
0.9955466
0.42554048
0.9960341
0.99982774
0.9963548
0.008988508
0.99740136
0.024071958
0.9944798
0.7581777
0.9994072
0.99882215
0.999257
0.99886227
0.023134265
0.98545897
0.9914404
0.97683436
0.995073
0.9795806
0.985151
0.0092558805
0.999627
0.9975103
0.019369738
0.9991035
0.95200217
0.88332796
0.9817893
0.66814137
0.9953719
0.98368007
0.9185647
0.99803144
0.9954834
0.9909663
0.9444367
0.9911891
0.012297716
0.4009939
0.98806053
0.9953874
0.99942493
0.9980427
0.0076827058
0.99573755
0.45882878
0.031820264
0.7631019
0.9956528
0.03717969
0.9986401
0.9081924
0.8891727
0.9977696
0.99013
0.9950054
0.9984799
0.85006285
0.978381
0.9984043
0.9977729
0.9997998
0.9945673
0.5170417
0.99746454
0.9954776
0.9970837
0.9975942
0.9924764
0.98998827
0.99987006
0.99430287
0.023001228
0.86002135
0.9907182
0.53803194
0.981441
0.6489008
0.5638112
0.9982035
0.97722125
0.25189173
0.9525075
0.9987564
0.77039135
0.99705875
0.5596501
0.98333734
0.9867936
0.9674692
0.9613701
0.10695242
0.9384321
0.9238787
0.6255114
0.99876887
0.99810743
0.9901371
0.9951073
0.9887599
0.99938416
0.99779785
0.99921656
0.9983535
0.9816218
0.9173423
0.99668807
0.9987179
0.9977794
0.05172371
0.61661583
0.99592626
0.97711325
0.9984629
0.99257165
0.99888307
0.9908392
0.9517536
0.98941845
0.9966832
0.9949392
0.9993445
0.99848396
0.09248481
0.99737763
0.9975873
0.8692587
0.9958974
0.9753255
0.9976827
0.011602616
0.95840657
0.12681532
0.99841666
0.9727271
0.87210065
0.999899
0.9947154
0.82978755
0.74890727
0.799621
0.69450545
0.97364193
0.015534865
0.44876304
0.031208012
0.9825601
0.98893553
0.9910465
0.99889237
0.9691395
0.99809295
0.99947006
0.9850299
0.98010236
0.9686544
0.91512024
0.9909574
0.9989317
0.99723226
0.9592602
0.996741
0.8887368
0.9939174
0.9903696
0.986021
0.99989426
0.99808973
0.79667103
0.026257854
0.8589106
0.99656564
0.52564806
0.0068605505
0.9947261
0.9267261
0.9989593
0.9989761
0.9944186
0.9959037
0.041454844
0.94068784
0.9583971
0.09479349
0.9554204
0.98808205
0.07621786
0.98585284
0.017456261
0.9984414
0.999198
0.99079883
0.5825303
0.98488784
0.92458296
0.9982753
0.9992268
0.8841714
0.9999162
0.94700146
0.9969175
0.9621734
0.7875487
0.98979414
0.9913936
0.99097085
0.9763441
0.44570214
0.99850696
0.99834824
0.99408615
0.7903645
0.9472576
0.99809986
0.9953075
0.99849784
0.6247845
0.037276015
0.9973701
0.98532397
0.340073
0.9675203
0.010289039
0.109026305
0.99586344
0.9980051
0.984089
0.9990331
0.9991799
0.99940765
0.99882394
0.9954495
0.9977864
0.9979836
0.9941744
0.99357706
0.96571624
0.9989754
0.09832319
0.9997073
0.7253779
0.9919749
0.48563263
0.99038094
0.98840886
0.9678789
0.93071926
0.9773895
0.997115
0.9947344
0.9967186
0.7142895
0.9983089
0.032083437
0.9899284
0.94785684
0.9974886
0.99312735
0.99732167
0.996666
0.99580485
0.99403846
0.99824774
0.8360435
0.98787105
0.9689661
0.4532508
0.9991103
0.998803
0.014356382
0.028376495
0.99908674
0.99361813
0.9982698
0.30973727
0.99750865
0.99929
0.99522394
0.99710053
0.011460145
0.9961462
0.9931899
0.9981287
0.962475
0.08296369
0.9970293
0.02152302
0.99270236
0.9759409
0.9957208
0.99815434
0.9956321
0.9965739
0.96482974
0.6082853
0.80848527
0.053569667
0.040306713
0.84561974
0.26200712
0.033782557
0.9992612
0.992101
0.5747528
0.9961682
0.99226284
0.99765366
0.97518265
0.13457955
0.8576795
0.9988533
0.99907875
0.9975262
0.99352276
0.14675613
0.9622742
0.99884063
0.043328773
0.9966503
0.76778936
0.06851059
0.030103924
0.9725662
0.8655971
0.47151965
0.9873749
0.99497813
0.57002753
0.9817369
0.05006201
0.7514267
0.9949621
0.99730337
0.77337897
0.9987116
0.98730785
0.99816775
0.6231037
0.99832517
0.99252445
0.0028887664
0.9935841
0.9694454
0.9956708
0.98572934
0.309926
0.9993381
0.9926407
0.30128944
0.9983997
0.8523479
0.9917835
0.9970673
0.9973635
0.98618084
0.9988839
0.9906747
0.08660138
0.99449074
0.71721125
0.74398
0.97091717
0.2254454
0.022687156
0.9795614
0.04150532
0.12741984
0.9817238
0.9985814
0.99798167
0.9959013
0.9614479
0.987525
0.9953572
0.9952857
0.9853415
0.94320065
0.9969073
0.95750684
0.34207365
0.34293038
0.06887927
0.9255947
0.63530076
0.9510705
0.9942725
0.91638833
0.99713707
0.09157318
0.9899419
0.97970927
0.57503146
0.9986381
0.9985461
0.9949706
0.98979294
0.9977398
0.8948657
0.9765228
0.9981925
0.99552983
0.99834704
0.999587
0.9989549
0.99665475
0.9827543
0.9987974
0.024870304
0.99648947
0.9961748
0.99854255
0.8479191
0.9948144
0.97840583
0.9976018
0.08663764
0.9994313
0.9947292
0.9998574
0.0187738
0.99749076
0.9760059
0.9961928
0.9845521
0.99956876
0.5268547
0.98942053
0.98178667
0.16715994
0.9987993
0.012391579
0.99726546
0.6388191
0.88818884
0.4971595
0.9527359
0.9954502
0.99871016
0.9997452
0.79014754
0.21423711
0.9661356
0.9706226
0.94959444
0.9947924
0.8614943
0.02889852
0.04043872
0.9937032
0.9284481
0.9884809
0.42037907
0.986358
0.99379313
0.99127793
0.99550664
0.52716994
0.9982931
0.9518816
0.10225307
0.9838494
0.99906844
0.9896459
0.9976472
0.96816134
0.9921537
0.030583855
0.95519406
0.9444435
0.9990276
0.999516
0.9905309
0.36008883
0.97226644
0.9957289
0.98763055
0.9948494
0.998367
0.89222944
0.1320595
0.9950176
0.99391633
0.99579597
0.9939832
0.9955082
0.9932795
0.9975573
0.7787656
0.40116242
0.9816311
0.7031871
0.99401975
0.9948513
0.9862618
0.9517833
0.6582368
0.9940772
0.9725576
0.9822885
0.98572034
0.98140645
0.99446917
0.99631786
0.9984836
0.999798
0.996033
0.035547275
0.9975701
0.0084674535
0.91448927
0.9984819
0.025286948
0.99700445
0.41948724
0.9949957
0.024877697
0.9981217
0.9977664
0.9964468
0.9976095
0.9649926
0.9218873
0.98747987
0.9985526
0.99532
0.99482876
0.88724166
0.98362863
0.99805105
0.9992111
0.9976592
0.9872069
0.9957153
0.99755967
0.6114138
0.9760332
0.9988152
0.99963987
0.98977685
0.9965437
0.011670812
0.9856117
0.009670289
0.93920666
0.995385
0.8710976
0.11847369
0.99005145
0.949664
0.9828166
0.99803513
0.9997397
0.9960007
0.7621592
0.99821424
0.027586784
0.9942331
0.9992243
0.7088291
0.9972385
0.99355704
0.9977519
0.1317608
0.99883074
0.99437875
0.9979176
0.9834274
0.99889815
0.9928986
0.99619836
0.97065395
0.99148726
0.9996302
0.9661254
0.9933187
0.9921239
0.9949858
0.99820983
0.9963091
0.38082564
0.9858474
0.042572536
0.7271339
0.028071243
0.9968449
0.84663564
0.0074141477
0.99900097
0.99389476
0.14739464
0.9953113
0.9947432
0.9982357
0.8756849
0.99667394
0.012562973
0.23699051
0.9983943
0.72009385
0.9947172
0.97897106
0.9717076
0.9840794
0.99501747
0.9951891
0.99256027
0.045648184
0.3008858
0.9949679
0.99575174
0.62022877
0.9989409
0.9966535
0.9983327
0.1355281
0.018894607
0.9956684
0.9507236
0.97661453
0.9960849
0.9713827
0.070823655
0.9996363
0.011187268
0.99390703
0.995619
0.96497834
0.9820878
0.9998994
0.0058899624
0.9876481
0.9948649
0.97374165
0.9973775
0.83034354
0.8893846
0.99541926
0.1382039
0.10122615
0.97237056
0.9752186
0.99370617
0.13945742
0.41326123
0.011687869
0.9866324
0.99860436
0.95780003
0.9985795
0.9784201
0.1606784
0.59104747
0.9216922
0.9085511
0.02367089
0.21525796
0.19011241
0.9994386
0.7008436
0.03590388
0.3265548
0.99787414
0.9985071
0.9802443
0.8627407
0.9913668
0.10362158
0.07855363
0.021958722
0.8050476
0.9921302
0.99992025
0.9932372
0.99772185
0.9603603
0.9923183
0.97574914
0.87579274
0.89811933
0.7498217
0.9980565
0.9828029
0.96057135
0.99428684
0.9943697
0.8746142
0.9991239
0.988502
0.09685735
0.9937826
0.8602421
0.99510854
0.020830277
0.99472296
0.97511965
0.30306327
0.9966851
0.018025858
0.089220345
0.020869328
0.9950736
0.99265116
0.99575114
0.99632025
0.9974716
0.043227073
0.28413817
0.9880939
0.9446618
0.9882434
0.03334499
0.99292094
0.9898488
0.99684757
0.45993948
0.9861361
0.77709436
0.00890826
0.9966935
0.99617803
0.9974974
0.6219963
0.9962316
0.99214774
0.99650455
0.99418527
0.98175526
0.9948394
0.8820662
0.9845121
0.9984761
0.9946778
0.11795866
0.994472
0.9935134
0.6976876
0.99489427
0.9961914
0.011222676
0.9973658
0.026813699
0.98724747
0.99677783
0.99196666
0.029503122
0.9957321
0.9998623
0.9956138
0.31304738
0.48580056
0.13601124
0.9998964
0.9921293
0.96377635
0.9754515
0.9968982
0.76264316
0.011940018
0.9972153
0.043122683
0.9352839
0.13810971
0.99268216
0.8805306
0.9975842
0.09362179
0.9989767
0.98628104
0.5509305
0.98389554
0.06206046
0.99857676
0.99302906
0.99672616
0.017097486
0.996534
0.928221
0.9995552
0.9880591
0.908568
0.7750142
0.99747974
0.9995813
0.9727226
0.99782157
0.9914163
0.84759116
0.9949083
0.9699655
0.994027
0.99642724
0.7731912
0.9955954
0.982326
0.9120774
0.99724257
0.99830014
0.9900531
0.9702828
0.99808717
0.19173883
0.9844164
0.9918365
0.024029234
0.5300845
0.01046278
0.9940832
0.99969506
0.022435592
0.97589535
0.99741143
0.98862153
0.4546612
0.9998301
0.9595769
0.16159354
0.9977373
0.99372995
0.9959347
0.9884475
0.99613035
0.988519
0.99892044
0.38087136
0.999777
0.99531674
0.946475
0.9960979
0.9814688
0.9998579
0.97821015
0.995285
0.119708754
0.9872844
0.9922414
0.9960961
0.99486864
0.044466276
0.6013514
0.9918988
0.30452517
0.029093398
0.7560891
0.98757774
0.99811065
0.9963941
0.02655002
0.9975418
0.69201267
0.9717159
0.039471723
0.9962244
0.99628335
0.9938601
0.9439634
0.58110607
0.961357
0.16984852
0.99099004
0.011013306
0.9955603
0.9942492
0.99380517
0.99790406
0.9960807
0.99312043
0.99643767
0.96805835
0.9964173
0.5647808
0.8853111
0.81429255
0.20842606
0.995423
0.8910653
0.038769472
0.94390136
0.9943071
0.93897194
0.999918
0.051819347
0.99808735
0.9945627
0.9967584
0.99585956
0.9676196
0.9925614
0.92025584
0.99674356
0.9899239
0.9984914
0.99962795
0.9969068
0.9947885
0.99724257
0.97984457
0.9908894
0.99767905
0.9941245
0.8107045
0.9843082
0.9570946
0.15376242
0.9953898
0.9996271
0.48528126
0.99791497
0.9854299
0.9737109
0.999228
0.9981072
0.9998399
0.9970945
0.9922397
0.9824411
0.97484595
0.63365525
0.99991846
0.9925006
0.7796789
0.897194
0.9976204
0.9968478
0.9996929
0.7759388
0.95892525
0.81011194
0.97471243
0.9973212
0.99339926
0.9913412
0.1939168
0.10192982
0.99565023
0.99599177
0.9807684
0.9925108
0.99694484
0.7510355
0.99545515
0.9926272
0.68905854
0.9984577
0.99721175
0.9981918
0.95162773
0.9977386
0.9920695
0.9939944
0.9825864
0.048296485
0.99788505
0.074203536
0.99488974
0.58719635
0.99353397
0.9505705
0.02568485
0.9912772
0.9977684
0.96116436
0.9959831
0.9938455
0.9987589
0.9893366
0.9997017
0.99324447
0.58330345
0.9998029
0.998326
0.99277014
0.9471874
0.9994597
0.9929281
0.99661994
0.94339967
0.019555094
0.9964508
0.078422196
0.95173234
0.9907611
0.99831164
0.07435577
0.9978642
0.99663746
0.9989287
0.9959345
0.040916923
0.9982875
0.9976822
0.9921915
0.9930924
0.9963637
0.98645043
0.73474187
0.9998704
0.62807983
0.0140284365
0.9952081
0.9941269
0.9946256
0.99824154
0.008829986
0.9988961
0.9660403
0.9807216
0.9984712
0.009916844
0.99950075
0.035174254
0.9808897
0.9993327
0.993437
0.05807782
0.9983386
0.9877787
0.9940842
0.9942439
0.99939466
0.9973362
0.9838594
0.99542904
0.9800583
0.9450649
0.9988506
0.8495547
0.9996265
0.009159482
0.9724398
0.99684566
0.021228118
0.998125
0.99122214
0.9938506
0.9856823
0.99290574
0.64998657
0.99766004
0.9993487
0.97360003
0.996793
0.9983901
0.30351874
0.9918315
0.9937615
0.9933296
0.8670455
0.8847268
0.9836616
0.068178475
0.9944435
0.87418425
0.98067147
0.99662566
0.0692474
0.07364617
0.9479603
0.98558134
0.2713553
0.97371054
0.8598053
0.99081516
0.99989426
0.15311019
0.011497473
0.99172604
0.9887855
0.98485225
0.85386276
0.9974074
0.9953661
0.010416082
0.9811203
0.99965906
0.280668
0.9947802
0.9959138
0.017399665
0.9803044
0.9962763
0.9987766
0.81311184
0.99836856
0.0815952
0.9963433
0.99238586
0.99853826
0.9967487
0.058501102
0.9297262
0.97305954
0.9946313
0.87456745
0.9733705
0.9957832
0.9896987
0.9931519
0.91899747
0.9936697
0.058203813
0.99974686
0.98510945
0.99051696
0.98316425
0.99435896
0.99791247
0.88373584
0.0034113745
0.99985695
0.9976896
0.9951427
0.9988514
0.9959591
0.9987538
0.99413294
0.97515523
0.9985257
0.9965881
0.8785366
0.05131399
0.8885631
0.9997954
0.97893035
0.9988788
0.99044806
0.9851751
0.9369952
0.9827085
0.99217516
0.99433583
0.9981316
0.8533081
0.20620303
0.98870987
0.21553938
0.017611977
0.99310595
0.033165257
0.99989283
0.97466385
0.998075
0.5060067
0.9826722
0.9842711
0.050438568
0.9933531
0.9981505
0.99683565
0.086481035
0.39097682
0.9945918
0.99543375
0.43891093
0.7640152
0.98993534
0.9965383
0.9959657
0.8971234
0.99741155
0.916917
0.9941771
0.99753124
0.99506265
0.99322057
0.85294306
0.987225
0.67136365
0.9984939
0.22798793
0.04020837
0.13842787
0.99732876
0.5239394
0.99944013
0.99937797
0.71766007
0.99910945
0.9647415
0.9193613
0.9969304
0.99779093
0.9933821
0.9906218
0.9997826
0.6628479
0.9990771
0.01706959
0.9915502
0.999808
0.17739475
0.9989722
0.9396516
0.99244845
0.99856704
0.99647397
0.03845855
0.9931804
0.99588156
0.99477416
0.9281877
0.9983726
0.99796367
0.47706202
0.9965072
0.9944636
0.99679166
0.99563
0.99674964
0.63631606
0.32445
0.99819535
0.98328686
0.9766827
0.9963987
0.027495977
0.9965442
0.997497
0.98010296
0.9976821
0.018564614
0.9885146
0.070647426
0.9846112
0.9724063
0.99748224
0.07070111
0.9982451
0.99987924
0.996002
0.50631475
0.9867965
0.61178845
0.9986089
0.9712343
0.018976407
0.98848104
0.9851156
0.9814689
0.8664007
0.99192107
0.99460644
0.9928076
0.1448887
0.9714967
0.99538946
0.9715746
0.016210938
0.9613202
0.9740582
0.98686177
0.98716486
0.99156475
0.8916461
0.9973442
0.99862754
0.9971456
0.92705095
0.99521554
0.98932564
0.9257141
0.99529415
0.05409373
0.98965657
0.9972128
0.030349515
0.9782266
0.9943025
0.99857605
0.99026966
0.9842286
0.72791934
0.9336172
0.008516238
0.99103
0.6877715
0.9971194
0.9919648
0.9994072
0.99637836
0.3282926
0.99618995
0.9858336
0.9956391
0.98498523
0.99326974
0.97342765
0.9851457
0.9966456
0.82732326
0.9900029
0.9965719
0.100408815
0.99766374
0.9976694
0.98599815
0.994935
0.3062308
0.9936527
0.9816886
0.9988034
0.98057425
0.66054
0.5941299
0.9954965
0.9977812
0.011687561
0.987376
0.99776185
0.3014468
0.9823037
0.9961234
0.97240573
0.99908185
0.9927791
0.99591416
0.9676703
0.3545326
0.993975
0.99957913
0.99424756
0.9955722
0.9996834
0.9962142
0.0836592
0.87513477
0.9963415
0.99724364
0.99789065
0.95271903
0.9927342
0.020583464
0.9561693
0.99798054
0.9982285
0.9973067
0.9976701
0.09761379
0.9897619
0.98790085
0.9685868
0.9999261
0.9987884
0.83383
0.87340266
0.933341
0.9979236
0.9886275
0.39646265
0.99472815
0.010053327
0.022531847
0.99450004
0.16319543
0.9915978
0.9959115
0.9939241
0.99708
0.99780256
0.92410463
0.99779886
0.9991019
0.9851736
0.9942001
0.9985384
0.9948009
0.17280577
0.984537
0.9386458
0.9978339
0.15465482
0.9886513
0.99817455
0.9984296
0.99840456
0.99563855
0.9929114
0.9857643
0.9752921
0.99588495
0.98969436
0.9938286
0.56865966
0.4016753
0.9970919
0.05603028
0.98499924
0.41098845
0.99796426
0.99914324
0.78067493
0.9947731
0.98000985
0.88090247
0.9932393
0.99549305
0.004183376
0.9377349
0.9832682
0.9791368
0.9664649
0.9977487
0.98674715
0.72685385
0.9966756
0.9949772
0.92710364
0.98876
0.96478367
0.9938427
0.99646074
0.029512474
0.71320385
0.32959965
0.95908594
0.9887778
0.9475426
0.56112397
0.9962071
0.95920473
0.95795435
0.99994016
0.08545408
0.990622
0.9810853
0.99321884
0.041210674
0.9022285
0.045781814
0.96623504
0.9169128
0.97448754
0.9971004
0.99766207
0.9928576
0.99202406
0.48557425
0.99374264
0.9888743
0.9936731
0.9728396
0.972984
0.99769396
0.9946272
0.99666023
0.99935585
0.98378825
0.9981579
0.9956994
0.24432854
0.97485787
0.9966313
0.997914
0.9977932
0.61105907
0.9922327
0.015224259
0.98177576
0.9973658
0.9954288
0.9043447
0.98701024
0.87786853
0.99850684
0.011566493
0.21043603
0.08196
0.9982224
0.022742925
0.94028217
0.9996302
0.9711685
0.013261913
0.25219715
0.95884997
0.99670666
0.999876
0.014371437
0.99855405
0.9869724
0.6623188
0.029484881
0.9597331
0.98359424
0.9994868
0.99592847
0.16087757
0.7415529
0.98924935
0.99625766
0.9814913
0.84289277
0.9949787
0.97405934
0.38552594
0.99315345
0.8105857
0.99975663
0.9927475
0.99669313
0.30181497
0.99704486
0.1057093
0.9111676
0.014178484
0.9262008
0.98538405
0.9902851
0.7198494
0.99623764
0.98817635
0.02559834
0.99791723
0.9871247
0.035002988
0.9989975
0.99356765
0.84473294
0.99608815
0.99571556
0.9928464
0.99711883
0.9940989
0.99598926
0.99983025
0.9950805
0.9846031
0.9930843
0.9971493
0.9924035
0.9953967
0.99895406
0.9935069
0.98708993
0.8847036
0.9934303
0.9960783
0.76492256
0.2385757
0.02658356
0.99684227
0.98365873
0.9990037
0.99575776
0.9946955
0.9923448
0.9567476
0.07932888
0.9972379
0.9976464
0.99565756
0.99966145
0.9817747
0.9959408
0.9964831
0.5247483
0.9949214
0.34836313
0.88247925
0.9438629
0.08600156
0.99552023
0.996009
0.9938905
0.9041838
0.99751306
0.99667764
0.99620545
0.84418696
0.012934716
0.9978909
0.94048613
0.9242543
0.99424064
0.9807962
0.90038365
0.9902503
0.99835604
0.99866045
0.99989533
0.99692374
0.018751651
0.8062108
0.9959561
0.8653659
0.994894
0.99788755
0.9912879
0.023272391
0.98666894
0.8789613
0.042200506
0.998211
0.049198598
0.9910563
0.99705136
0.9755719
0.98979867
0.9968118
0.013067033
0.9984414
0.9235476
0.9998216
0.094708875
0.53175133
0.96228945
0.9973003
0.99663675
0.9941537
0.9962261
0.9849076
0.99942267
0.028343232
0.9943909
0.99449426
0.9958431
0.9969998
0.8513212
0.9972873
0.9987142
0.9623457
0.99816483
0.9976326
0.9949909
0.9909281
0.98431534
0.9631799
0.49553883
0.998061
0.99713826
0.05607919
0.9829291
0.14847499
0.9917319
0.99700004
0.9825798
0.99468684
0.9967795
0.9873927
0.98654395
0.3603587
0.97585654
0.9987663
0.99521
0.66347146
0.99358624
0.99849236
0.99854565
0.002779603
0.103867054
0.99687356
0.9969116
0.99181026
0.9969116
0.007333802
0.011471873
0.9846378
0.9961243
0.996055
0.01878078
0.011473171
0.8361134
0.9713689
0.95314693
0.97800946
0.9200639
0.61111695
0.97864896
0.9951509
0.9861022
0.9854976
0.7300037
0.8394598
0.9744553
0.8464673
0.99966526
0.99824905
0.9944529
0.9788518
0.99970704
0.98760116
0.9363792
0.054153882
0.9306
0.08428346
0.94807065
0.9994404
0.9158636
0.99423367
0.034384083
0.02444712
0.99494225
0.9980786
0.9918223
0.9252106
0.18567237
0.9861173
0.9989009
0.007102771
0.3824264
0.99969804
0.18854289
0.9976927
0.97759616
0.9872802
0.053698197
0.99416006
0.99690765
0.996971
0.9828104
0.014980653
0.976208
0.9982085
0.96043277
0.99874616
0.9949032
0.9985305
0.9951351
0.023623446
0.99920964
0.71581316
0.97822833
0.88171774
0.043148633
0.9918543
0.99173766
0.99165714
0.990829
0.99336916
0.9925991
0.9889684
0.042310532
0.9952673
0.98385596
0.9975032
0.015712807
0.0071016513
0.9960077
0.9993722
0.90922177
0.93822587
0.9849784
0.9996748
0.99919575
0.8186255
0.993196
0.9873046
0.9945802
0.8871344
0.99852556
0.98117745
0.99615556
0.74969167
0.9685514
0.9974662
0.99802077
0.99430084
0.87822485
0.9959059
0.9232374
0.99960023
0.17554976
0.9957962
0.97639287
0.9967295
0.9591327
0.9998611
0.990593
0.57767713
0.99837995
0.9995353
0.9816491
0.995707
0.9885057
0.048582107
0.99822456
0.943308
0.14083222
0.9855068
0.050649345
0.3635477
0.9987464
0.73815596
0.96892434
0.9989503
0.99853015
0.9982383
0.99410456
0.99177814
0.96742266
0.9959067
0.99778384
0.9982192
0.9946918
0.9940363
0.9969554
0.99429506
0.9540579
0.9938408
0.988191
0.022057924
0.9920603
0.87776554
0.7389909
0.9634999
0.9104527
0.9946542
0.8565843
0.73030025
0.99127054
0.99503386
0.99856645
0.99921525
0.75887793
0.99832624
0.9882228
0.0271309
0.996816
0.059995603
0.9877771
0.9968478
0.32603863
0.99417984
0.02096057
0.9551377
0.9953974
0.9990779
0.9979367
0.8022318
0.9974516
0.9981337
0.99901867
0.94297886
0.990473
0.98219645
0.8359139
0.9989951
0.99854845
0.9943634
0.5442741
0.9981298
0.998319
0.9940369
0.99523747
0.99301344
0.9898997
0.410306
0.9965275
0.9974261
0.9985952
0.99623907
0.9960406
0.99878067
0.99514514
0.9174171
0.9997745
0.7974304
0.9679043
0.021205893
0.9949765
0.9951024
0.98995423
0.9989303
0.36286122
0.9670863
0.99779725
0.99606043
0.9839864
0.9483432
0.95025116
0.9910783
0.99634796
0.98705405
0.9859384
0.99690634
0.98672694
0.96826136
0.996637
0.038531482
0.99044085
0.9994166
0.9698201
0.9904621
0.9920626
0.9721286
0.99973685
0.5187163
0.99580485
0.98990977
0.99762744
0.9955837
0.9879012
0.96740824
0.99834764
0.8320886
0.9966568
0.9721929
0.9984871
0.9720058
0.98164535
0.9904483
0.99814713
0.9993467
0.9998635
0.99730814
0.99317765
0.16082908
0.99738365
0.45099026
0.0038774037
0.5745109
0.99562955
0.99692446
0.98378456
0.99861467
0.98844075
0.93533856
0.9281942
0.9385052
0.99852127
0.997086
0.018503822
0.9772549
0.03503947
0.99105376
0.9983291
0.9974094
0.9948639
0.9989095
0.9452038
0.11139379
0.98954135
0.013054058
0.75611025
0.9457368
0.9974578
0.989207
0.01238694
0.9724057
0.9961777
0.9951578
0.21111073
0.3347982
0.99558747
0.9981342
0.052130003
0.81838644
0.9937756
0.9871265
0.062007684
0.9304236
0.9980288
0.9878592
0.3365041
0.99828905
0.9960305
0.021034656
0.938086
0.8748085
0.99698025
0.07602629
0.99233717
0.9969118
0.99473155
0.99804175
0.0133237615
0.9508597
0.9940149
0.99367166
0.92641854
0.99534106
0.933589
0.98922473
0.98321646
0.9951807
0.052158352
0.9975721
0.91192645
0.5794202
0.9184338
0.4226108
0.99827814
0.64375037
0.99695945
0.99309206
0.99884915
0.99846673
0.8264696
0.99857736
0.9975321
0.997879
0.94132465
0.9985428
0.9359647
0.953337
0.97442096
0.9907391
0.99961036
0.017157868
0.98039323
0.99342865
0.9981571
0.9986099
0.99621516
0.63808745
0.9820072
0.95542735
0.8226969
0.33507523
0.99499005
0.9905504
0.018714476
0.96365887
0.9985461
0.8396178
0.98098457
0.8922849
0.9965146
0.9987552
0.15509874
0.99814594
0.99622923
0.99653304
0.9907731
0.99931073
0.9080634
0.99684685
0.94978935
0.9947383
0.99343324
0.9794221
0.9988213
0.99151576
0.99675566
0.995001
0.9969367
0.907956
0.45544243
0.98755103
0.99622166
0.10343643
0.399942
0.97157866
0.038524505
0.9979286
0.97899866
0.9964477
0.018521106
0.98345333
0.99318105
0.99283934
0.88770527
0.8384915
0.9896487
0.99829227
0.9949478
0.8022064
0.9767411
0.025784792
0.99778676
0.79517907
0.9897244
0.99654657
0.1560109
0.9950824
0.9125669
0.9984451
0.3988723
0.019769749
0.9891398
0.020069318
0.9934436
0.99608165
0.9972844
0.98459727
0.9954454
0.9857471
0.96884984
0.68404925
0.996655
0.99160403
0.985209
0.9987086
0.9953402
0.98431087
0.9962238
0.9985623
0.99683017
0.0210259
0.99408203
0.9975304
0.9238013
0.99032193
0.9502306
0.9992478
0.9976956
0.9719383
0.9187436
0.9995384
0.4090984
0.6027366
0.99756527
0.98987514
0.99400675
0.9971385
0.9981791
0.9995621
0.36103383
0.9998683
0.046560895
0.962284
0.99579597
0.00472624
0.9965773
0.9842718
0.0034384076
0.9990797
0.99828714
0.99385166
0.92624897
0.4820885
0.11425518
0.005009564
0.012408495
0.96218204
0.9946392
0.038342364
0.98975605
0.99912363
0.9925721
0.998558
0.99480224
0.99990356
0.9966258
0.9914254
0.9977684
0.9922925
0.004138065
0.9936221
0.009109482
0.9861626
0.99827206
0.990031
0.99851865
0.9073354
0.9725333
0.8149341
0.99616647
0.9978908
0.99978954
0.9911082
0.9910959
0.13389628
0.9899663
0.9966911
0.91185915
0.04030707
0.9950605
0.99657804
0.99959296
0.9968712
0.86261743
0.897497
0.9435181
0.7983635
0.99716055
0.97687805
0.8753808
0.9979011
0.9936406
0.9988636
0.71814704
0.014733223
0.99788314
0.020768704
0.028266866
0.9139792
0.9998258
0.99932563
0.9858138
0.9942707
0.9872794
0.993648
0.99933475
0.9851923
0.9848726
0.97100496
0.9901534
0.0047536297
0.030443393
0.99829024
0.9897265
0.99085593
0.2969504
0.009924416
0.9983688
0.99587077
0.077566974
0.99943906
0.9553366
0.99410665
0.99975294
0.99761283
0.7338311
0.9953583
0.997086
0.9958033
0.99705505
0.9406436
0.008345564
0.9967583
0.30943325
0.9045193
0.99981326
0.012781105
0.9966054
0.9955161
0.99863845
0.9995628
0.9908682
0.9741349
0.9972945
0.99439913
0.99085087
0.8996962
0.9898982
0.98989314
0.99467385
0.044915818
0.9982008
0.99486405
0.9964551
0.9904889
0.73696697
0.9858868
0.77465004
0.9774491
0.9921083
0.9940859
0.9840477
0.020875018
0.9969602
0.99953794
0.9612624
0.9946979
0.15741958
0.9082686
0.9977422
0.99987054
0.9207766
0.82611746
0.03642978
0.99734265
0.11210434
0.9996018
0.99708205
0.7909621
0.99925286
0.9967949
0.99990714
0.99560463
0.3416833
0.99692386
0.01771707
0.17837712
0.06735261
0.9985152
0.9848289
0.99552506
0.9886778
0.51634854
0.013182442
0.029618086
0.9986546
0.99704677
0.98818177
0.98813695
0.9964394
0.79373944
0.069123514
0.04569225
0.99393517
0.9939639
0.99734867
0.9953975
0.98642415
0.9915251
0.99876
0.9524048
0.9961649
0.9987436
0.9992467
0.9943547
0.9935887
0.21307272
0.99074906
0.9266215
0.99987566
0.9802018
0.025623383
0.9952872
0.9959222
0.915521
0.029331775
0.9801941
0.99371487
0.9933161
0.9971117
0.920882
0.996976
0.9992489
0.56530184
0.9964768
0.9979315
0.11202872
0.99987245
0.4532991
0.9954574
0.8737151
0.99884665
0.05423866
0.07439474
0.037610326
0.989913
0.9953779
0.90855676
0.9961218
0.9916933
0.9153659
0.99871933
0.54711175
0.99867886
0.99735826
0.84248585
0.99612844
0.99549365
0.99283266
0.9988471
0.854096
0.92146844
0.99599
0.9989687
0.99420667
0.15530881
0.9958627
0.998689
0.9964238
0.8740118
0.008703671
0.996181
0.99966085
0.9914356
0.16936646
0.98604614
0.3135822
0.8949377
0.9931251
0.93721074
0.99910516
0.79630375
0.97277766
0.99972564
0.9919884
0.9918268
0.9996935
0.9890087
0.9503166
0.90144014
0.99824995
0.016185567
0.9959727
0.9524849
0.9539243
0.9958587
0.9984719
0.063768335
0.026171098
0.9896756
0.9828364
0.5802012
0.97473925
0.43923444
0.92668915
0.10028207
0.99238855
0.994965
0.99804354
0.31847984
0.99849474
0.99612266
0.049958
0.9959096
0.9994093
0.9968509
0.9969248
0.998892
0.9984837
0.9917169
0.04620307
0.99687225
0.12999539
0.9616884
0.6227789
0.9979849
0.015700333
0.9966329
0.99850804
0.009922904
0.9788149
0.99375254
0.98161846
0.98913014
0.99426854
0.99750143
0.029804075
0.9913475
0.9991974
0.22536574
0.99048704
0.99070144
0.008826263
0.99431926
0.14137943
0.32099736
0.042030457
0.43213093
0.99722856
0.9991786
0.13036074
0.83567137
0.4744166
0.9017784
0.84316635
0.97636217
0.9966529
0.1252652
0.9987379
0.98798454
0.99099964
0.9391278
0.99593985
0.9969103
0.9983479
0.019244341
0.017751724
0.9973333
0.9528399
0.9979442
0.0082066655
0.014554231
0.99528235
0.9975828
0.99724257
0.94400537
0.9881598
0.9941245
0.9987275
0.16480467
0.20441887
0.21746802
0.0053161345
0.96423596
0.99586594
0.99401987
0.8945912
0.99027133
0.9969875
0.9608202
0.94694364
0.99565494
0.99989545
0.9935195
0.99687046
0.8084735
0.9893679
0.7598318
0.96273416
0.87799627
0.047644194
0.9887977
0.9958395
0.9944272
0.020086955
0.99714655
0.99196386
0.9182059
0.99230003
0.3766362
0.9919161
0.9993986
0.9971426
0.8235007
0.9994981
0.029158868
0.9789265
0.9625931
0.992363
0.99678683
0.10019844
0.5932778
0.9897362
0.88177353
0.7392041
0.99682593
0.022437487
0.9993297
0.99759054
0.99201715
0.98354673
0.010087887
0.9967932
0.02874937
0.9362774
0.9978389
0.9943236
0.019962242
0.88559955
0.9998989
0.99532926
0.9976573
0.17166927
0.99939084
0.99469817
0.99874204
0.970951
0.9978235
0.9432133
0.98979574
0.99865144
0.9964928
0.9991696
0.99357164
0.9983444
0.8920241
0.9684724
0.04558176
0.9951687
0.99711776
0.13341218
0.98268676
0.9914004
0.9826003
0.066787444
0.9911675
0.07613291
0.99296075
0.06342297
0.014857729
0.9267653
0.99689
0.9989937
0.76891935
0.9889493
0.99951863
0.9999598
0.9966349
0.9965402
0.9937795
0.9975509
0.99178845
0.9698318
0.9951184
0.98390216
0.99947006
0.99568295
0.9965203
0.97377735
0.9903661
0.97746104
0.78298783
0.9894029
0.9821858
0.99831843
0.95697147
0.99345917
0.39454716
0.996451
0.9980982
0.9189292
0.018269379
0.7860609
0.99774396
0.9810554
0.99809414
0.9924522
0.9935823
0.9937582
0.3302325
0.9937914
0.99462354
0.9776993
0.99742836
0.9961063
0.11797402
0.98418695
0.08457959
0.99831843
0.99605834
0.9993025
0.98618466
0.8195663
0.99496835
0.43080017
0.24167158
0.9890127
0.918175
0.9967175
0.9824484
0.04540072
0.74425656
0.99685115
0.9914358
0.44441068
0.92473245
0.99483454
0.51320326
0.9969394
0.999863
0.98897004
0.062059283
0.9079521
0.8209839
0.99277765
0.99383485
0.9923552
0.99594826
0.3813715
0.05756466
0.9961157
0.012174494
0.9855908
0.99436826
0.9941666
0.9897947
0.9127098
0.03816126
0.9963167
0.99540603
0.9951079
0.9975188
0.98511827
0.9888615
0.98966277
0.997752
0.9892741
0.9983931
0.9876638
0.955389
0.79646933
0.9751583
0.9929091
0.7722503
0.97118866
0.9908584
0.7885715
0.997521
0.99305314
0.027786784
0.9914874
0.9968733
0.9594135
0.8551472
0.9799621
0.7659524
0.6957125
0.99336046
0.24866599
0.99700195
0.9382718
0.99541324
0.97613084
0.20460662
0.97318345
0.99601257
0.99830306
0.9998677
0.99797434
0.8894279
0.9997274
0.68269175
0.9298482
0.015943075
0.9954152
0.99969614
0.99696964
0.9989649
0.98499334
0.99832183
0.56543356
0.52989215
0.9995499
0.99760085
0.4657381
0.61045074
0.99507195
0.99921155
0.9642156
0.9926426
0.9950287
0.89258903
0.9966192
0.99392325
0.99455863
0.9857324
0.06302143
0.9967102
0.9954609
0.989581
0.9918737
0.99912006
0.0075514065
0.9984426
0.9930085
0.9598166
0.9983728
0.9898636
0.93317556
0.99265677
0.9966505
0.99234843
0.99917465
0.9872339
0.14842932
0.99732804
0.9999198
0.977135
0.9961145
0.88422334
0.9994758
0.22592379
0.99679047
0.99814785
0.025087025
0.9992718
0.8548891
0.9946407
0.101785414
0.9925615
0.60338193
0.9901391
0.9915935
0.95935076
0.078476734
0.9923923
0.9981306
0.59270746
0.011768711
0.997936
0.9832501
0.99326694
0.9987953
0.99535877
0.9811288
0.029856693
0.72357655
0.09372785
0.8161616
0.26695412
0.8637973
0.9900271
0.8946291
0.99392223
0.9967258
0.9916773
0.9941235
0.9976661
0.9972951
0.9999366
0.0060771103
0.9904924
0.81093717
0.96218866
0.015307425
0.99646866
0.99880517
0.63391745
0.01075422
0.9005184
0.9832666
0.06497799
0.009687452
0.97683275
0.9983492
0.8984843
0.99600166
0.9962968
0.9471535
0.9963761
0.99746037
0.17095987
0.9974698
0.078487374
0.9513111
0.9998753
0.9863312
0.0056166695
0.9999095
0.990099
0.92473114
0.99986887
0.9990313
0.9962703
0.965656
0.9971855
0.10053824
0.97520816
0.9842725
0.058739923
0.9957724
0.11702399
0.18641631
0.7888508
0.011143304
0.005875164
0.97393066
0.54707307
0.99576193
0.99273515
0.99340993
0.9999144
0.99861944
0.9818835
0.028905626
0.9701515
0.730342
0.96295357
0.99737716
0.9743937
0.89208364
0.87913215
0.08360888
0.9201919
0.9906833
0.9958621
0.99663264
0.683143
0.99559206
0.15485688
0.7411347
0.9981437
0.9977418
0.99731654
0.9996747
0.994819
0.99971706
0.9909519
0.99791783
0.9960771
0.99901927
0.993618
0.97684526
0.99790096
0.9997031
0.45479354
0.03867997
0.99133074
0.9919117
0.05736859
0.9976743
0.9844312
0.99354506
0.06079254
0.8079325
0.997214
0.9963993
0.09822871
0.01722711
0.992351
0.99742776
0.99637645
0.7873421
0.88236713
0.9991652
0.9802012
0.97486395
0.9980323
0.21685484
0.1330195
0.97502667
0.74036866
0.922242
0.99322
0.9877099
0.99286604
0.9648542
0.99668014
0.9888075
0.9999113
0.010878936
0.714456
0.9971181
0.99962306
0.9975528
0.019417055
0.99858415
0.97571325
0.99470514
0.9921078
0.013492131
0.97465795
0.99873525
0.97907126
0.99814045
0.031615853
0.9985441
0.99492055
0.99993706
0.99563855
0.9920889
0.008685169
0.99550205
0.9907712
0.9996908
0.99434435
0.06576875
0.042721495
0.9241753
0.06503021
0.9829501
0.06944397
0.9979747
0.29009455
0.99849594
0.9818595
0.034628075
0.99923944
0.9708575
0.9807601
0.99022347
0.9636044
0.990704
0.93902844
0.9608967
0.9988462
0.9462628
0.12190085
0.9901168
0.049837098
0.9577031
0.6504438
0.9895655
0.9500259
0.9981457
0.99211264
0.45039457
0.047323935
0.99319637
0.9940597
0.99747026
0.008534577
0.99255615
0.99659795
0.060228333
0.99182385
0.9989974
0.91180086
0.018323958
0.7817974
0.9943311
0.99298096
0.87318736
0.9998122
0.87389946
0.95671606
0.91552365
0.8438907
0.9727447
0.99320203
0.97417486
0.891303
0.98383486
0.9710488
0.9998198
0.97472703
0.9964259
0.9947412
0.99378103
0.99898773
0.9904857
0.029744353
0.99190813
0.017143318
0.99617624
0.10142052
0.99757534
0.98811907
0.99743325
0.99826306
0.015386573
0.9991204
0.7271657
0.99708825
0.96006674
0.57844543
0.99623305
0.73618495
0.04899285
0.9863213
0.60253537
0.99849224
0.53363657
0.96324104
0.98759425
0.027769405
0.99179924
0.828
0.025502633
0.68457365
0.99306947
0.98059744
0.9515428
0.99733907
0.9997682
0.9748257
0.9969428
0.9685999
0.99729127
0.99633104
0.008930612
0.99454224
0.98094153
0.05770966
0.9951519
0.43930882
0.024438763
0.124790095
0.05741406
0.73227096
0.93711686
0.9996024
0.9981907
0.9960467
0.99161303
0.9957015
0.23734167
0.9933431
0.99679357
0.9991115
0.9801727
0.9954275
0.9988574
0.9943137
0.991941
0.95251566
0.9918475
0.9882677
0.99397165
0.9987213
0.019657383
0.22469552
0.99516714
0.99112964
0.9918039
0.78435767
0.99559695
0.25925198
0.99521154
0.994705
0.005045567
0.9950867
0.9952923
0.9940183
0.980283
0.99964416
0.5201446
0.99290895
0.9754567
0.85361266
0.9949444
0.9988423
0.9930327
0.9927933
0.9803618
0.027959771
0.99847573
0.01110184
0.96510714
0.98994935
0.9962316
0.9923792
0.7369796
0.9977933
0.9985398
0.9333386
0.95062554
0.76375467
0.8374479
0.95190763
0.8164115
0.9926675
0.9715163
0.9994777
0.9963799
0.99835265
0.009349356
0.10003064
0.98516744
0.9094242
0.99360293
0.87253153
0.99846965
0.98695034
0.9952808
0.94964033
0.9978682
0.9747473
0.89053226
0.9969267
0.99392736
0.9933119
0.17791256
0.98648864
0.987939
0.6525776
0.98910284
0.2904438
0.9801365
0.00763755
0.029346406
0.9948394
0.99622357
0.9923408
0.99287826
0.015699632
0.97114885
0.91293764
0.9926317
0.99486476
0.988509
0.16451898
0.9934649
0.9806667
0.9501064
0.99507207
0.9805325
0.99391973
0.99054974
0.005805377
0.9938128
0.29511467
0.99710613
0.014350418
0.9957353
0.84242326
0.9915257
0.9954639
0.99956316
0.99336493
0.8219315
0.8790752
0.9899344
0.05844518
0.98557717
0.30416843
0.9763782
0.1656209
0.8480561
0.99854517
0.99708134
0.9984989
0.99881196
0.9992092
0.99717367
0.9989409
0.99994946
0.9920908
0.98142576
0.9979924
0.1322471
0.9993197
0.9921326
0.9961434
0.9818294
0.022158528
0.9990792
0.7772759
0.98955804
0.98984236
0.9792388
0.99760664
0.99108106
0.93745744
0.999186
0.98989105
0.6935135
0.9164063
0.9782111
0.06894875
0.9816004
0.9991242
0.8146259
0.4681063
0.7146997
0.99272645
0.980253
0.3261794
0.49881145
0.9987023
0.96642095
0.99496305
0.9969547
0.9861157
0.9847468
0.036156498
0.9982102
0.95926684
0.996906
0.99858713
0.95490277
0.043685332
0.008964304
0.9967859
0.03730128
0.99935657
0.99887174
0.8113033
0.99528235
0.96818596
0.96562076
0.9591803
0.99663675
0.99571675
0.999647
0.99560356
0.02945399
0.9973802
0.98017967
0.9979631
0.9964108
0.99872285
0.24695969
0.9961874
0.7268428
0.99818975
0.9936572
0.99808073
0.99931824
0.947599
0.013601898
0.9019968
0.99816614
0.015371468
0.9994174
0.9815532
0.986502
0.93383604
0.99714005
0.8911814
0.99762005
0.9995634
0.93586886
0.98282385
0.9927971
0.9987465
0.8291301
0.9994261
0.27234176
0.9973067
0.7864655
0.9994837
0.9926662
0.13546847
0.98874474
0.9565856
0.0068492736
0.99468404
0.90964836
0.9931676
0.9933695
0.9895083
0.9986105
0.99371696
0.011935918
0.034699373
0.99176663
0.64401716
0.97790146
0.99514306
0.99767226
0.013957258
0.69567317
0.012179966
0.9980521
0.99067724
0.9925258
0.99794775
0.78929067
0.02385638
0.98774475
0.2570755
0.106598556
0.9952905
0.9993849
0.9987207
0.965879
0.006551261
0.9952223
0.99908507
0.99684393
0.99652725
0.99793327
0.99709296
0.9941432
0.98720586
0.99364036
0.121375434
0.9843109
0.97385085
0.03486052
0.85921973
0.9888493
0.86174095
0.999298
0.99911636
0.99764
0.9997634
0.7524647
0.7647183
0.9962196
0.9967487
0.9929255
0.98801804
0.99810314
0.9724396
0.9993542
0.98149544
0.11132135
0.9963987
0.99814427
0.99460644
0.98556155
0.98786587
0.99624723
0.96758235
0.9965467
0.65981495
0.96889853
0.6363563
0.14118607
0.9769463
0.9971591
0.9973658
0.99952817
0.99946076
0.9842827
0.7934398
0.9833839
0.021176463
0.034802668
0.004544513
0.99608755
0.9954471
0.9939857
0.0742076
0.996443
0.99278355
0.99775344
0.9717177
0.1688006
0.9307654
0.6539174
0.99287295
0.9764826
0.9971558
0.9962941
0.99671006
0.9962075
0.45094457
0.99896
0.9954833
0.9987765
0.028273186
0.99070626
0.9976999
0.9981244
0.044616494
0.9992853
0.9995939
0.97775954
0.9956298
0.94202626
0.9962297
0.9710423
0.9999137
0.89095217
0.7357535
0.9803656
0.9984665
0.99004185
0.97388023
0.9248264
0.978917
0.9945334
0.9953076
0.8453037
0.046963476
0.9927341
0.9884837
0.05847811
0.904901
0.044939984
0.85271466
0.9947649
0.7243922
0.99488044
0.9869277
0.9540226
0.97414625
0.9911293
0.9331493
0.006515711
0.6241957
0.96031755
0.9954135
0.2618799
0.66638875
0.99238926
0.54956424
0.9450787
0.9976597
0.9991799
0.8884884
0.3961063
0.9816341
0.99320376
0.9851782
0.9981737
0.95300245
0.97333366
0.9985222
0.9991466
0.99784005
0.9571467
0.98414695
0.99079305
0.040039282
0.9538656
0.99519414
0.9860147
0.85095364
0.85815907
0.99852836
0.99760026
0.985781
0.9983656
0.10024625
0.93141794
0.9558407
0.9870662
0.9547539
0.72044003
0.98806053
0.7364943
0.9843761
0.76506996
0.64014083
0.999551
0.9871169
0.9934232
0.9764947
0.048403475
0.04790027
0.9962763
0.99796605
0.22300614
0.99823135
0.98385715
0.9934802
0.98161477
0.9930039
0.9984091
0.99628925
0.99533784
0.9934407
0.99096125
0.7037797
0.99698156
0.53423023
0.7568088
0.99672854
0.16837457
0.99809855
0.98416096
0.99471444
0.9906916
0.0056573865
0.21432976
0.018146357
0.6810487
0.99249566
0.99610704
0.9968527
0.9400243
0.9616208
0.906166
0.510018
0.99713206
0.8296599
0.5253554
0.94046646
0.9989976
0.99767214
0.9860264
0.9974716
0.95752025
0.019265726
0.55666006
0.22874981
0.9988611
0.9956748
0.86759263
0.98688334
0.92980707
0.98213184
0.9436357
0.9950228
0.99621165
0.99336374
0.9971488
0.998718
0.1594544
0.032463174
0.993916
0.8139507
0.9957598
0.9994192
0.99693346
0.039502796
0.9973961
0.99901915
0.99441814
0.9948054
0.54350406
0.99018705
0.012590852
0.9894884
0.030316217
0.9968438
0.9971788
0.051690597
0.92480046
0.3181203
0.2998896
0.9999256
0.9936028
0.99104214
0.054175466
0.023122462
0.993159
0.9982053
0.005799914
0.9950557
0.9907554
0.9960609
0.32227117
0.9901764
0.9985738
0.99890435
0.92573327
0.9880988
0.60646904
0.83037806
0.9862001
0.18487483
0.12116554
0.9955148
0.4230406
0.9994562
0.8480578
0.99942136
0.8097422
0.99972945
0.07052418
0.9946924
0.081394866
0.06858923
0.013968873
0.030275403
0.9718222
0.86032224
0.04556069
0.99989235
0.9948835
0.026101286
0.99545395
0.9934776
0.9965784
0.95160496
0.99954104
0.98016286
0.80380034
0.0063518677
0.98617923
0.98131883
0.9989801
0.99449253
0.9935155
0.9630083
0.9949758
0.99446565
0.9907476
0.99946254
0.99931824
0.9845242
0.99470854
0.60964054
0.99400073
0.9973863
0.87943476
0.09824296
0.008856672
0.9761505
0.9946794
0.97333795
0.04910443
0.8622082
0.97864234
0.10997539
0.99715173
0.05497897
0.9955603
0.9949858
0.9553159
0.99469477
0.97744924
0.98957014
0.019058887
0.99700814
0.7702656
0.6712951
0.9595657
0.99159265
0.99927443
0.99903274
0.9935481
0.01351922
0.9977501
0.9765156
0.9347155
0.035833023
0.9975182
0.71155953
0.9969522
0.9992606
0.997163
0.8583238
0.99196285
0.99751616
0.9953852
0.98005885
0.09886161
0.99868983
0.9879459
0.9982691
0.7911337
0.99039406
0.9999199
0.9882423
0.9945745
0.90017885
0.8754491
0.9974655
0.99810445
0.99987805
0.99641585
0.9901816
0.99640286
0.9980039
0.20160858
0.99559987
0.991488
0.99782723
0.83344096
0.9972485
0.85949767
0.9963356
0.99877566
0.9906116
0.9998814
0.7810212
0.9988513
0.96855795
0.959149
0.9966259
0.99771947
0.9916613
0.49713534
0.98282325
0.18614541
0.9956222
0.016430397
0.95640075
0.99883264
0.9247707
0.99323785
0.9990729
0.99583936
0.9935017
0.015246889
0.99438876
0.07606479
0.99799335
0.014476683
0.99734795
0.185795
0.8972867
0.89819837
0.9984238
0.99514776
0.99815935
0.9026159
0.996335
0.024451515
0.9980355
0.99932694
0.9990109
0.9993662
0.9977984
0.9985971
0.9990534
0.99528897
0.8283212
0.99919516
0.995424
0.9965965
0.99698204
0.99804556
0.9953967
0.99703157
0.99413353
0.9785023
0.9956903
0.023345131
0.12398071
0.9979559
0.9781163
0.9988701
0.99887055
0.03755138
0.9827718
0.9858235
0.9987613
0.9984674
0.9834804
0.98400277
0.99218994
0.8102663
0.28681955
0.9961442
0.9852261
0.9986777
0.877114
0.05476978
0.99215126
0.99392563
0.9907566
0.9963498
0.99839264
0.979124
0.88431513
0.99980944
0.99660975
0.9925016
0.99345016
0.9983851
0.2854883
0.9629695
0.051500138
0.97040784
0.041837793
0.67557013
0.9970612
0.99521434
0.8694408
0.99934334
0.98024094
0.9933293
0.994802
0.998317
0.99526155
0.29800123
0.99626935
0.60492253
0.9946069
0.9957118
0.9994492
0.8932497
0.9966343
0.99919444
0.9794447
0.9760138
0.051349424
0.9935256
0.96321625
0.9783157
0.996935
0.99185014
0.759453
0.9898991
0.9974226
0.9997392
0.6090537
0.7867889
0.9317851
0.99761224
0.99943167
0.97909933
0.9929905
0.99188644
0.8722541
0.9927763
0.9929598
0.9928825
0.9960722
0.012599001
0.97830075
0.031392463
0.9917891
0.99812466
0.9801277
0.54332304
0.994949
0.9938053
0.9919722
0.9532661
0.9959352
0.9960639
0.9956235
0.997789
0.40536427
0.99841297
0.06870252
0.99373007
0.9981025
0.99340606
0.956253
0.9863788
0.98792773
0.9974268
0.98887306
0.9949033
0.99241924
0.9924931
0.99715155
0.687997
0.9951632
0.99762267
0.9859283
0.67466074
0.9972727
0.9962565
0.33175272
0.013720913
0.9957302
0.994624
0.9988072
0.9984648
0.9991217
0.99799573
0.98987764
0.9952775
0.99348575
0.016363896
0.9954625
0.99791104
0.9984652
0.13395743
0.8797933
0.9998037
0.0068893894
0.8491556
0.99722326
0.9975545
0.9983165
0.9994892
0.7520306
0.9843491
0.9993063
0.037859835
0.9977869
0.99510705
0.89402217
0.83689266
0.9896819
0.9954667
0.99635434
0.9988753
0.7852014
0.99882346
0.989523
0.9898934
0.9674161
0.8345302
0.13799009
0.99664307
0.7544297
0.99972147
0.99949896
0.94768465
0.67134094
0.98943514
0.9675915
0.9874915
0.9984428
0.9808925
0.9881912
0.9948242
0.98857516
0.99449027
0.99672467
0.99782276
0.993751
0.26252168
0.04003112
0.95035684
0.11444672
0.9932842
0.008191248
0.77618796
0.99639195
0.9930006
0.999915
0.97867376
0.994528
0.987467
0.99156463
0.041022994
0.71584946
0.028896246
0.9870222
0.98950785
0.99548703
0.9943832
0.7344669
0.9920216
0.99677294
0.99879944
0.9961588
0.98054427
0.7283481
0.9987941
0.9921619
0.12000699
0.999912
0.9886911
0.9933422
0.99824893
0.9966043
0.114052676
0.99675995
0.99538064
0.99834013
0.99899703
0.011643414
0.03451917
0.9683981
0.98904127
0.99587363
0.99500704
0.9967609
0.012945168
0.014586862
0.9986778
0.9986312
0.9999325
0.6843685
0.9980661
0.9984627
0.021351479
0.98130083
0.98360544
0.99647325
0.9916087
0.014706176
0.99793756
0.9978963
0.035040945
0.9259401
0.99783
0.996139
0.96353346
0.9964232
0.99989045
0.99606436
0.99588734
0.41339654
0.9947838
0.99395716
0.8079715
0.99970007
0.99170107
0.9938846
0.9972983
0.7974708
0.96854234
0.98903847
0.96451247
0.9998919
0.99925154
0.94035757
0.9611827
0.040951807
0.9921137
0.9923064
0.9847531
0.8713648
0.9931318
0.19265236
0.17524461
0.9814944
0.9816473
0.99688196
0.58968437
0.0020348616
0.99652904
0.9872584
0.96782637
0.97599846
0.9803156
0.9900997
0.9540046
0.9976101
0.9986985
0.019395528
0.9961987
0.9936963
0.9941175
0.98493665
0.9997383
0.9388039
0.992622
0.1539795
0.5857566
0.97382396
0.024270851
0.055972002
0.98513144
0.9971143
0.99532074
0.9957302
0.9985746
0.9788401
0.9970599
0.8058715
0.9946472
0.9962453
0.9929062
0.8405397
0.99466974
0.98265886
0.9939737
0.9957872
0.9998945
0.025029335
0.98856413
0.9976622
0.99662834
0.9997992
0.14501932
0.037956253
0.996662
0.98897153
0.9978917
0.015751697
0.99828416
0.9981451
0.9935115
0.9929178
0.999275
0.9917766
0.97631615
0.99430084
0.9357137
0.090832844
0.089214996
0.99815995
0.99913543
0.9993418
0.25857094
0.9706449
0.9994942
0.00611984
0.9823585
0.9847552
0.7596034
0.8189575
0.9947007
0.49524164
0.99553066
0.98322177
0.06380108
0.99521106
0.015205727
0.9938362
0.99819356
0.97851974
0.036117624
0.9796578
0.97102666
0.34749067
0.21054952
0.9867265
0.46624264
0.99955386
0.99700683
0.99994504
0.9941103
0.999253
0.020358365
0.997968
0.7635934
0.9963257
0.9873667
0.93692166
0.9982152
0.9998715
0.99765366
0.9269933
0.9996871
0.9996847
0.9988501
0.010824982
0.99806803
0.9996928
0.9514408
0.9993709
0.99580944
0.89449763
0.991359
0.050931714
0.006908135
0.93095857
0.99884677
0.9972982
0.994643
0.9978942
0.99612963
0.9899541
0.9895365
0.03320042
0.99822634
0.98046905
0.743907
0.9947636
0.026395224
0.050495982
0.994843
0.035283867
0.51365864
0.16984978
0.7224755
0.9998739
0.9998826
0.9971846
0.9995859
0.9374524
0.99503714
0.9946991
0.99962103
0.033479247
0.9984156
0.98932123
0.3211115
0.99979657
0.9896115
0.95633334
0.9972867
0.40566692
0.9987023
0.99173886
0.9989869
0.9941461
0.9998884
0.99862397
0.99883765
0.11943406
0.9908047
0.99903774
0.83246267
0.53938407
0.9960368
0.99994314
0.52826613
0.8554073
0.9969152
0.33196768
0.98765427
0.99737453
0.99475175
0.98205125
0.9874594
0.39128634
0.9971505
0.9933041
0.99799025
0.060251605
0.9960931
0.98278505
0.9990515
0.992902
0.9668667
0.9968375
0.9972633
0.9989091
0.9935514
0.99415636
0.024205143
0.27354494
0.993238
0.9902666
0.9789706
0.96089965
0.988734
0.997264
0.9317408
0.99989617
0.99865216
0.9995509
0.9996636
0.1652573
0.99756914
0.81229675
0.99222636
0.99468094
0.99413127
0.9906082
0.9820718
0.9992884
0.16108206
0.9936279
0.9978028
0.5732788
0.9937257
0.9978661
0.9954703
0.9935322
0.97413456
0.9858416
0.99252254
0.9659575
0.9585118
0.076840974
0.9654676
0.9996984
0.98485094
0.9943293
0.85288566
0.9940883
0.10330857
0.99451506
0.08129214
0.9928585
0.9988813
0.88181895
0.73760253
0.993522
0.9983558
0.9989704
0.9620706
0.994325
0.017925074
0.1808714
0.97778666
0.30789655
0.9770801
0.9970605
0.8971464
0.99777204
0.98165554
0.9961868
0.68864644
0.9839054
0.99696594
0.99919707
0.86294514
0.9943873
0.9971107
0.011229768
0.9342534
0.9942391
0.8791058
0.9965507
0.9969625
0.99042445
0.9998989
0.9891801
0.880083
0.99601173
0.2906682
0.99790764
0.9953622
0.99820423
0.9942713
0.9997234
0.997382
0.82467407
0.9990989
0.6229771
0.9998254
0.9874721
0.9958688
0.9986156
0.4246497
0.9988317
0.99561715
0.98783743
0.963013
0.9808859
0.9970503
0.99735427
0.8477513
0.9867734
0.9876068
0.9989556
0.9978327
0.99831885
0.033844348
0.9979481
0.99476445
0.87069833
0.9954756
0.9938258
0.9970095
0.11274092
0.8113472
0.9936352
0.85517657
0.9772285
0.93661094
0.8995609
0.99602485
0.99017686
0.91857535
0.9954585
0.9963302
0.99750334
0.95376605
0.77233124
0.9881253
0.9962173
0.99834204
0.061065763
0.9971463
0.97131944
0.9973454
0.9992262
0.99673885
0.9941438
0.97643536
0.9583868
0.9965167
0.99149066
0.8271481
0.99067605
0.4667128
0.2020641
0.9996449
0.51634866
0.99655676
0.99944633
0.9888565
0.9983101
0.015736386
0.9957438
0.9977653
0.95193994
0.9963097
0.98156345
0.99602735
0.7955603
0.95723957
0.9995443
0.046104763
0.9968777
0.9954079
0.9858813
0.02998003
0.9958106
0.9942536
0.9989172
0.9985178
0.9930138
0.004459632
0.9980415
0.031019192
0.994812
0.977509
0.9981255
0.22084811
0.9977639
0.9981887
0.99901235
0.9954679
0.9988702
0.97324115
0.062333804
0.9984371
0.010125464
0.81550956
0.99859697
0.99627954
0.9727551
0.99905163
0.9989484
0.9967147
0.97189564
0.014783844
0.9956999
0.98994935
0.7583801
0.9951989
0.9989512
0.99982077
0.016649498
0.9211616
0.99315965
0.024303576
0.9984561
0.9593629
0.009909281
0.99484587
0.9954567
0.134726
0.0643455
0.3098006
0.9860531
0.018157417
0.99585223
0.99963534
0.9904136
0.9941605
0.32420385
0.998828
0.9207389
0.8780692
0.998565
0.09223943
0.10045718
0.9960886
0.99801564
0.9731846
0.9756453
0.012585417
0.9895963
0.99164456
0.9857135
0.9963568
0.9791772
0.699489
0.89825207
0.95782346
0.6571969
0.99935836
0.9858009
0.02038125
0.9579784
0.99577624
0.9978059
0.062420662
0.9970222
0.9964064
0.02258117
0.97401065
0.9959336
0.99981433
0.9917856
0.99774456
0.9984225
0.9881285
0.999421
0.0046112617
0.017996661
0.9698027
0.9912571
0.9739016
0.9974548
0.37935352
0.99634945
0.9952069
0.99797124
0.9974905
0.059981216
0.82007504
0.9837452
0.9987608
0.9890243
0.9749928
0.99155045
0.99364567
0.99978966
0.99425745
0.22561844
0.9854689
0.99396163
0.9985967
0.99640024
0.9949935
0.98969567
0.22612637
0.98336387
0.9833853
0.9998771
0.996431
0.8727652
0.9958311
0.9965126
0.9903548
0.997347
0.60484636
0.9938372
0.97453296
0.9968857
0.8539994
0.9994294
0.23439676
0.9903992
0.9929397
0.9714415
0.99050915
0.9982514
0.99410665
0.99535584
0.16077533
0.9995346
0.9960438
0.9995976
0.996789
0.99688655
0.9972709
0.9945009
0.9795058
0.99852043
0.99559575
0.63297397
0.9991398
0.039249975
0.006467898
0.9960316
0.9991165
0.99878234
0.99753284
0.99505484
0.026286654
0.8588785
0.99898297
0.93743026
0.025326239
0.9989594
0.9948266
0.99640024
0.98018473
0.9762521
0.030904476
0.9959365
0.028808525
0.9985285
0.99221295
0.9989644
0.9482265
0.9972894
0.9969886
0.047848202
0.99507976
0.009664017
0.99675876
0.9977633
0.9918032
0.7338501
0.15922457
0.71234554
0.9997843
0.9972433
0.8942729
0.999464
0.99732935
0.99561065
0.99180764
0.99848664
0.999655
0.9638212
0.87442243
0.9602376
0.51405036
0.80471134
0.9998248
0.9995542
0.9174337
0.99839467
0.9851525
0.96229196
0.99980146
0.9868739
0.9997508
0.06375018
0.7700239
0.99758875
0.9855509
0.009307919
0.97865355
0.98867214
0.98522794
0.99323636
0.99472225
0.9358676
0.90056753
0.99827945
0.9998318
0.9738331
0.92933375
0.9973387
0.99304116
0.9871459
0.99637336
0.9997304
0.990594
0.99353856
0.99871755
0.99437237
0.9962082
0.99968386
0.9913556
0.97503227
0.9969856
0.9884751
0.6001391
0.9940112
0.9998636
0.05121556
0.99989307
0.9953719
0.95057666
0.98798984
0.9866536
0.016182339
0.96111315
0.99956363
0.9940969
0.9983028
0.99904925
0.9932944
0.0422894
0.051779874
0.9780588
0.27077258
0.99791557
0.98354244
0.9698113
0.99933547
0.99560046
0.9921725
0.8491058
0.38465747
0.119354166
0.015533517
0.9134738
0.93992114
0.9824751
0.9801324
0.08612899
0.9600906
0.016205251
0.9996966
0.008198752
0.9995009
0.99859995
0.08265169
0.9993537
0.88163954
0.0059309537
0.9517819
0.88941723
0.99994767
0.9607263
0.9991478
0.9984535
0.99489284
0.8898281
0.879407
0.7393338
0.92464817
0.9826881
0.9603574
0.28765544
0.9918349
0.7115354
0.00737372
0.54396296
0.9541541
0.9999056
0.9982153
0.9888993
0.99928814
0.9930767
0.9743318
0.83061004
0.99577975
0.99707675
0.9954972
0.025348278
0.9938578
0.9982273
0.9955129
0.9791301
0.9916586
0.997297
0.9958989
0.20500408
0.99307317
0.094553016
0.9103413
0.9927221
0.99528235
0.99425805
0.88423747
0.9957541
0.9916705
0.99007004
0.99923265
0.8415365
0.47740787
0.98692244
0.9983504
0.99920267
0.9978765
0.99584794
0.9918453
0.022328803
0.03380341
0.98904943
0.9968823
0.99952376
0.95831364
0.25606504
0.9926057
0.995933
0.5617428
0.9626608
0.122886054
0.99783933
0.98243207
0.78777146
0.012508621
0.9914936
0.9834515
0.99110186
0.095587835
0.7307001
0.99745315
0.9864661
0.034341946
0.99801683
0.30911115
0.99838114
0.9917482
0.9908311
0.99972683
0.99784803
0.9985837
0.99298877
0.7128791
0.983198
0.9961132
0.9978916
0.051953495
0.9928639
0.97757554
0.99316096
0.010488043
0.8756176
0.8773961
0.99804425
0.89036185
0.9898045
0.9945634
0.09683756
0.99428296
0.6133816
0.035015214
0.9817871
0.7087399
0.99804366
0.994756
0.9943053
0.9950878
0.9969994
0.95317197
0.9956755
0.051564917
0.9138648
0.99803823
0.9752475
0.99291307
0.9957897
0.9998913
0.9923711
0.99714714
0.98622966
0.98455656
0.05797927
0.999708
0.03243212
0.9032928
0.99706703
0.9964665
0.9600111
0.9816196
0.99046004
0.9925212
0.9115476
0.9628158
0.9982309
0.9974952
0.994729
0.99758816
0.99900025
0.99551964
0.019957988
0.984484
0.99973387
0.99423355
0.99266064
0.9756427
0.036375873
0.72992706
0.9377911
0.99818027
0.9997923
0.99695253
0.9960588
0.9978935
0.98628694
0.99398935
0.9434478
0.9987816
0.99628615
0.997612
0.995427
0.9893227
0.9949404
0.9048072
0.9966293
0.9946485
0.9660688
0.9890526
0.9774056
0.06652836
0.33696926
0.23302658
0.99743986
0.99903905
0.73086894
0.59534633
0.9928565
0.9957039
0.9972836
0.76205945
0.9965904
0.95581377
0.9905708
0.99273187
0.9954514
0.9903258
0.9939667
0.9985671
0.9933658
0.40909162
0.8713554
0.9532
0.033574037
0.9651393
0.03727953
0.027730232
0.9997069
0.51276225
0.12966207
0.051340807
0.9985506
0.9895308
0.99775356
0.99905545
0.9914458
0.9956851
0.19282827
0.99916077
0.9995765
0.99460596
0.9974152
0.07573684
0.998326
0.8210748
0.9999523
0.95376223
0.99899536
0.99845934
0.995501
0.98627675
0.19223593
0.9828318
0.9976871
0.9844544
0.9903178
0.954485
0.056661487
0.99906987
0.4062025
0.9948008
0.9898997
0.14486814
0.999321
0.89717656
0.9998072
0.9452239
0.99989593
0.9933734
0.048758272
0.98754567
0.98008233
0.9967996
0.99432606
0.91739774
0.9998722
0.9886904
0.9913816
0.9957053
0.99973804
0.0067379363
0.22994985
0.9982876
0.9851723
0.9935462
0.017435508
0.99842703
0.992332
0.996684
0.9900219
0.9950134
0.9618045
0.9549767
0.9968754
0.99639916
0.99825186
0.99686486
0.18832861
0.034198355
0.99501073
0.09022215
0.9791711
0.9963568
0.9978815
0.99842083
0.99413294
0.9914097
0.9973895
0.99754614
0.9978398
0.4515132
0.9978758
0.971357
0.074971914
0.99686867
0.9737673
0.9973808
0.93159956
0.9954268
0.99236465
0.99508613
0.99284184
0.99499327
0.9982881
0.9996226
0.9968443
0.5560507
0.9980014
0.04799664
0.9290281
0.89566994
0.99624795
0.027107611
0.97233623
0.696891
0.09877501
0.89798236
0.9892285
0.98876405
0.9997508
0.996191
0.02730393
0.44529122
0.9962794
0.9983381
0.017293522
0.6324361
0.9334757
0.997626
0.3632045
0.84718466
0.9863282
0.994418
0.9960544
0.99952114
0.076947816
0.30753207
0.08034496
0.9907636
0.9958287
0.998536
0.99367577
0.1486821
0.99946326
0.9988049
0.9830934
0.99111897
0.10938205
0.036052126
0.99645597
0.38123986
0.9771523
0.99610883
0.9922996
0.99409086
0.8475106
0.9953353
0.36088124
0.99489105
0.7216654
0.98205423
0.043115087
0.9857168
0.9909446
0.99794465
0.99346197
0.97950256
0.9924999
0.7857923
0.99145985
0.04315623
0.9997296
0.9974383
0.9961117
0.8507893
0.9992594
0.9921623
0.49401948
0.99728656
0.97651196
0.0065783034
0.9920665
0.9898432
0.7085502
0.97780764
0.08729832
0.0042688446
0.0061047357
0.9987067
0.99588084
0.9946173
0.9990319
0.9950864
0.991569
0.9911163
0.99960095
0.98591816
0.98727953
0.30577865
0.9272176
0.9941228
0.997591
0.9861055
0.48576185
0.876969
0.9695411
0.99742967
0.34296188
0.99712664
0.99764913
0.2706755
0.9555773
0.99775046
0.9542282
0.6208076
0.045003694
0.92572725
0.9927585
0.019772401
0.99704343
0.999127
0.008294767
0.98966086
0.9609546
0.9616836
0.9984421
0.9937866
0.018265488
0.5645746
0.011313322
0.91585
0.9995845
0.9960043
0.9416057
0.98937476
0.9968574
0.9941168
0.99504155
0.93447727
0.99017274
0.9933729
0.56690794
0.9877231
0.9990773
0.99921715
0.99575126
0.9729382
0.0043512066
0.97602546
0.90728784
0.9956233
0.999025
0.99941695
0.9847506
0.9991209
0.69706583
0.99638075
0.9988269
0.99337715
0.82964784
0.98700094
0.99668866
0.998497
0.95684004
0.9656712
0.9800307
0.99522203
0.9985475
0.015871124
0.99373513
0.056495372
0.9921246
0.89292985
0.99080175
0.04807869
0.99895346
0.9998462
0.9961034
0.9991466
0.31921828
0.06922261
0.9785689
0.03903648
0.9789711
0.98753566
0.9976184
0.98865473
0.07393041
0.9482682
0.9984939
0.9681782
0.9976587
0.012458104
0.9465638
0.99650073
0.98764753
0.99495304
0.99604946
0.9976841
0.5309811
0.99937016
0.99985147
0.99093854
0.99792457
0.5462318
0.97694707
0.9897383
0.99673235
0.90873677
0.02572195
0.9185242
0.98614836
0.9972728
0.9964038
0.99664956
0.99545234
0.7386419
0.14759351
0.9843002
0.91594917
0.9942291
0.99550253
0.58272976
0.1315625
0.065004945
0.9672998
0.9598557
0.0394895
0.9756418
0.9955296
0.97314554
0.99750984
0.18167144
0.9984712
0.9881082
0.9995877
0.9492866
0.99978644
0.9866188
0.9893818
0.9896959
0.99813855
0.99780303
0.99662113
0.064178295
0.35692182
0.9907454
0.11423251
0.9972421
0.050179034
0.07320131
0.9998124
0.97576356
0.930082
0.9981511
0.9987639
0.7129547
0.17400587
0.99569714
0.61240524
0.99748373
0.04993884
0.9930086
0.99681646
0.99051535
0.93802327
0.89885515
0.99751616
0.21404968
0.9714011
0.9969484
0.99400806
0.998684
0.014114371
0.72548115
0.027743226
0.9992692
0.9965532
0.089832276
0.99491996
0.019215086
0.9702439
0.99382025
0.95006627
0.97451144
0.97370195
0.99958354
0.08542816
0.9651761
0.5682381
0.993676
0.99020827
0.99910235
0.97737545
0.98778987
0.9974509
0.9923496
0.92407715
0.9943158
0.9707248
0.0019947884
0.974183
0.9958832
0.009827568
0.99242413
0.99775887
0.99675035
0.99559516
0.98951924
0.99832016
0.98470795
0.9967315
0.9822811
0.9974638
0.08813735
0.9975044
0.16704766
0.9881959
0.95801353
0.9986339
0.99737215
0.65450335
0.98814166
0.5126586
0.9995704
0.9990239
0.42764765
0.9355386
0.9461424
0.999851
0.99676394
0.998168
0.99910885
0.99889946
0.99985087
0.99007833
0.99970216
0.9897518
0.7776419
0.114532605
0.9812557
0.9730401
0.8989644
0.048216965
0.6305827
0.9747319
0.994849
0.08951517
0.99941087
0.9998785
0.9979978
0.8913462
0.9981786
0.9972812
0.99395037
0.9764215
0.103030175
0.99644285
0.9978835
0.44148552
0.9940002
0.99816626
0.77289516
0.97786987
0.99714714
0.9992581
0.9986349
0.9975338
0.9958028
0.9998952
0.8589349
0.99357396
0.96694016
0.992569
0.9610421
0.99541336
0.931188
0.99795663
0.99983287
0.99518013
0.94737655
0.25116557
0.9981981
0.9619638
0.999899
0.9986307
0.9735714
0.99422944
0.9322328
0.9973297
0.9937576
0.99399465
0.99361044
0.98955894
0.9957704
0.99284923
0.9998272
0.9984732
0.9952278
0.06108738
0.9862927
0.989613
0.9922793
0.99971324
0.05260165
0.9954906
0.9664285
0.99963176
0.9986694
0.997758
0.9998425
0.006696542
0.9876523
0.9829391
0.99850994
0.8484511
0.9960937
0.5970028
0.9968188
0.43516153
0.96978915
0.007781678
0.89632833
0.005897221
0.9851232
0.26740915
0.9975223
0.89743954
0.99677426
0.008040259
0.8852732
0.9327348
0.9964569
0.9949067
0.99067116
0.9998735
0.9727181
0.9523555
0.9841913
0.9997762
0.40167743
0.98509234
0.08846764
0.99858665
0.012452779
0.017054435
0.98990893
0.9973706
0.9971764
0.99703085
0.98914903
0.9849101
0.009221095
0.8793601
0.047535695
0.99615616
0.9958704
0.86409444
0.99322635
0.050759193
0.9816529
0.89694107
0.9976058
0.86631644
0.95693904
0.91469955
0.9985588
0.99354446
0.9764178
0.9596237
0.9980416
0.016726194
0.9984457
0.99866116
0.9983529
0.99792093
0.0170606
0.9961223
0.9951879
0.9990951
0.99907315
0.9995235
0.06526563
0.99366224
0.99925774
0.19153614
0.9993837
0.9811872
0.003625585
0.9375561
0.9915255
0.98800546
0.015488779
0.98401177
0.9946957
0.996182
0.99564207
0.02304699
0.013135783
0.99497014
0.9851109
0.9942965
0.9982597
0.8479912
0.998684
0.8992476
0.99540174
0.99253076
0.013915878
0.9996929
0.6818499
0.99093646
0.029582689
0.99177
0.05811913
0.9931805
0.9978618
0.9911451
0.96248025
0.9963407
0.99874085
0.96482444
0.99084985
0.99022335
0.9997296
0.97394085
0.9964474
0.9943144
0.028257497
0.412674
0.9906379
0.8154285
0.99533844
0.026515886
0.25223953
0.99714905
0.99572265
0.011596307
0.9901461
0.9893309
0.9984915
0.9667895
0.9961593
0.99991703
0.9668188
0.96119136
0.99771416
0.99814105
0.40606815
0.022422122
0.9957111
0.9959429
0.017709138
0.98762673
0.9331172
0.98223543
0.9974865
0.99675983
0.9957112
0.99801254
0.9851716
0.9904021
0.025383199
0.004724397
0.9721262
0.9934795
0.99713624
0.79785866
0.991486
0.9999293
0.9994474
0.016611177
0.9925971
0.9988753
0.9932857
0.99668807
0.9914962
0.8993397
0.99385166
0.034177333
0.9798108
0.97065115
0.021508463
0.99931407
0.9968917
0.99036986
0.9992718
0.99816775
0.9935381
0.10947729
0.9975764
0.9360598
0.9973562
0.054780312
0.9869801
0.044795364
0.98281693
0.99323905
0.99339974
0.9912059
0.90787846
0.9985071
0.9993186
0.98746455
0.9710869
0.9992151
0.9486375
0.9979777
0.99205774
0.9858925
0.9987527
0.99662244
0.99617815
0.9938478
0.9980799
0.9454338
0.99486923
0.9997327
0.2782885
0.020013941
0.98559254
0.9958402
0.0031523157
0.9979755
0.9974329
0.16773063
0.6212739
0.9925787
0.9892609
0.9829532
0.9955171
0.9358222
0.95724404
0.41770643
0.36670864
0.9867192
0.9964311
0.98711663
0.6218572
0.98942447
0.9946418
0.9966576
0.9951982
0.94472307
0.99567765
0.9998584
0.9958834
0.86345446
0.960181
0.10522838
0.9974406
0.9979042
0.9980938
0.9954568
0.9988035
0.9797182
0.8872513
0.99993527
0.999527
0.99887365
0.98372513
0.9971317
0.998855
0.14785847
0.986604
0.017470611
0.97502285
0.7208494
0.005538402
0.9887524
0.99057627
0.015850278
0.996834
0.010858994
0.9974681
0.90580153
0.9930633
0.9936621
0.007686291
0.9984792
0.97161734
0.9779781
0.99813807
0.99594814
0.9941603
0.99868065
0.9050519
0.99938214
0.7989969
0.9907925
0.995559
0.98666173
0.99886334
0.99655676
0.9966017
0.99733114
0.99828905
0.99584717
0.5798295
0.96702087
0.08718923
0.9411391
0.44786757
0.9991192
0.99534106
0.9950218
0.9934168
0.017481623
0.1992873
0.99140596
0.9917374
0.10689102
0.9948184
0.99711466
0.99601907
0.9273918
0.9679148
0.9987204
0.97557926
0.99816173
0.9998913
0.9943644
0.5712837
0.98990506
0.40531084
0.9945767
0.98640347
0.9943989
0.9740452
0.08894914
0.9979335
0.9983912
0.99963903
0.87209195
0.9981629
0.9368208
0.9890537
0.9935847
0.99181926
0.9946021
0.9978352
0.994368
0.041104306
0.10004807
0.99772626
0.9972963
0.9965423
0.06237468
0.9953061
0.99582326
0.9867186
0.93889403
0.9991541
0.0051605115
0.99162614
0.9848295
0.9984383
0.9972071
0.99787545
0.900815
0.12305166
0.99722594
0.99730575
0.9999337
0.9712413
0.25356096
0.4538044
0.99851996
0.9993925
0.9955325
0.031160189
0.033755407
0.9236882
0.9922578
0.050764363
0.9936838
0.9997459
0.972795
0.656886
0.99954
0.9990195
0.99774504
0.98802793
0.98433095
0.99951696
0.99600214
0.87464523
0.6678916
0.002247257
0.99873275
0.47703564
0.9913083
0.9360424
0.99863404
0.21362644
0.96502674
0.9983719
0.62443256
0.99952173
0.028687114
0.99241555
0.96562093
0.99650013
0.1026134
0.8990671
0.9868608
0.99457514
0.13027231
0.98600316
0.99609023
0.9935968
0.006673927
0.19060972
0.043304775
0.94290286
0.042334516
0.9951088
0.99045485
0.98637307
0.8828276
0.99294406
0.99479586
0.028229006
0.96373135
0.99393773
0.9920099
0.9868826
0.90904725
0.999551
0.8941888
0.9965383
0.99656457
0.15087226
0.8272825
0.71523285
0.98608345
0.99601305
0.9991111
0.99319565
0.012429538
0.46764037
0.9965294
0.99914634
0.98012745
0.9975337
0.99730384
0.9951382
0.12210469
0.805866
0.9956607
0.009348279
0.030644057
0.05256165
0.94659185
0.99757284
0.99363154
0.9982496
0.0082595665
0.44520235
0.9896063
0.15034918
0.99698395
0.99739254
0.98975813
0.009905885
0.9969489
0.99364156
0.9940374
0.9814802
0.99899906
0.9957526
0.9943658
0.18794028
0.986271
0.99420124
0.9985701
0.9974119
0.99805593
0.9963814
0.9525871
0.629999
0.9732159
0.99297017
0.38021567
0.99636555
0.6543125
0.98126847
0.047842965
0.9974462
0.99459827
0.9922151
0.99974746
0.55976987
0.99024206
0.99425864
0.9902541
0.9957581
0.99973506
0.9697299
0.996793
0.1605364
0.98516476
0.9903689
0.84483993
0.013566717
0.99756277
0.97193176
0.03347181
0.99986637
0.9860766
0.9936453
0.99827576
0.9978598
0.0465884
0.9401926
0.41052184
0.007969324
0.07896251
0.991623
0.9711722
0.9976374
0.94684815
0.9496226
0.9625796
0.676833
0.05128917
0.968328
0.9822917
0.027396226
0.9973072
0.9768183
0.9936016
0.9804339
0.4788334
0.9904901
0.9775997
0.9900842
0.9643162
0.99992967
0.9974523
0.5993346
0.9986891
0.99918884
0.9419577
0.0070626917
0.98512024
0.9895236
0.99752635
0.12589261
0.013302817
0.99984586
0.9954673
0.99802667
0.9908003
0.99775946
0.6477936
0.9790536
0.99625504
0.9942111
0.9811571
0.9949452
0.64923364
0.99955505
0.040374525
0.15485281
0.13814786
0.99851114
0.4318899
0.99901617
0.058611963
0.7138426
0.9959298
0.12825873
0.92615956
0.6999433
0.99983776
0.9946457
0.9982101
0.99883264
0.9955415
0.9989761
0.9361894
0.5308938
0.9779748
0.9945338
0.9956305
0.17726599
0.0546467
0.9992322
0.75300986
0.8621615
0.27634615
0.99614346
0.80305153
0.9964224
0.9931979
0.99176776
0.9971269
0.069470614
0.99753714
0.039471544
0.9982014
0.99688524
0.99565953
0.99891233
0.9772127
0.9929812
0.86743975
0.27798003
0.9899996
0.9729656
0.06624878
0.99978715
0.009473454
0.9967326
0.9978988
0.99350363
0.95146585
0.009524487
0.9947162
0.9957073
0.8742977
0.9942445
0.9967714
0.98503995
0.99409395
0.999418
0.9976222
0.0879373
0.98571324
0.26410967
0.96511215
0.8172406
0.9978283
0.99663806
0.9856205
0.9985259
0.016042795
0.99379516
0.9986665
0.9426059
0.8629063
0.9997459
0.97792995
0.99952006
0.997729
0.99945146
0.8877954
0.9851177
0.99529344
0.90961504
0.99857545
0.99977463
0.99164975
0.84072256
0.8666474
0.99872893
0.9982526
0.99170905
0.99817705
0.024701912
0.98300177
0.9805977
0.99949884
0.9952377
0.5952996
0.8240003
0.99738973
0.9982633
0.96018916
0.966052
0.9775309
0.92337376
0.99858534
0.8340691
0.9955189
0.9997292
0.9960651
0.94545585
0.99858594
0.96823245
0.0078048334
0.9929831
0.9964277
0.9975217
0.57607573
0.9979735
0.9990926
0.9940387
0.99117005
0.9429177
0.9958461
0.015017984
0.99914217
0.996154
0.9899233
0.9983693
0.99846065
0.9761829
0.9946584
0.997456
0.99897575
0.9964553
0.933748
0.91563886
0.9908359
0.9987207
0.99739206
0.9897656
0.892797
0.023123357
0.9960074
0.99931073
0.99041533
0.9986105
0.99330115
0.9921273
0.7907963
0.99245644
0.99735475
0.11413231
0.9968689
0.042541612
0.016892394
0.7004349
0.99692935
0.9988617
0.99794203
0.8572769
0.080896854
0.99746644
0.08952728
0.9799588
0.9879033
0.021471253
0.022011135
0.9956852
0.87216854
0.99975353
0.99787533
0.9969651
0.012825022
0.96571946
0.99496126
0.99711776
0.9835422
0.06665075
0.9925411
0.97224516
0.9352565
0.99340844
0.99575776
0.66481465
0.07379134
0.9813493
0.99643075
0.3595328
0.8252189
0.89042884
0.9997451
0.97893435
0.0462045
0.98907965
0.9984723
0.9996532
0.99443394
0.9951491
0.9486734
0.9779808
0.9548079
0.99938345
0.9982318
0.023783615
0.9974388
0.12072374
0.38899067
0.9881197
0.9952081
0.9079139
0.50218445
0.0071040085
0.9915501
0.9985214
0.9997192
0.996126
0.9524954
0.9833782
0.9879
0.985623
0.9971923
0.9911272
0.9974158
0.9989649
0.99813855
0.77295166
0.9970771
0.8323724
0.022611964
0.96502686
0.9309286
0.8893573
0.99304867
0.27966672
0.9802184
0.997554
0.9778416
0.9770049
0.99726844
0.9985922
0.051621486
0.6790567
0.4751696
0.99947125
0.99462444
0.95853496
0.9984012
0.9899306
0.99500245
0.9985012
0.9982034
0.045043953
0.99567103
0.31408668
0.99497294
0.99562174
0.99226356
0.9982503
0.8521114
0.98746246
0.9896918
0.9895356
0.029297676
0.99650997
0.99602854
0.9561551
0.9976406
0.9909576
0.99228513
0.038282298
0.94260216
0.9997987
0.9986895
0.9978575
0.98884237
0.04960586
0.975777
0.94205576
0.9492394
0.005632695
0.99861026
0.8956992
0.99884003
0.9903628
0.9972651
0.9943698
0.76473397
0.48224613
0.9947115
0.9787997
0.9787946
0.95489323
0.99540293
0.9987601
0.93235296
0.9987392
0.31815708
0.9974446
0.99739516
0.99379444
0.9963953
0.99963975
0.9957658
0.33139488
0.9964323
0.9935436
0.09013395
0.9722721
0.9968965
0.9997272
0.32682648
0.9811009
0.9998053
0.008502017
0.012479212
0.99320155
0.98694927
0.99757415
0.9910561
0.99945027
0.12244087
0.9943346
0.9621751
0.10878413
0.9955401
0.01286611
0.99555427
0.98104596
0.9998086
0.99704224
0.9858601
0.9815838
0.99878246
0.99748164
0.99761033
0.9845725
0.16191556
0.9919242
0.992187
0.03259269
0.59494466
0.9932065
0.9040662
0.9780422
0.18115033
0.042296086
0.9949201
0.9982668
0.6775144
0.029392269
0.9968257
0.9999201
0.99981827
0.98078007
0.9886748
0.9790006
0.67234796
0.9954163
0.99310875
0.84930795
0.9982231
0.9954216
0.9972475
0.67887866
0.99485457
0.998609
0.9995383
0.814929
0.26166305
0.9649903
0.998722
0.99925417
0.99623007
0.97435033
0.9974511
0.9993742
0.8338089
0.9452881
0.97405666
0.9975662
0.99801946
0.99897695
0.3875798
0.44081402
0.7072962
0.9971105
0.97878736
0.99366474
0.5192402
0.9956519
0.89524734
0.9967981
0.27571794
0.9931004
0.98968714
0.9200529
0.9987472
0.9260683
0.99674857
0.9967415
0.79163384
0.7159575
0.99164796
0.987333
0.9954137
0.9961094
0.9955279
0.17470609
0.9648439
0.052121866
0.9970259
0.13826098
0.9961796
0.9872499
0.027527854
0.055217516
0.99766326
0.9979943
0.97846097
0.99204016
0.9966583
0.99856794
0.9970487
0.9953827
0.9984548
0.9953637
0.859343
0.9984492
0.99788
0.9791988
0.9989467
0.0056751794
0.99070764
0.998243
0.9889608
0.9266481
0.23982464
0.43086088
0.96486956
0.77502364
0.9458716
0.9762715
0.99540555
0.99941945
0.9913291
0.9396049
0.99375546
0.9635724
0.9974462
0.99552864
0.9994091
0.9979767
0.99404705
0.9951865
0.9926785
0.99050385
0.35593894
0.996317
0.9983277
0.99118996
0.9964218
0.9993536
0.96487325
0.99267113
0.15011512
0.9996025
0.99644464
0.98852473
0.8235543
0.99859136
0.9604074
0.9987556
0.68871415
0.996558
0.9998578
0.99940026
0.90730506
0.5882547
0.6591233
0.7702986
0.9787092
0.38596252
0.97500944
0.35606396
0.99658513
0.0572053
0.99493825
0.99762076
0.9552474
0.99799454
0.006642453
0.99114275
0.99726844
0.92856276
0.9762923
0.9940631
0.99798155
0.99965537
0.9977901
0.98014027
0.057080302
0.012666065
0.7307704
0.99611616
0.989669
0.9943908
0.99382824
0.9973218
0.9890675
0.99908113
0.9968681
0.98418033
0.9948679
0.95153177
0.99833786
0.9933708
0.99836713
0.9827639
0.019731835
0.43199515
0.9967541
0.58838224
0.98956674
0.99894506
0.0066747805
0.99701715
0.99827003
0.984991
0.6533945
0.9942702
0.9935648
0.979127
0.99857795
0.13381252
0.97723436
0.99570507
0.99764204
0.9875386
0.9954733
0.99111825
0.9988136
0.9904772
0.9892207
0.9984811
0.99817526
0.018659096
0.33704972
0.7188854
0.9957585
0.9981713
0.9967272
0.9973109
0.99733526
0.99716103
0.9917081
0.9921227
0.9937171
0.9903526
0.9934576
0.98016167
0.9900359
0.990419
0.99863833
0.98051125
0.2730503
0.79174477
0.97204125
0.5866413
0.48470095
0.9990702
0.95414585
0.9950772
0.9386565
0.998026
0.98031104
0.9934489
0.99249846
0.9991574
0.9996124
0.9951131
0.6794987
0.9948473
0.9540407
0.9928455
0.99692637
0.69911486
0.013085968
0.9913646
0.9968677
0.9930722
0.9989415
0.98384756
0.9919254
0.47852576
0.9772235
0.99375254
0.9726654
0.10623518
0.9946254
0.87653935
0.9978871
0.99518955
0.99968207
0.8742112
0.96742576
0.99318355
0.02615531
0.9938313
0.965089
0.009705574
0.034846503
0.009825309
0.9986964
0.054083277
0.8199705
0.99340713
0.94063073
0.17461611
0.9909395
0.80404234
0.9782708
0.64301956
0.8748264
0.997686
0.8913189
0.99815553
0.40066135
0.74466157
0.9935428
0.024218764
0.13509813
0.62264967
0.071878
0.9172329
0.11261456
0.05673154
0.9930687
0.99815816
0.6571807
0.019684426
0.998934
0.9869186
0.9266249
0.995181
0.894648
0.9891627
0.9921625
0.022229008
0.99941754
0.346835
0.8262556
0.9990808
0.99294937
0.7025044
0.99178714
0.99694616
0.9973132
0.53499967
0.99679285
0.9985734
0.99618137
0.9976071
0.999718
0.99865913
0.97313166
0.98292315
0.01416492
0.051787168
0.9979479
0.9964353
0.9997008
0.7155899
0.99172115
0.9789205
0.010781526
0.99524647
0.9852395
0.0048396834
0.98986477
0.9961869
0.98195803
0.005266158
0.71600515
0.4723068
0.9988526
0.9970055
0.98389363
0.9916945
0.99867576
0.9978199
0.014529898
0.9945194
0.9164184
0.5538889
0.9916011
0.80541855
0.43691403
0.99787116
0.013021139
0.9889458
0.9942334
0.05969502
0.9975668
0.008204337
0.9747175
0.99800617
0.99429506
0.9948718
0.050884712
0.012540498
0.9969399
0.9984371
0.96980584
0.9992142
0.9987631
0.02481334
0.9884625
0.09800066
0.9963965
0.98292196
0.008646908
0.39074612
0.01528727
0.96945536
0.9905081
0.9309329
0.018901741
0.060129266
0.99366933
0.994913
0.9947608
0.998259
0.9938453
0.06074567
0.99736303
0.008265815
0.99340194
0.99372685
0.95068145
0.069927245
0.8811368
0.9872721
0.98098695
0.35540432
0.06313325
0.9533265
0.9956268
0.9944991
0.9987507
0.9984849
0.9954497
0.9979557
0.996349
0.22236094
0.9995639
0.99539846
0.9998909
0.5874443
0.9843248
0.020492913
0.99641776
0.9995782
0.9997147
0.91041523
0.9998987
0.011011742
0.055272084
0.994926
0.18252556
0.95584494
0.90406346
0.8840739
0.2756427
0.9695366
0.99987185
0.99589205
0.12729295
0.0341427
0.97538733
0.99291706
0.06968302
0.43855408
0.6389517
0.9965926
0.97386
0.0034762148
0.8620893
0.90052634
0.99987125
0.9971999
0.9891009
0.90575725
0.20350216
0.9909937
0.020728948
0.9982803
0.9981669
0.9997328
0.39054534
0.99920315
0.9930467
0.97719544
0.97844565
0.9622837
0.9998739
0.05277768
0.99182737
0.9985253
0.90063316
0.9950193
0.9986125
0.99750155
0.9997657
0.99977714
0.94791156
0.5609666
0.9949955
0.98478067
0.9903054
0.9879138
0.9947284
0.9803555
0.992478
0.7589024
0.92084086
0.9938797
0.95040345
0.99720085
0.98408496
0.99545884
0.5466679
0.35134453
0.6696831
0.9952866
0.9998696
0.9980001
0.9961205
0.9753508
0.9896539
0.8606143
0.9854967
0.9853898
0.9997899
0.96611184
0.9956513
0.7813639
0.032111533
0.9715135
0.98743963
0.9842444
0.013602545
0.9987953
0.99945205
0.61099535
0.97792304
0.8719751
0.70889115
0.9978144
0.9978496
0.98703194
0.94573426
0.033945847
0.995178
0.9959953
0.05316553
0.76868206
0.99775594
0.84386855
0.9984681
0.8510225
0.95578897
0.98731554
0.99502003
0.9967344
0.997042
0.9970393
0.7979482
0.33344233
0.005019842
0.8529873
0.99989295
0.97021556
0.99811625
0.9985384
0.38178357
0.99260616
0.9955315
0.9977684
0.9982016
0.9995461
0.99010277
0.9833677
0.9989531
0.99197024
0.9926312
0.55061364
0.9975331
0.9863695
0.4950048
0.99575496
0.7605713
0.85928804
0.998133
0.9873718
0.9829366
0.0035532145
0.68573743
0.99711704
0.99897015
0.9972095
0.9997533
0.020441946
0.98417795
0.5272421
0.9951367
0.015219565
0.057549838
0.9936227
0.98979574
0.42915934
0.98993766
0.9961746
0.075053684
0.983469
0.9981343
0.9879738
0.930967
0.039582405
0.99513537
0.97442293
0.9874592
0.929304
0.008083099
0.014199513
0.9361456
0.9967823
0.999231
0.9952733
0.9966742
0.91677004
0.9996213
0.9938451
0.99699664
0.99916756
0.18321864
0.9969643
0.98821926
0.994642
0.9963707
0.9992157
0.9924193
0.9938829
0.9255437
0.99050784
0.99478465
0.99696964
0.07338649
0.95251435
0.99725
0.98629147
0.9957718
0.011432455
0.9995863
0.75288415
0.9962787
0.9999472
0.994941
0.0394624
0.9867626
0.7578214
0.989647
0.9977933
0.99561715
0.8839511
0.004228149
0.99571866
0.98674196
0.9350779
0.99784493
0.9985489
0.01088258
0.9959229
0.9971854
0.9574869
0.547728
0.8610636
0.010618898
0.99760455
0.9985701
0.8772495
0.9984151
0.9649374
0.012347765
0.07315598
0.99211156
0.99520975
0.9915336
0.9973291
0.9936418
0.9852267
0.9731531
0.87542576
0.9942492
0.2741104
0.98550814
0.8933849
0.9776505
0.9895495
0.94840103
0.9395238
0.015158245
0.3141513
0.9861238
0.36310032
0.9965767
0.97419465
0.9932833
0.15708515
0.99101686
0.9871607
0.94475996
0.99301827
0.7395785
0.92061377
0.99994564
0.63563293
0.6245537
0.97436655
0.01801079
0.010599794
0.9966654
0.9825227
0.9973116
0.01310437
0.9970073
0.99789774
0.9967895
0.99879813
0.99519616
0.55355734
0.9976584
0.2499148
0.99807113
0.91442275
0.5489002
0.9961295
0.997115
0.9939231
0.99377537
0.99911064
0.9888892
0.9981679
0.99660987
0.12797531
0.97958905
0.98331684
0.9990171
0.9149446
0.98957753
0.99849224
0.98245376
0.9949151
0.8954384
0.99893063
0.9882824
0.98923045
0.99312323
0.6830766
0.9983292
0.98936355
0.9812102
0.9994363
0.9956209
0.9332278
0.9999143
0.9739821
0.9985671
0.99868685
0.0285055
0.99194676
0.99430096
0.025685279
0.9824818
0.98886603
0.45124808
0.99866915
0.9860757
0.998543
0.9911833
0.9848385
0.9996582
0.99835014
0.9980568
0.023549622
0.76946366
0.988289
0.99955696
0.011921474
0.9980573
0.009539204
0.99689263
0.9983058
0.98166925
0.9304331
0.9958384
0.9995778
0.99667394
0.98800194
0.8608014
0.99830663
0.99156594
0.007952882
0.94001496
0.72963184
0.9935662
0.95297897
0.99679834
0.9948342
0.4814321
0.3522302
0.99635625
0.99535865
0.9991702
0.9975746
0.8722846
0.935184
0.99436957
0.08604155
0.99752396
0.8508038
0.88146186
0.44167417
0.07304311
0.8992853
0.9971118
0.6319797
0.9980241
0.80041707
0.99385214
0.99969363
0.99727935
0.9950133
0.9767146
0.99825746
0.1839954
0.9278042
0.9722153
0.98969823
0.9991326
0.9955142
0.07477265
0.4422993
0.008902414
0.9894084
0.9999161
0.9968093
0.9806686
0.012949179
0.96522266
0.98102015
0.99620557
0.99707866
0.043279734
0.992634
0.008327032
0.996768
0.83109975
0.99916077
0.9794597
0.9905663
0.99808395
0.99032265
0.9962592
0.9993587
0.9619588
0.99192625
0.9897003
0.97094
0.9950847
0.19762895
0.997389
0.9997503
0.97913235
0.015534814
0.9966987
0.068305455
0.9476004
0.1568774
0.0026428367
0.992531
0.92596686
0.005728945
0.9984131
0.991439
0.9947172
0.9898386
0.9959085
0.921073
0.99960357
0.99583626
0.9932073
0.016821966
0.03265241
0.87383306
0.94928163
0.9884914
0.9956955
0.62477314
0.99645126
0.9989924
0.9959636
0.026002184
0.96929145
0.99388874
0.9522945
0.9966196
0.9931942
0.9985771
0.99637246
0.99604106
0.8516542
0.99168676
0.9995708
0.921884
0.9683741
0.99095374
0.8813197
0.9961682
0.96655077
0.9891312
0.99989736
0.99767894
0.95906544
0.9990305
0.99131846
0.00636361
0.95530057
0.94285643
0.996276
0.99961495
0.15961997
0.9994844
0.9996556
0.8642488
0.99102306
0.9976077
0.99772376
0.9858096
0.028568106
0.9980173
0.9943844
0.9940334
0.044185307
0.9339928
0.060547955
0.99612755
0.060465846
0.8834719
0.996416
0.014000868
0.9991117
0.6576557
0.99772924
0.95619905
0.2554594
0.99843866
0.99098283
0.99664503
0.9919899
0.99457186
0.9944765
0.99397707
0.9990645
0.18262364
0.9427101
0.99280655
0.9547199
0.7859571
0.9912855
0.9916483
0.009116364
0.998524
0.99633634
0.9459209
0.98395765
0.0539159
0.9924529
0.933158
0.99990034
0.0021558448
0.9983504
0.99414635
0.99005276
0.9927498
0.99438465
0.99057066
0.77233666
0.99654335
0.99604404
0.035297897
0.99967027
0.9740195
0.9517734
0.999094
0.9987287
0.051385637
0.6958743
0.901585
0.9985078
0.83387274
0.9532701
0.99851316
0.98500395
0.99750656
0.026558783
0.96373934
0.03697534
0.8726244
0.961441
0.9443032
0.9987103
0.9941619
0.9869609
0.8148474
0.9995983
0.9779177
0.99160755
0.97464776
0.99590766
0.98619765
0.99431324
0.040771905
0.95843124
0.9989027
0.9996891
0.8578157
0.09028957
0.9930501
0.55219686
0.950162
0.990659
0.9941018
0.041606825
0.2197458
0.9997683
0.099172115
0.9857312
0.9319832
0.9985832
0.99790275
0.9986438
0.7085063
0.9952858
0.99978775
0.9054435
0.9096898
0.99167025
0.99691004
0.45074257
0.8390579
0.9976509
0.8502058
0.99735755
0.7850295
0.036504656
0.9781442
0.9857584
0.99592245
0.98902714
0.9931346
0.9938368
0.015804026
0.9998833
0.98965025
0.04966167
0.95360535
0.9958295
0.105074935
0.99586403
0.99749655
0.9997745
0.99751043
0.9878257
0.9917909
0.8798371
0.93895364
0.9967121
0.99399817
0.89501435
0.99811304
0.9958561
0.031034417
0.92335945
0.7475266
0.99795794
0.013345356
0.987375
0.99263835
0.9989975
0.99723876
0.9751229
0.57746524
0.9992162
0.026975136
0.9968856
0.99740463
0.64768964
0.99549496
0.999713
0.051597472
0.9882018
0.9522942
0.99058414
0.08328213
0.35548455
0.9883003
0.9926838
0.99673414
0.99310666
0.9696342
0.998934
0.0024701452
0.5433933
0.047394432
0.9998672
0.99739623
0.0933341
0.20915441
0.95980257
0.9938471
0.89731956
0.9492969
0.9978521
0.14580703
0.64617634
0.029109726
0.9983114
0.9902468
0.99864894
0.9858905
0.036736734
0.40522754
0.9791004
0.9988832
0.99424887
0.010824972
0.99132806
0.9702275
0.105200574
0.9996487
0.8417491
0.99758697
0.9930066
0.9978861
0.99828714
0.9997409
0.9830015
0.99161536
0.9985353
0.99749976
0.9969843
0.9949443
0.99642605
0.9855312
0.9914791
0.98674786
0.9950021
0.96562004
0.97452366
0.9883543
0.99659735
0.020157559
0.9981224
0.8333225
0.11188811
0.99416083
0.9999248
0.99251705
0.37630406
0.4103474
0.023202738
0.99962044
0.9986375
0.9998616
0.33831552
0.9958632
0.709826
0.06349801
0.9973869
0.11328403
0.03392016
0.99262106
0.17681235
0.9912431
0.99618953
0.93069786
0.99662954
0.9181778
0.99145013
0.11905384
0.55216414
0.92546827
0.9676821
0.93567324
0.9923172
0.9803004
0.9588019
0.99976295
0.99399614
0.9961849
0.9968928
0.039603557
0.9459803
0.9993125
0.9931958
0.9961849
0.9991824
0.9945539
0.997531
0.027128672
0.9160695
0.045364186
0.9964233
0.010936311
0.9998703
0.9981079
0.99814284
0.9954845
0.9076907
0.9678366
0.0537338
0.026363663
0.9570977
0.9961843
0.9939203
0.9996319
0.1101615
0.037273876
0.98666537
0.7884125
0.9971704
0.8177223
0.98784655
0.9972692
0.9967224
0.99705327
0.9750939
0.956311
0.9543443
0.99903893
0.98989654
0.99017394
0.97260755
0.99553347
0.95512676
0.109684184
0.99209
0.96289706
0.990464
0.99766856
0.037908755
0.9969548
0.99861526
0.98983103
0.9998281
0.9955713
0.99484825
0.99733907
0.98092204
0.94375193
0.99812776
0.35174638
0.9636934
0.07821148
0.99731904
0.99767977
0.84632325
0.97949696
0.9963636
0.9978802
0.6306804
0.9915141
0.99201864
0.99337584
0.6850336
0.99299216
0.9981415
0.21041285
0.9973239
0.99681336
0.80450356
0.8694445
0.7923054
0.996977
0.9771154
0.1040697
0.27134085
0.9962192
0.99573046
0.99402034
0.9944096
0.681852
0.5713592
0.99123305
0.32059523
0.9969476
0.9981469
0.99740005
0.98088056
0.9869424
0.9999058
0.99956137
0.9963319
0.9952282
0.99131507
0.996953
0.787024
0.99496365
0.9817369
0.9407184
0.9953454
0.9891494
0.94419384
0.5154405
0.9977373
0.99230945
0.8042354
0.9968748
0.9987112
0.96449393
0.9947779
0.9998029
0.99384236
0.99407154
0.96252066
0.9938862
0.030290512
0.67414725
0.02729665
0.5815644
0.99756134
0.99246335
0.987519
0.94028884
0.44247213
0.9820208
0.9081915
0.9983615
0.99596393
0.99917275
0.20865759
0.978327
0.9996855
0.034028683
0.05741256
0.9404674
0.96543837
0.99677306
0.98863435
0.9973693
0.99617153
0.1775282
0.046815626
0.9799084
0.9907342
0.99965656
0.99990714
0.96149135
0.9679832
0.0071614557
0.9992176
0.99868864
0.9927187
0.9125273
0.9886614
0.99591357
0.014579112
0.5143112
0.9999223
0.996496
0.9980203
0.04968916
0.99547017
0.99939406
0.9981793
0.9984174
0.09310025
0.99838793
0.9963147
0.9063639
0.9999242
0.76465833
0.078159876
0.004605402
0.9551182
0.1112017
0.037775632
0.9938869
0.9967039
0.9936603
0.9545416
0.98124963
0.36181623
0.99064106
0.59889823
0.025816776
0.94004035
0.95095897
0.9953869
0.98421466
0.8154264
0.99681866
0.98070896
0.040961098
0.996783
0.99736017
0.9923603
0.9989887
0.9866594
0.99635077
0.94385993
0.0042516203
0.65965605
0.9960395
0.994494
0.9972746
0.9287663
0.030616151
0.71012324
0.98624194
0.99165326
0.9907252
0.006661203
0.17418973
0.073953904
0.019646801
0.9966138
0.41241685
0.9910501
0.94180036
0.9883007
0.9913168
0.9907793
0.992443
0.9847303
0.99779046
0.99383837
0.9712564
0.99609715
0.995531
0.92148256
0.99290246
0.99828476
0.9456791
0.99534696
0.999185
0.9932689
0.99788254
0.99644595
0.08328209
0.996793
0.9832698
0.00786884
0.9960355
0.77292866
0.7024216
0.99633265
0.017621534
0.9971624
0.99822825
0.3299856
0.95746756
0.98890126
0.99902534
0.29289997
0.12758926
0.99968004
0.99886334
0.9396368
0.7779015
0.95911807
0.9998247
0.9861355
0.109343246
0.21262303
0.99964046
0.04546996
0.9978409
0.9324587
0.98668855
0.98063385
0.032630607
0.024992798
0.99138486
0.99755764
0.99667054
0.7696601
0.7416895
0.9669539
0.9937689
0.31789607
0.1700512
0.96543515
0.9948027
0.9374926
0.8976989
0.022125578
0.99783033
0.9980274
0.5139445
0.93595314
0.98739934
0.018352518
0.9944127
0.9944378
0.06851631
0.9978702
0.9984158
0.9992999
0.99772376
0.997979
0.98790026
0.9875378
0.9939785
0.9995284
0.9999391
0.7891723
0.9960304
0.9669211
0.9848018
0.9479317
0.9958664
0.007087628
0.9641239
0.9719662
0.99547344
0.9968303
0.99854976
0.96107197
0.9638956
0.99903643
0.028353931
0.3725697
0.99620795
0.9974017
0.99643
0.9955504
0.9432904
0.99805593
0.9643355
0.98224866
0.99886334
0.9957092
0.67626417
0.99455464
0.99691665
0.06294379
0.99569327
0.9927003
0.9970897
0.9968929
0.82527584
0.8985185
0.99965715
0.9974353
0.9995359
0.019699048
0.9978604
0.98466575
0.9891054
0.012106994
0.022605643
0.49072298
0.98480266
0.99583983
0.99872774
0.785137
0.9990709
0.9967596
0.93430334
0.99899846
0.5328296
0.9865694
0.90736
0.9699005
0.75823754
0.9300258
0.15733127
0.9863252
0.99850607
0.9999105
0.9969158
0.94064677
0.9964747
0.9991497
0.99786794
0.99478525
0.998628
0.99903333
0.9924901
0.013755084
0.9703591
0.9911238
0.989344
0.75050974
0.9981316
0.9934378
0.40164652
0.9945484
0.9998584
0.9843969
0.9945918
0.29196975
0.9910484
0.9544165
0.980336
0.14884847
0.98134893
0.732238
0.9984232
0.8890874
0.9990031
0.99865365
0.07024544
0.99902356
0.98787737
0.004701468
0.99893683
0.9970939
0.9997603
0.997482
0.99780625
0.9965205
0.81968856
0.9998559
0.1702477
0.9977551
0.99713755
0.023161847
0.99645495
0.98573387
0.99477285
0.98776764
0.8925039
0.99689853
0.9309779
0.8812002
0.97462726
0.9907002
0.88184565
0.995169
0.10834585
0.9957046
0.9956091
0.9943698
0.9998104
0.8639901
0.6380375
0.99987125
0.9969133
0.03754154
0.9970304
0.67221606
0.07403106
0.99745506
0.9988067
0.74173456
0.96518254
0.997097
0.99741167
0.9573948
0.9863148
0.9961687
0.9886685
0.9970055
0.9960355
0.73574823
0.99689037
0.9978629
0.096750125
0.9751526
0.998648
0.998606
0.99628407
0.98202056
0.9982551
0.9865921
0.50214654
0.9952409
0.9945036
0.99046904
0.990908
0.2960469
0.99697435
0.016155094
0.99986076
0.9962004
0.3640471
0.19583376
0.99380434
0.99608684
0.99896884
0.986537
0.97624207
0.7463711
0.9998697
0.9902485
0.99763834
0.97377557
0.9979842
0.8714735
0.9991793
0.9939552
0.99483126
0.9930917
0.99494594
0.21485823
0.7845953
0.99773836
0.9653026
0.9913657
0.99782735
0.8853171
0.99568176
0.99410254
0.98585135
0.9957984
0.98867106
0.9989874
0.11017076
0.10121803
0.01291491
0.7477437
0.019951502
0.26402244
0.030669138
0.9964948
0.9965065
0.9882947
0.92779565
0.2825057
0.98691094
0.9991204
0.9932185
0.9864196
0.03257639
0.3587925
0.99001336
0.16676283
0.99171656
0.97850716
0.9355194
0.9810847
0.9492929
0.95794636
0.33879244
0.98007995
0.99928206
0.9761722
0.99825495
0.992702
0.975144
0.9979716
0.0024826676
0.99479926
0.9929651
0.035390377
0.69474626
0.9950465
0.99990916
0.9936195
0.041938953
0.99740136
0.99187344
0.9919085
0.041619908
0.2333546
0.036091648
0.7543585
0.99047524
0.9947109
0.99480104
0.9532437
0.019256607
0.9968989
0.044807885
0.999257
0.99726546
0.9557673
0.9861712
0.9962358
0.25218067
0.2949639
0.99550915
0.97693664
0.8715877
0.97820055
0.16509771
0.89367145
0.9926455
0.35129946
0.9963708
0.9998109
0.19412355
0.9989183
0.993588
0.99417853
0.0111009395
0.9942022
0.99705863
0.94892466
0.9989165
0.48185945
0.96003926
0.9991412
0.114839405
0.99091107
0.72052944
0.9978459
0.9903971
0.9493893
0.9924063
0.9980652
0.301013
0.92388004
0.9999057
0.9991868
0.95801616
0.9814994
0.99905306
0.9943375
0.99581224
0.9941884
0.9977227
0.038591713
0.8851954
0.99748755
0.992054
0.9982704
0.9479465
0.98633194
0.0651544
0.007863065
0.9988248
0.99642926
0.95542365
0.9911458
0.9954808
0.9980088
0.057361607
0.9970783
0.96774554
0.19437715
0.9488448
0.7072375
0.9737092
0.027785141
0.99743205
0.9628469
0.9720848
0.8807995
0.71268135
0.46708322
0.26223925
0.9676302
0.9972904
0.99777395
0.99260557
0.99993145
0.9945201
0.9984799
0.59728485
0.99552166
0.10354297
0.009385291
0.9943757
0.986463
0.9971214
0.98896295
0.99924505
0.825099
0.9979462
0.98162663
0.99732614
0.99729747
0.99432135
0.030696508
0.069169566
0.9980566
0.95830554
0.99738187
0.59743464
0.9021706
0.034145076
0.9988783
0.9832118
0.06767805
0.9916638
0.99485624
0.044913515
0.99978644
0.3288007
0.09965764
0.9969441
0.9953876
0.9926335
0.99781334
0.999925
0.8929751
0.99701107
0.91905004
0.99853146
0.98394865
0.87727225
0.96824193
0.9364161
0.9860723
0.99352634
0.6370119
0.99864906
0.9993629
0.95937115
0.9940064
0.951599
0.2275051
0.96973497
0.9965634
0.48097566
0.06358833
0.73485863
0.047463216
0.9967037
0.80891186
0.18320264
0.01914583
0.9955914
0.009811929
0.0028914267
0.9945359
0.99434847
0.99560934
0.09277156
0.05962766
0.006172542
0.9962857
0.021322219
0.6231594
0.85078955
0.9943922
0.77301145
0.9995245
0.99784017
0.99757737
0.9862912
0.008948216
0.99804544
0.9975128
0.9998654
0.7103487
0.999446
0.9976313
0.9663293
0.9340207
0.9958515
0.99681693
0.99493366
0.984767
0.9967686
0.99941885
0.9811302
0.9944035
0.9996111
0.796927
0.9988638
0.9965789
0.99449664
0.019853545
0.93063873
0.83690363
0.46852854
0.9716465
0.9947773
0.99384415
0.99181116
0.99771285
0.066311225
0.023580858
0.98300767
0.9970379
0.99364847
0.96956503
0.9985524
0.9954367
0.54035336
0.52666026
0.9914513
0.034564417
0.8002923
0.99891436
0.99882764
0.99824345
0.01574534
0.09624758
0.02037522
0.9962392
0.03834749
0.99442106
0.9229591
0.98847944
0.99871135
0.9960932
0.09532107
0.01410312
0.9950128
0.058555175
0.9894112
0.6873873
0.9829686
0.99845386
0.96625173
0.9974879
0.99398416
0.99775654
0.9785791
0.99753857
0.73223627
0.060998704
0.999188
0.937373
0.9931766
0.99890757
0.9385639
0.996097
0.0043741553
0.76336616
0.9985953
0.987038
0.99446493
0.9812284
0.9863143
0.97818166
0.047653683
0.9706692
0.07226089
0.99092203
0.9997243
0.9995746
0.9963003
0.9997756
0.78873646
0.85608447
0.99550265
0.9516149
0.99748766
0.9594999
0.9896932
0.5998998
0.9971308
0.9990239
0.85747766
0.99852705
0.99650204
0.99421036
0.97134745
0.99250585
0.97497284
0.99978596
0.96838075
0.10132367
0.9207593
0.99450463
0.80386704
0.9860598
0.9984276
0.048324257
0.94837445
0.9979982
0.99621683
0.008837901
0.9935621
0.5466801
0.7452574
0.98380625
0.9940897
0.99619293
0.99859065
0.9890932
0.99232775
0.5760722
0.8580077
0.99802196
0.96067494
0.999005
0.09660094
0.99777883
0.997026
0.9980925
0.99824995
0.9392006
0.9517198
0.8961641
0.9933688
0.9997887
0.99504846
0.9862651
0.91876054
0.9982901
0.9974548
0.9975231
0.9971162
0.99810565
0.6364175
0.97350854
0.99350053
0.96313953
0.08759463
0.9955805
0.99171376
0.4004082
0.082348555
0.99986994
0.9958274
0.36001465
0.8039584
0.99946517
0.9936035
0.99522686
0.99954516
0.9970757
0.99994004
0.9734942
0.9986695
0.008829969
0.12591834
0.9957748
0.9997204
0.99616855
0.99785477
0.9910136
0.6482239
0.9938992
0.99547297
0.99091196
0.037786733
0.99697936
0.9996809
0.9490809
0.9976908
0.99823904
0.9960408
0.6531248
0.29656175
0.9975115
0.9939255
0.9997818
0.010468927
0.9964707
0.1694384
0.9735975
0.9685921
0.9976428
0.9345261
0.9895237
0.9974253
0.99707365
0.9835359
0.99899477
0.9931217
0.99424237
0.9975781
0.9974759
0.9930415
0.91190594
0.9938105
0.9931734
0.995466
0.6148501
0.01849581
0.9785156
0.9721296
0.98633194
0.99360776
0.9152687
0.995372
0.99017847
0.060292713
0.9946844
0.99906904
0.99897206
0.9998996
0.9970999
0.9955656
0.998086
0.95442975
0.71677876
0.9999291
0.9947789
0.9755181
0.9709343
0.9888524
0.9956624
0.2426825
0.93686485
0.98908603
0.99722594
0.9976024
0.99706584
0.9814873
0.8424283
0.99597794
0.99664897
0.9853337
0.9976585
0.9947403
0.0083385855
0.99051803
0.88418657
0.955646
0.30243945
0.99281937
0.94742936
0.88154644
0.8368526
0.99248147
0.61841553
0.9881037
0.99825245
0.9999201
0.9953399
0.9743376
0.46123287
0.37710616
0.93882185
0.9933854
0.99418056
0.006500345
0.9852483
0.98318475
0.99881494
0.9977245
0.9203562
0.84826905
0.9548134
0.99423945
0.9957153
0.99844956
0.007059148
0.26071632
0.98086
0.99493355
0.9739664
0.99656194
0.96640146
0.9945338
0.9754381
0.06828153
0.99782324
0.9998524
0.993211
0.019715032
0.9970528
0.98963916
0.98606396
0.99921227
0.9908153
0.99761814
0.9982603
0.99865025
0.9961234
0.97557074
0.97521055
0.9774793
0.020152912
0.030845229
0.9998801
0.03410272
0.99178386
0.97726876
0.9988398
0.073440194
0.9958995
0.95948243
0.17333895
0.081154495
0.9987961
0.15351097
0.97661227
0.99274147
0.99425405
0.964673
0.97174376
0.6672176
0.098742515
0.9949361
0.9969989
0.9993723
0.99992716
0.99968743
0.9995432
0.9326329
0.9691628
0.015242602
0.8216332
0.6269917
0.081464596
0.34164372
0.9968272
0.9281068
0.99310064
0.9996412
0.9959533
0.23605196
0.9959805
0.9937377
0.9967514
0.90030605
0.9982014
0.9933036
0.9915529
0.99511224
0.98729855
0.9543077
0.9948655
0.9867966
0.9963862
0.941252
0.9968118
0.9454017
0.122133076
0.9320554
0.99714166
0.96510947
0.44464666
0.9994307
0.8312455
0.96492887
0.76622635
0.9978123
0.9957546
0.9897552
0.99425656
0.048293687
0.9983651
0.7828413
0.9936892
0.061867386
0.9916135
0.01810374
0.0049749967
0.86952305
0.9959793
0.54642797
0.99138993
0.029614585
0.9830016
0.414928
0.99327904
0.99925774
0.9928006
0.9964419
0.20688987
0.49817947
0.98675007
0.8225028
0.99859124
0.5160104
0.97578967
0.9886431
0.98947376
0.9779483
0.9945515
0.9971565
0.9880646
0.99197793
0.0048603523
0.12836903
0.89113593
0.9986291
0.9386485
0.9702838
0.99620914
0.99838996
0.99829143
0.3140036
0.9959747
0.99241126
0.9995072
0.9904364
0.9981146
0.9985287
0.9970829
0.9980247
0.99794596
0.99667895
0.89565
0.9881932
0.043632194
0.9945634
0.99037594
0.9920489
0.9999162
0.99323034
0.9986155
0.040384118
0.97475135
0.050751
0.90406406
0.7551161
0.9636478
0.029270194
0.045971993
0.9978241
0.0452088
0.9969984
0.98652554
0.99873835
0.9978776
0.9987153
0.9847888
0.99975187
0.96338075
0.99972135
0.8289268
0.9761263
0.99644333
0.97227883
0.8534073
0.99766505
0.9526278
0.9981969
0.9996444
0.01772825
0.99564976
0.99860114
0.08260125
0.9334301
0.85102034
0.11361495
0.94420266
0.9484641
0.02182902
0.9926918
0.035517346
0.0174594
0.9351615
0.7370268
0.9978114
0.99538016
0.9896215
0.37426853
0.9762679
0.99799687
0.013717963
0.99565744
0.9959694
0.8928984
0.9979438
0.095433466
0.35038558
0.99955493
0.9975879
0.8787988
0.9956851
0.992489
0.92236
0.9663095
0.99644995
0.9889953
0.99453765
0.9993166
0.9951533
0.016308451
0.99289507
0.9993973
0.022719122
0.9979673
0.9511409
0.99665064
0.9952217
0.99815816
0.1894743
0.9973181
0.9971717
0.9949852
0.99393636
0.92565155
0.9958189
0.5476695
0.9907059
0.98238695
0.99103796
0.059258785
0.9552916
0.9365453
0.9892201
0.9998741
0.58349884
0.1938518
0.04370943
0.98971456
0.9794763
0.0072590145
0.022890192
0.99728906
0.91490537
0.9894288
0.97955567
0.6561598
0.9991543
0.9887582
0.9970368
0.99646133
0.4296885
0.9951741
0.9976197
0.63943547
0.99661994
0.015515633
0.99953294
0.99976355
0.91891927
0.9567103
0.9946161
0.99527407
0.99298394
0.9973279
0.9872289
0.013128164
0.9552394
0.9001152
0.94240755
0.9950478
0.87729484
0.9975552
0.99638355
0.9969863
0.06781704
0.9854043
0.0017147844
0.99414515
0.93798685
0.9973546
0.30356127
0.97780836
0.999519
0.7778706
0.96409214
0.9703644
0.9959608
0.78114724
0.9960299
0.95732594
0.9923137
0.046293166
0.9957832
0.99807286
0.996088
0.9964474
0.9774138
0.9635964
0.9978661
0.0331196
0.99959165
0.9988115
0.9995858
0.99686986
0.0147802625
0.9969302
0.9986474
0.9998759
0.98789084
0.99377245
0.99942005
0.015943687
0.99399537
0.9834922
0.99425745
0.9947201
0.97925365
0.98714614
0.99839157
0.19398394
0.99425733
0.9964133
0.790383
0.30735147
0.9605357
0.030871723
0.48777413
0.03576326
0.9847073
0.985282
0.9951881
0.9998926
0.9607718
0.99717027
0.9618555
0.9934642
0.8281877
0.07019807
0.99763095
0.0076653925
0.9284626
0.96124476
0.99796283
0.9977702
0.99700445
0.9996044
0.013510473
0.9967842
0.99627626
0.97209555
0.976142
0.99700516
0.9961479
0.9779906
0.9740132
0.048663218
0.9941571
0.9792793
0.022836087
0.9980621
0.9971776
0.9890976
0.9972582
0.99695873
0.24987751
0.98990834
0.9890161
0.9996195
0.9583143
0.99422646
0.9909836
0.97840506
0.8451585
0.02544543
0.99539316
0.048658844
0.9984108
0.99070215
0.9967384
0.99400383
0.99840313
0.9976332
0.6225497
0.037212044
0.99868506
0.9674771
0.029444702
0.035027675
0.6023609
0.99684453
0.9928388
0.01221041
0.991814
0.5641809
0.9971859
0.9954627
0.9985958
0.903652
0.02524862
0.955425
0.9990213
0.5227446
0.30308688
0.58366776
0.9976185
0.9971692
0.97527236
0.013505123
0.99909353
0.9800947
0.9999187
0.9992235
0.9982622
0.99691343
0.9679663
0.9997272
0.9989195
0.93704295
0.9980101
0.9915059
0.9869211
0.99847144
0.9873646
0.99772257
0.693502
0.98256505
0.9972567
0.9981019
0.9977798
0.98721087
0.99869764
0.99770063
0.86264104
0.9891695
0.9970716
0.98484725
0.13491797
0.99647385
0.00808734
0.99439853
0.99660146
0.997851
0.9768122
0.8844695
0.9452483
0.9934947
0.99175924
0.66567916
0.8627162
0.98417574
0.9939342
0.996999
0.998422
0.9297062
0.9994087
0.99830675
0.975514
0.9555233
0.9957866
0.96302295
0.99228984
0.051771913
0.9957599
0.9952618
0.99034965
0.957336
0.019216843
0.024702992
0.97326034
0.997884
0.98923385
0.98966426
0.9943389
0.999503
0.925256
0.79802984
0.98208034
0.9988158
0.9459066
0.9912548
0.82486343
0.9583367
0.998887
0.09839562
0.99902284
0.9911844
0.99867463
0.993519
0.22955921
0.9999027
0.9973828
0.9962752
0.9463664
0.9986135
0.98737216
0.5928247
0.96090025
0.9001106
0.9981129
0.99897254
0.38456568
0.9922537
0.8720025
0.99575657
0.71736217
0.4932106
0.9979803
0.29705366
0.028728291
0.24411978
0.98377836
0.9966799
0.9945098
0.006023131
0.7474173
0.99428815
0.997623
0.99885166
0.10476635
0.98648965
0.99173015
0.046464875
0.9897711
0.9724334
0.9913254
0.98860836
0.9443065
0.96243364
0.99820685
0.902359
0.9958859
0.0049453946
0.9875145
0.9852363
0.75895923
0.584147
0.9978689
0.9896109
0.10804433
0.98852706
0.9964958
0.9970655
0.9928745
0.99055
0.9336161
0.8742069
0.99738675
0.84579426
0.99920803
0.9994406
0.989037
0.99129945
0.9960258
0.99936193
0.99309933
0.99690264
0.9979298
0.9979044
0.96131945
0.990012
0.9976877
0.9864596
0.9932487
0.9955302
0.91054136
0.9982741
0.7722869
0.989737
0.97839
0.051637348
0.94869125
0.99959534
0.9993154
0.1064333
0.99814475
0.9990233
0.080914155
0.99226826
0.99973494
0.012771873
0.98870987
0.8485743
0.084139824
0.99803966
0.96532196
0.037866637
0.026639238
0.99990296
0.7173415
0.9996911
0.9917904
0.028859373
0.99654275
0.9893141
0.99021065
0.99639624
0.8824614
0.024733912
0.9908008
0.98841476
0.9825915
0.071490414
0.99612194
0.96370083
0.9974165
0.09098277
0.94719285
0.9996741
0.9994825
0.91306573
0.9981781
0.081199594
0.9965244
0.38451463
0.18839103
0.0023513776
0.99929893
0.53679943
0.81528306
0.020945
0.98858184
0.9905004
0.9954508
0.9978346
0.8362389
0.995996
0.9944845
0.98939145
0.9950588
0.91257644
0.9668082
0.9935675
0.9925249
0.666127
0.97539365
0.9975944
0.99560803
0.9929542
0.9984226
0.9977145
0.99755657
0.9945257
0.99965465
0.992728
0.99435717
0.97515523
0.9975273
0.72334623
0.9955265
0.94293326
0.893178
0.99549353
0.9918828
0.01374307
0.9806404
0.9932498
0.2792794
0.9982408
0.72942084
0.21973516
0.9912108
0.0054973345
0.9985891
0.80442065
0.99713326
0.06841074
0.9995628
0.9957182
0.9912368
0.9994491
0.99800545
0.99853384
0.97458875
0.9965109
0.6143855
0.99803644
0.8475188
0.0057995897
0.9956098
0.9591283
0.99887234
0.95870274
0.9997551
0.008331711
0.97577775
0.9990446
0.6957062
0.9957709
0.99428856
0.99245244
0.009074124
0.98978806
0.1072677
0.9940931
0.99776995
0.99801683
0.96086234
0.9906296
0.9922404
0.99728847
0.9584284
0.99712795
0.9941749
0.9984465
0.10408571
0.9998443
0.0031498459
0.99335057
0.9764637
0.92498565
0.9693838
0.92049295
0.8718087
0.99956614
0.9901046
0.22097847
0.99266183
0.9960322
0.99775106
0.9968645
0.9924716
0.9611706
0.96581185
0.9972012
0.27664903
0.04473269
0.98624957
0.98709375
0.9971078
0.98492026
0.9942836
0.4692496
0.99743134
0.9958566
0.99758446
0.99341774
0.9909428
0.0064272285
0.98705614
0.04264841
0.98702335
0.9826963
0.98810405
0.98647875
0.24302047
0.9936419
0.98570627
0.021941228
0.999723
0.9990735
0.9911822
0.999793
0.98408234
0.008812029
0.988605
0.013459212
0.9928953
0.9898699
0.9981139
0.99392694
0.9951597
0.7030345
0.9937649
0.9882683
0.9983901
0.99529725
0.49226412
0.9991479
0.9605975
0.7424602
0.99718046
0.6936572
0.9726964
0.9941486
0.9993333
0.99569714
0.9987343
0.99969983
0.9932713
0.99822646
0.0095784385
0.996783
0.9925673
0.9779248
0.99593025
0.99682766
0.6094111
0.99955004
0.9995523
0.055180766
0.9944084
0.88769287
0.99736845
0.99279904
0.9979286
0.99506915
0.99765754
0.9969489
0.99826825
0.9958621
0.99693006
0.999648
0.99221873
0.99599683
0.99817264
0.9930696
0.9908489
0.9762517
0.70235425
0.9935436
0.03818266
0.31497526
0.99402136
0.015969092
0.99835384
0.9965976
0.9967235
0.98099905
0.99315155
0.98896444
0.99439996
0.99438655
0.99777055
0.99783
0.032163583
0.17741975
0.99291575
0.99725074
0.9964328
0.9950004
0.99153113
0.9973719
0.98979634
0.9979119
0.9632856
0.0065226415
0.960718
0.04386239
0.98236865
0.9954081
0.42126876
0.721436
0.9944048
0.9984486
0.49807554
0.98823977
0.13893116
0.99136996
0.99585944
0.99716586
0.9955016
0.84361297
0.9861946
0.8866783
0.9958407
0.987683
0.04728727
0.9823046
0.882887
0.006094696
0.9374345
0.81693137
0.976766
0.96715796
0.99778336
0.32444787
0.99896026
0.98044777
0.9972248
0.9977793
0.9919518
0.26901352
0.2050187
0.8058585
0.99672395
0.9964714
0.54831177
0.7342843
0.9943597
0.96517766
0.98780185
0.903207
0.7917515
0.9979242
0.028462157
0.58912563
0.9990508
0.98798835
0.98954576
0.99726725
0.9982408
0.99831283
0.29805484
0.9988104
0.99366647
0.85475147
0.999711
0.99083734
0.5431216
0.99773335
0.9947448
0.98987806
0.03808478
0.9977144
0.99791116
0.99543095
0.99736804
0.99228173
0.99818265
0.9662474
0.88820815
0.07658442
0.996382
0.9984193
0.5949525
0.85879594
0.99509084
0.9982863
0.46325204
0.9934337
0.99651575
0.9975936
0.055159748
0.9923103
0.15879732
0.9322401
0.9926743
0.9248178
0.34381047
0.9855882
0.031934723
0.9726165
0.9915189
0.07884924
0.64928764
0.99166405
0.97857165
0.9944988
0.0019989242
0.99096596
0.0039888383
0.9954334
0.99300367
0.62076724
0.97279334
0.33729014
0.9838716
0.99810696
0.99699056
0.008372587
0.5613129
0.9973145
0.99577737
0.9989215
0.9982526
0.9974554
0.99545926
0.05180274
0.14121959
0.99535793
0.99822646
0.9302584
0.6435868
0.98894554
0.9866595
0.9981192
0.98773336
0.9963296
0.00646711
0.95566887
0.8550893
0.968789
0.99444854
0.9961546
0.76915604
0.9734697
0.99769646
0.9847445
0.9937785
0.8577881
0.9987913
0.99983704
0.23546751
0.99174047
0.96070313
0.049528033
0.735661
0.99611133
0.10036318
0.97670597
0.09371337
0.9882025
0.61262906
0.99410534
0.8868341
0.74458677
0.9710966
0.9867504
0.9529206
0.7535545
0.8074121
0.7067119
0.9992648
0.9986908
0.99985576
0.99772733
0.024472648
0.95612407
0.9921997
0.98815453
0.9973241
0.31790093
0.9949143
0.9933929
0.9971929
0.057547886
0.9475656
0.9963967
0.99987125
0.9956339
0.9989699
0.98727345
0.92485255
0.9995003
0.9955916
0.9997558
0.005153823
0.97783524
0.9862698
0.99218607
0.9967529
0.99941325
0.96930647
0.99961936
0.989814
0.8784236
0.37358138
0.99693143
0.99647826
0.9995734
0.0035253996
0.97048205
0.98768103
0.99916947
0.9983316
0.067269325
0.9996025
0.84636354
0.99793786
0.9822865
0.99982077
0.99169534
0.0854363
0.98930615
0.9941654
0.99553204
0.9972383
0.020460468
0.88452476
0.011018656
0.7222383
0.97281206
0.041065797
0.9888538
0.99761164
0.99587905
0.9999008
0.9987286
0.98628855
0.99556583
0.9988802
0.9979804
0.9797611
0.008724649
0.9995993
0.91171724
0.99327093
0.4019509
0.57176775
0.9968772
0.9994573
0.011112845
0.9971124
0.99770856
0.99313885
0.66835773
0.99959654
0.9987765
0.9622434
0.9944014
0.99307466
0.9940866
0.99047244
0.99959797
0.9982488
0.9986607
0.9862656
0.99315876
0.550638
0.7239467
0.84262294
0.9940149
0.8172922
0.99531955
0.9933563
0.021057494
0.9977252
0.9998
0.9981061
0.99804735
0.023585392
0.9963127
0.8369861
0.12071182
0.9727887
0.9545578
0.9818331
0.9764454
0.99506676
0.7121372
0.99396485
0.98429376
0.9816202
0.9997023
0.98601717
0.9977769
0.6378326
0.1632237
0.9909444
0.9833651
0.9867727
0.9949877
0.99733955
0.9975495
0.99582493
0.99919945
0.97926027
0.94341815
0.9617634
0.99222344
0.031884816
0.74545276
0.9773791
0.9999362
0.923682
0.9988242
0.9984836
0.9974833
0.5795218
0.99790645
0.9612354
0.9997894
0.99451494
0.6757404
0.98798907
0.052020058
0.9882471
0.006684791
0.9979613
0.9863732
0.46444374
0.9956819
0.9973636
0.9966528
0.95674247
0.86785597
0.98531485
0.99407506
0.4626156
0.98167497
0.5566962
0.98949146
0.9907514
0.091713
0.9471317
0.010362096
0.99798214
0.99691004
0.9943
0.96661067
0.98577785
0.9976502
0.99605525
0.99732345
0.009152495
0.9811441
0.9984097
0.99776137
0.9930951
0.99580413
0.022459816
0.2774456
0.9997781
0.9971359
0.9158937
0.7915212
0.99931765
0.15336233
0.931859
0.012523596
0.99677366
0.97809243
0.982016
0.9903868
0.99655885
0.99798656
0.9946569
0.9987631
0.99191815
0.010359158
0.9923382
0.25698474
0.114361346
0.48128825
0.9983619
0.997253
0.9902756
0.9999068
0.6221761
0.9980388
0.018323675
0.99059474
0.006671203
0.9916967
0.99272573
0.01689078
0.99649066
0.99985456
0.9983163
0.983725
0.9998349
0.91547465
0.98265773
0.997654
0.99805754
0.9957397
0.9869652
0.9920746
0.019131863
0.982487
0.02689668
0.9910222
0.99771
0.15175886
0.9931607
0.08325869
0.9985073
0.9971252
0.99333996
0.98488104
0.16906972
0.9947627
0.990231
0.017057745
0.9020582
0.99828255
0.0066716326
0.9973109
0.95895165
0.94637305
0.41016406
0.32154304
0.7492627
0.19876298
0.99423665
0.9999238
0.9885804
0.9681691
0.99772006
0.7019993
0.2636863
0.99733377
0.06071283
0.99834573
0.025243059
0.9965174
0.03381857
0.018820362
0.99829715
0.20242405
0.99257034
0.9978721
0.93147564
0.9993395
0.16038635
0.997897
0.99937963
0.2258123
0.8874829
0.027672386
0.9942846
0.9877966
0.9894202
0.99215525
0.9920116
0.9882053
0.98608124
0.99080676
0.9892579
0.09316138
0.9994666
0.004586935
0.9980994
0.094842955
0.24029076
0.0914263
0.99397224
0.9960104
0.99870706
0.97950095
0.99946934
0.99877733
0.9997036
0.99794585
0.98336387
0.99125797
0.959366
0.14533953
0.99934906
0.98628485
0.998126
0.043362666
0.9650088
0.9823669
0.9967257
0.99561274
0.96590704
0.9965603
0.9908212
0.92759246
0.99498284
0.99718386
0.42639324
0.9946102
0.9839271
0.99862313
0.9929503
0.9986803
0.03703823
0.085380614
0.9969664
0.997897
0.004612098
0.88374776
0.99894696
0.84189725
0.9955884
0.041513585
0.47897232
0.99361295
0.98913085
0.27382722
0.9976186
0.98814607
0.99940825
0.9397911
0.24637645
0.99758255
0.108127765
0.9953609
0.9917727
0.013891577
0.9981598
0.87393916
0.06089653
0.9929501
0.83342415
0.9987264
0.9832646
0.99299943
0.73666626
0.76254684
0.99668664
0.99289685
0.9895181
0.9985127
0.9978975
0.96644956
0.94512135
0.99806124
0.9284342
0.99517787
0.9287483
0.98924786
0.01172166
0.99795204
0.56569326
0.97916347
0.9974159
0.1375235
0.9973671
0.9999012
0.04656586
0.9849733
0.1630736
0.84184885
0.9958152
0.98917353
0.51181495
0.99765104
0.9968368
0.99616724
0.9637912
0.80582947
0.9895838
0.9986934
0.98907405
0.055262998
0.8800851
0.99339664
0.99849975
0.34938926
0.9966253
0.9998933
0.9920901
0.99970466
0.9968882
0.39703417
0.99856037
0.98875266
0.9996979
0.9992434
0.97556645
0.9858643
0.89706564
0.99495983
0.02952638
0.99756527
0.26737866
0.96584773
0.012678891
0.9759123
0.9942147
0.72166926
0.9970229
0.99963367
0.009384001
0.99097896
0.8579083
0.98570085
0.56352377
0.9802501
0.9995414
0.3589162
0.99528766
0.9969885
0.99657756
0.9407799
0.020917902
0.99933666
0.99309677
0.06035591
0.997051
0.9975961
0.98102665
0.9744598
0.03321274
0.9815902
0.99959844
0.013072101
0.9988324
0.98456234
0.025797792
0.99737275
0.01103256
0.996572
0.9778357
0.99701333
0.993644
0.58120924
0.9983878
0.037502397
0.9566299
0.99940073
0.97263145
0.9999018
0.99987197
0.9856631
0.9974273
0.960913
0.007572456
0.1647544
0.66686136
0.9980566
0.8889064
0.99863464
0.98583686
0.9866432
0.9982027
0.9962393
0.9947806
0.15675052
0.9934749
0.0078358045
0.9955752
0.9946772
0.99892944
0.9967738
0.9957847
0.021959204
0.9956435
0.99951935
0.97185135
0.905817
0.85592926
0.99376065
0.99932384
0.98836154
0.9765718
0.99221987
0.9993667
0.99608576
0.99840254
0.99830246
0.90271926
0.9979498
0.9725771
0.9997943
0.9981013
0.98991895
0.9915631
0.99184555
0.99417675
0.9979954
0.14537284
0.99674857
0.9949418
0.5617788
0.98891604
0.9975019
0.999866
0.99482805
0.9998498
0.8890882
0.9922861
0.9236359
0.017452441
0.99128646
0.2823331
0.99877244
0.9977586
0.851729
0.99314743
0.17883085
0.9956363
0.53661764
0.9889675
0.036963444
0.9986083
0.22434093
0.635029
0.99856216
0.9942017
0.9963491
0.9879969
0.99711895
0.99403054
0.9987519
0.99682885
0.99508494
0.9850782
0.15182042
0.99512285
0.9980787
0.98972076
0.12585896
0.99729794
0.9974203
0.9979608
0.99911886
0.99889743
0.9977715
0.9983027
0.059934206
0.25058135
0.82879746
0.99858594
0.265093
0.99759597
0.032335132
0.015224153
0.9237265
0.9929624
0.3392224
0.9995623
0.9971731
0.9965004
0.96090364
0.99056935
0.99382496
0.9837308
0.9940149
0.9988556
0.99019974
0.9993882
0.9753998
0.06262124
0.6457136
0.12893106
0.9950852
0.013547733
0.99165255
0.9957728
0.007614163
0.9881792
0.45740524
0.99720997
0.98527884
0.99389017
0.99826235
0.017637879
0.9690939
0.9920557
0.99288213
0.9935448
0.036509532
0.9947798
0.9316296
0.9993069
0.8018743
0.3759082
0.9997913
0.3254883
0.3809133
0.96318763
0.9974099
0.052536022
0.99704427
0.99712545
0.9915706
0.9857847
0.98485076
0.12029606
0.9987249
0.99684614
0.007553962
0.9285666
0.9973346
0.9997824
0.9978131
0.9918731
0.9635992
0.44315395
0.06182689
0.9996371
0.26061
0.03084116
0.99578756
0.9998896
0.9986526
0.9928722
0.08707884
0.9948407
0.99836177
0.43453002
0.95873654
0.99906355
0.9997774
0.9973699
0.056640998
0.9028232
0.89395297
0.93849194
0.99602497
0.8752949
0.9950879
0.9578658
0.97106296
0.9929496
0.99856746
0.015795892
0.9995084
0.9888686
0.2480599
0.945489
0.028297259
0.65093577
0.46430773
0.98912853
0.7840046
0.996653
0.43141654
0.9946964
0.99438065
0.6861929
0.96551883
0.9992101
0.977725
0.9994531
0.7514301
0.9864586
0.011226926
0.9983511
0.97760314
0.9930577
0.99530774
0.92685604
0.9670387
0.9986381
0.04604384
0.9566203
0.021836363
0.033972975
0.99948394
0.84432995
0.9883504
0.99754083
0.5792111
0.9995875
0.9965419
0.99517435
0.020275543
0.98652285
0.02348541
0.9985643
0.9936342
0.9502906
0.9975479
0.26706496
0.9957445
0.5969536
0.9936267
0.9993235
0.98790413
0.9989078
0.30806786
0.075237475
0.9999136
0.8946226
0.9760894
0.95076895
0.99646264
0.996363
0.98768693
0.99589634
0.99967706
0.063659206
0.97860366
0.9938572
0.021232266
0.9834079
0.87800413
0.99163294
0.99574065
0.9936907
0.98879236
0.9950008
0.996539
0.039945304
0.9024398
0.9982718
0.99730396
0.9335775
0.9984432
0.99900335
0.9080766
0.994978
0.055035796
0.81859595
0.008023948
0.9971865
0.9987118
0.996914
0.9850476
0.98974544
0.9935241
0.99832505
0.98084885
0.9773526
0.9968092
0.9964838
0.99755883
0.998387
0.99137664
0.032484245
0.99689734
0.9898565
0.99752074
0.7891273
0.9988576
0.52002186
0.8254476
0.99709237
0.094899975
0.9816529
0.0897599
0.99658895
0.77783537
0.9996414
0.993005
0.99168515
0.98671603
0.9989936
0.9912145
0.8984446
0.00421583
0.99478614
0.9836676
0.99684143
0.9986327
0.9750481
0.9969579
0.9982646
0.9940759
0.9710152
0.9964276
0.99853206
0.9935383
0.9996276
0.88630396
0.9892157
0.9948695
0.9978284
0.9791332
0.9982437
0.9929865
0.9838864
0.0034531346
0.82997704
0.99664176
0.5116961
0.9985946
0.99824417
0.9992017
0.5532145
0.9896605
0.073278934
0.9926623
0.028027784
0.11405607
0.7097691
0.9951461
0.99400926
0.9620268
0.0914572
0.96820796
0.995165
0.9967906
0.99866104
0.9545291
0.9970336
0.9826818
0.7081667
0.9992211
0.99938834
0.991184
0.9883647
0.021706024
0.592006
0.96258736
0.99813974
0.33029115
0.6676127
0.17774312
0.99117064
0.9820942
0.99769104
0.9789259
0.6873752
0.8081933
0.99590635
0.9980149
0.38581628
0.9539451
0.9438757
0.99780947
0.96204644
0.9764797
0.12829986
0.99572927
0.8933191
0.9739826
0.6728124
0.64491665
0.99600524
0.9749025
0.9327586
0.9945387
0.9986627
0.013958605
0.99709535
0.99727124
0.99813193
0.67245495
0.9945201
0.9976974
0.99916935
0.9926248
0.089292794
0.95242685
0.98989797
0.49040082
0.9993968
0.99628556
0.99033433
0.9700548
0.9507945
0.9989458
0.99520725
0.9976451
0.22040747
0.9963773
0.9929959
0.99707675
0.9970197
0.9288712
0.47206116
0.9910982
0.83484983
0.99441236
0.99393636
0.35852233
0.018175583
0.042977225
0.9862038
0.9978027
0.9923638
0.76370186
0.9982116
0.9972447
0.9954267
0.85003746
0.5121906
0.9997023
0.99840254
0.0068489006
0.014364576
0.12373918
0.9965193
0.99341244
0.92754483
0.9952892
0.012641413
0.9943434
0.97587174
0.99744093
0.9839305
0.9861406
0.9896485
0.9980563
0.8658607
0.9942782
0.9716114
0.0154547775
0.9500787
0.9954601
0.998615
0.99638736
0.5305569
0.24309163
0.9983943
0.8528931
0.9959019
0.9951432
0.9958983
0.13400695
0.9993106
0.9257723
0.99658513
0.88593674
0.99813807
0.10437872
0.99249977
0.92674917
0.9951385
0.99989414
0.9937728
0.98876125
0.9856712
0.9931526
0.99557614
0.9898212
0.995207
0.95797545
0.9987471
0.99566025
0.67073625
0.9963115
0.21740408
0.07428867
0.98816633
0.94843245
0.99907506
0.24635437
0.8876293
0.9844099
0.93518525
0.99836427
0.99375135
0.9997124
0.88352746
0.9967452
0.9957268
0.9945932
0.99743843
0.9969066
0.02863528
0.008825325
0.17584433
0.7871009
0.99379796
0.9572136
0.012862337
0.9881649
0.8857059
0.98988086
0.99832624
0.9343656
0.022459267
0.9978217
0.98763907
0.58242357
0.95140105
0.67035145
0.9948087
0.0049214642
0.8597752
0.99815375
0.93948835
0.03847351
0.95781916
0.9715749
0.12487576
0.9984888
0.992434
0.813504
0.992504
0.9989281
0.99191236
0.9957698
0.99581283
0.996234
0.99483263
0.98993975
0.99056447
0.997869
0.99887615
0.011636152
0.5301125
0.99536693
0.9978218
0.9588836
0.8317931
0.99544734
0.9846224
0.9860647
0.1380493
0.9932025
0.9931271
0.99986076
0.9654617
0.9802156
0.93112177
0.9316237
0.86168617
0.9978669
0.9826948
0.9954917
0.9988972
0.9660394
0.99891627
0.9955609
0.090829715
0.052561898
0.023740785
0.9831171
0.9681497
0.99427116
0.99628544
0.9978625
0.060544655
0.95332587
0.10705573
0.78096616
0.99569064
0.9974607
0.035332933
0.9969433
0.02858476
0.051955182
0.99715155
0.032509398
0.96603715
0.01071721
0.0030841217
0.9982711
0.9440927
0.05055771
0.017442435
0.99854976
0.9936371
0.005270011
0.9838702
0.99287593
0.9985001
0.24887617
0.42443937
0.9984157
0.9978102
0.99502003
0.97287905
0.043137167
0.9903386
0.93179
0.9664714
0.9978398
0.99686426
0.99170774
0.9914336
0.9995784
0.9496672
0.9992291
0.7615625
0.9984322
0.9963697
0.9932894
0.049208645
0.99708575
0.88508815
0.9964629
0.9877329
0.71964365
0.9975176
0.9988317
0.021646919
0.9909803
0.99605596
0.0740572
0.96329886
0.94907635
0.99874145
0.013199951
0.9907787
0.9985102
0.846254
0.98488545
0.99175173
0.9961442
0.9854938
0.9987796
0.81647414
0.03454281
0.010931238
0.9996573
0.9969836
0.9977603
0.9971596
0.9991762
0.986324
0.9946155
0.9638293
0.99833435
0.8404763
0.9303274
0.9957709
0.9994429
0.030932687
0.98561597
0.2212647
0.06639911
0.99976164
0.93613183
0.987931
0.99809915
0.008929739
0.995802
0.041167952
0.99143106
0.9891172
0.9499196
0.9861215
0.76575965
0.8809919
0.9888204
0.64273924
0.6123875
0.9945169
0.9943492
0.997531
0.95257425
0.99103606
0.9965405
0.99752694
0.99781466
0.25884864
0.9996524
0.99616647
0.90435785
0.9938612
0.029065527
0.8468781
0.99514186
0.99698985
0.9950407
0.98316205
0.10182727
0.99565303
0.998365
0.99938476
0.9953785
0.98233736
0.9887201
0.9126856
0.99903464
0.996765
0.9984598
0.9562743
0.99804795
0.9931687
0.07596821
0.9849303
0.30052304
0.9901799
0.8385174
0.021237012
0.8621251
0.03889443
0.9999118
0.9894243
0.9963347
0.9871565
0.99809843
0.5180767
0.99793905
0.9971892
0.99860954
0.9994055
0.9956203
0.9939621
0.99530256
0.99368346
0.9961094
0.99904794
0.2881607
0.74481964
0.9977714
0.99871194
0.9862601
0.9943949
0.9958982
0.055339836
0.12836364
0.6583333
0.9982774
0.25198236
0.073578715
0.9972838
0.92984664
0.9994892
0.99619055
0.08100139
0.96464443
0.93443125
0.9963917
0.044612054
0.065584816
0.9877049
0.9961647
0.9985593
0.9967601
0.99790984
0.99941885
0.99870634
0.9952448
0.80297136
0.99796176
0.99748886
0.99911994
0.99966764
0.99495006
0.99879515
0.9978613
0.9333993
0.8388262
0.96378577
0.9970854
0.8457613
0.007950072
0.99541867
0.99954236
0.9976962
0.89919055
0.9953714
0.9972119
0.9977429
0.9974445
0.99926573
0.022419054
0.9602603
0.9869086
0.9957345
0.99340385
0.9751676
0.0072666565
0.99441874
0.9934169
0.9993168
0.79805344
0.9918779
0.99788135
0.9999304
0.030597962
0.95383185
0.9879594
0.9993231
0.99714077
0.98546
0.9922895
0.057049047
0.19827932
0.91273415
0.014826319
0.9349532
0.997809
0.9927335
0.9985072
0.04982887
0.98470694
0.8960821
0.50670356
0.99608445
0.85816854
0.97497356
0.99506086
0.25810638
0.99620324
0.9592251
0.9680007
0.046367094
0.8124171
0.97082525
0.038933333
0.79720646
0.99472046
0.014241411
0.16183442
0.9975637
0.99762255
0.84855187
0.07175905
0.9896361
0.024448182
0.99769956
0.89189243
0.998684
0.9330865
0.9982974
0.99802446
0.997912
0.9977003
0.9966455
0.9858328
0.5868919
0.04253233
0.9895196
0.99907434
0.9952513
0.9993782
0.9425724
0.99991727
0.9922714
0.99588495
0.9159646
0.9774534
0.9937902
0.98531556
0.998268
0.97554237
0.9918473
0.9897668
0.87804294
0.96090704
0.99103534
0.9986014
0.99619615
0.96401215
0.5563471
0.99830437
0.999052
0.9992206
0.9796326
0.034276254
0.42948166
0.017375875
0.6214797
0.9982488
0.9436655
0.6764369
0.9995486
0.99110454
0.9404422
0.9989767
0.009827531
0.09863228
0.98479885
0.9920912
0.99773395
0.99414515
0.9880926
0.99929476
0.9984371
0.9830731
0.99794394
0.99896383
0.9999286
0.9926623
0.999413
0.84448016
0.99714017
0.9853834
0.9986625
0.80193776
0.9990416
0.9984529
0.9878885
0.9990839
0.64924425
0.9997913
0.99857795
0.9991073
0.74068195
0.029017506
0.8653851
0.89945614
0.9912196
0.99651474
0.9945208
0.99856263
0.9969043
0.04500511
0.99764544
0.033866245
0.9871587
0.94047636
0.99395543
0.99910384
0.9988086
0.9947259
0.9953998
0.04005019
0.14497294
0.061689883
0.7397553
0.9694233
0.9836384
0.0049710185
0.95395106
0.9859351
0.48440325
0.014443792
0.9981342
0.9965569
0.9972402
0.99141836
0.99542373
0.017870141
0.9949254
0.9944577
0.043681208
0.9990386
0.9990368
0.9944459
0.99812907
0.9738338
0.99849963
0.9966828
0.9999051
0.9951747
0.9989808
0.028179215
0.9926764
0.37142044
0.9935169
0.9997003
0.9829789
0.998804
0.9999471
0.9989849
0.9968472
0.9832939
0.998085
0.9963676
0.97513914
0.99699664
0.9960735
0.986966
0.015584335
0.9858225
0.99619174
0.03183472
0.99791676
0.99600345
0.99706036
0.92618984
0.99620974
0.99515826
0.77139705
0.99933225
0.92614436
0.029205283
0.015397051
0.83622813
0.998676
0.52741456
0.998184
0.9947391
0.999265
0.9149762
0.066035464
0.99066305
0.98868376
0.9236395
0.062034126
0.99099183
0.99743325
0.99632853
0.99438924
0.9873158
0.9944847
0.05238713
0.9993704
0.026357902
0.9212655
0.97224945
0.3812308
0.9742132
0.99974006
0.16934736
0.9992538
0.60144013
0.028309673
0.9992131
0.9991104
0.70169383
0.02104495
0.99647033
0.97195697
0.99821186
0.99803597
0.99943584
0.99662364
0.34154737
0.9983571
0.9987406
0.9991235
0.87661034
0.99446684
0.99786466
0.9974039
0.54730093
0.98298097
0.8959467
0.78978276
0.920545
0.2709688
0.05107236
0.98873854
0.9941824
0.9924325
0.94916034
0.99914753
0.05415819
0.83316064
0.99854773
0.99871874
0.99836975
0.16376038
0.5854459
0.85489815
0.97929114
0.99992526
0.9982451
0.992896
0.035075624
0.0056551816
0.8879537
0.09033335
0.03701725
0.99931526
0.16889761
0.9996424
0.9957509
0.99585104
0.9994363
0.9996784
0.99473983
0.4753932
0.8922856
0.9950582
0.99432725
0.9905839
0.06212941
0.03216198
0.8268613
0.99856746
0.994863
0.7278191
0.997561
0.9928328
0.99739885
0.9955527
0.997012
0.99454546
0.998248
0.158382
0.74521893
0.99880517
0.009787401
0.9922529
0.9771463
0.99879646
0.9587588
0.98970056
0.0028882897
0.8758376
0.9712355
0.6586593
0.9054603
0.99885213
0.041252557
0.99601644
0.9387951
0.055183597
0.99618274
0.862147
0.82810324
0.999882
0.9975337
0.9936103
0.99913836
0.9725089
0.9112213
0.99924445
0.9955224
0.6314478
0.99582976
0.604779
0.9923109
0.031989586
0.99389243
0.9964065
0.98996884
0.71401274
0.99533916
0.9909285
0.9341477
0.9898372
0.9974591
0.92922354
0.056611948
0.9984427
0.99442047
0.9627071
0.9966043
0.04204629
0.9973659
0.96260005
0.9493047
0.9928838
0.9967961
0.9995921
0.9696451
0.9969702
0.8977829
0.91947657
0.9606699
0.983951
0.0022816989
0.9199302
0.9801461
0.98779607
0.9990295
0.99938035
0.9982327
0.9498197
0.99860436
0.94821644
0.032376427
0.031825878
0.97841793
0.5266323
0.9961482
0.9995701
0.023889424
0.98306644
0.9872092
0.99561936
0.24260555
0.7909648
0.9948301
0.7986968
0.84575284
0.032935
0.9894638
0.72230405
0.9994815
0.011831565
0.981517
0.9951298
0.9101941
0.9285987
0.98981327
0.9992111
0.9929663
0.994793
0.9913282
0.046892185
0.9995158
0.99911433
0.99593973
0.5862674
0.9864275
0.0024606616
0.56924206
0.9972908
0.2398572
0.032137047
0.9998534
0.99579793
0.99464285
0.9941881
0.82063526
0.98741466
0.9988005
0.005143838
0.9957177
0.108097166
0.6576847
0.9928329
0.48942652
0.88526285
0.9953324
0.99462885
0.9994972
0.9947279
0.99214077
0.99590296
0.50447243
0.99969435
0.9883463
0.9915467
0.9914825
0.9989642
0.9990621
0.99339676
0.21067055
0.99399996
0.9941468
0.99923253
0.9928681
0.9996325
0.9999027
0.83534783
0.6624918
0.9869277
0.9983322
0.7249618
0.99724317
0.9793646
0.9951875
0.03616246
0.9446138
0.99927
0.8038882
0.9961708
0.99938965
0.03255409
0.71075153
0.04769232
0.9853366
0.9952186
0.992615
0.99883515
0.9947509
0.84808356
0.98672056
0.020244474
0.021466104
0.99687994
0.9609628
0.07576003
0.9984767
0.9960372
0.9961112
0.9578932
0.014375881
0.0144139705
0.940462
0.9996166
0.9796458
0.9982333
0.9958645
0.9973043
0.9595984
0.9955754
0.99665475
0.9895996
0.16945247
0.9957194
0.99650973
0.979845
0.99807966
0.9489496
0.8628213
0.99868006
0.02218456
0.99659795
0.9770458
0.997021
0.98885506
0.99961543
0.99872094
0.99139285
0.9946319
0.97675735
0.9992743
0.99606776
0.97404885
0.99912494
0.99875855
0.99705744
0.8550548
0.99811125
0.99672675
0.9861718
0.9822266
0.9594834
0.9986753
0.9966779
0.99256974
0.9985501
0.99482214
0.9961499
0.9915937
0.99845064
0.97354
0.75635207
0.96339834
0.9898113
0.99460703
0.9889432
0.99696356
0.6504984
0.008011027
0.99610233
0.9972488
0.99081504
0.9987257
0.99718297
0.0097830035
0.999218
0.9954972
0.7059679
0.11562191
0.9947554
0.7836109
0.9147176
0.99684554
0.99379635
0.99944645
0.8815492
0.80829364
0.57378143
0.99801147
0.979202
0.0029889045
0.99654883
0.9997043
0.9911747
0.9995814
0.9832282
0.99504954
0.99647033
0.47856593
0.99963176
0.99828184
0.017736167
0.9867317
0.016951434
0.9959253
0.99878305
0.99473035
0.9822711
0.9681585
0.84525275
0.9940171
0.9994566
0.9962089
0.2847383
0.017318709
0.99782735
0.99674064
0.9925685
0.9940889
0.9970163
0.8105419
0.09361683
0.6504749
0.7773161
0.9992803
0.057111647
0.97198516
0.9992638
0.16634536
0.99692947
0.11249163
0.9906063
0.9952502
0.6666944
0.99764425
0.7076215
0.06294338
0.33107984
0.9979753
0.69541687
0.997414
0.9935355
0.99712807
0.06877907
0.996491
0.99584866
0.98870194
0.8741334
0.993371
0.99781275
0.012047479
0.99675447
0.99978
0.19499606
0.26513907
0.0786947
0.99349314
0.99601644
0.9989391
0.9524265
0.0061077164
0.055674005
0.99832684
0.99769324
0.995307
0.16321646
0.01073342
0.10432036
0.58078456
0.063010715
0.3793579
0.9998596
0.9991478
0.0131398635
0.97724026
0.9635429
0.98743826
0.9894052
0.99631256
0.0772783
0.95997334
0.98036295
0.9984207
0.07703054
0.99896383
0.99727434
0.99566805
0.99117017
0.99975246
0.99390113
0.99956125
0.999313
0.98884284
0.08874933
0.13494655
0.99696153
0.9943731
0.9926421
0.8205857
0.99751353
0.9916481
0.96385586
0.030987864
0.9975293
0.98443407
0.17023654
0.009576132
0.04096505
0.9740447
0.9969227
0.9921898
0.9990376
0.99706703
0.9964001
0.99007577
0.90503955
0.9986687
0.99840087
0.014078465
0.9351133
0.7899755
0.9364487
0.83534217
0.32257137
0.4697861
0.997872
0.95358187
0.97046787
0.9978405
0.9951538
0.98217815
0.28269628
0.9980209
0.9239986
0.9964462
0.9970216
0.9958616
0.99377584
0.99888307
0.9961288
0.96283704
0.992042
0.053779244
0.99576914
0.9988398
0.99497235
0.09528312
0.116764285
0.97145957
0.996438
0.95263666
0.99250656
0.99984455
0.003969247
0.9774081
0.99717194
0.9966846
0.98164487
0.9961217
0.99641955
0.9770387
0.90370566
0.9060829
0.9969693
0.9981425
0.008363676
0.99835914
0.9960961
0.015508635
0.8953788
0.9997136
0.033398554
0.9965103
0.9973865
0.94887304
0.99821544
0.730898
0.7196147
0.9894477
0.84599996
0.98908526
0.99105245
0.9491583
0.97243035
0.9987331
0.99783915
0.9452413
0.99763775
0.9958555
0.9956601
0.99742496
0.33570465
0.019144114
0.99982786
0.9963825
0.013805482
0.97837687
0.99988306
0.9968112
0.99651116
0.9974892
0.26766998
0.043814044
0.9951687
0.9998591
0.98063767
0.98372585
0.98519576
0.99896705
0.99887055
0.040208876
0.99603075
0.99294704
0.8408506
0.99712676
0.9917031
0.9974146
0.9236231
0.1876075
0.9973888
0.9915838
0.99927074
0.9984687
0.011983146
0.97325146
0.99919397
0.9999442
0.98875463
0.7873422
0.9936241
0.9992483
0.9946956
0.99109215
0.99826944
0.99317956
0.99957865
0.9641039
0.024060382
0.9670951
0.9997807
0.9917881
0.5022443
0.9860523
0.9912777
0.990732
0.97094935
0.99955136
0.9973501
0.016092889
0.99988914
0.9999188
0.99871373
0.9973488
0.99033
0.99780923
0.99188155
0.9945176
0.9944946
0.99726355
0.09597837
0.9865485
0.9869725
0.998252
0.9926133
0.99550384
0.98216355
0.99330467
0.059599165
0.99894613
0.99643916
0.0073437616
0.99879396
0.99304974
0.99242884
0.9975197
0.9934637
0.998226
0.9974045
0.014059581
0.029224535
0.006641364
0.015815696
0.011309296
0.9971334
0.99818915
0.010973345
0.99543166
0.4935736
0.9829994
0.99794537
0.99299896
0.99759275
0.9985189
0.99791116
0.99777704
0.9839946
0.99891806
0.9993993
0.9954867
0.988851
0.10235984
0.9916625
0.009476967
0.9929941
0.9974216
0.5951267
0.22762878
0.9940585
0.98152566
0.008886617
0.9832907
0.8271997
0.994204
0.98652786
0.40442988
0.01013763
0.9986588
0.9945893
0.9973091
0.9769875
0.9863755
0.9992036
0.19304945
0.9805799
0.9936382
0.9965354
0.072745815
0.9984302
0.96001804
0.036039356
0.9997036
0.995161
0.99474096
0.9951643
0.9878242
0.9825682
0.003212573
0.898481
0.99928313
0.9812325
0.35441855
0.9969669
0.99700207
0.13908601
0.99870527
0.9594203
0.99826044
0.9933159
0.8750338
0.99926335
0.031974535
0.99497247
0.99729353
0.9985185
0.9970728
0.99815506
0.99751234
0.9958587
0.9810059
0.8011714
0.9503295
0.9644556
0.9855144
0.03432865
0.8776877
0.9897481
0.14310998
0.05922882
0.8074183
0.9938253
0.9987589
0.0051506846
0.98545307
0.9963643
0.006912206
0.9969631
0.9911084
0.99991167
0.9945544
0.018906407
0.99985766
0.9832653
0.998872
0.060825124
0.99692684
0.08356597
0.07322544
0.61513346
0.9904558
0.98911834
0.2742164
0.99731976
0.13254283
0.8485519
0.9997278
0.98564065
0.5721731
0.98254883
0.0070494916
0.79528475
0.79640275
0.88117
0.99687994
0.9803554
0.997543
0.9998673
0.9815906
0.89974606
0.9970798
0.9964104
0.9543974
0.9921699
0.9938869
0.9990396
0.9978315
0.98038876
0.99724054
0.9958526
0.029351532
0.99664634
0.9966233
0.99974304
0.07406555
0.521912
0.8172943
0.989595
0.9987753
0.017669177
0.9934509
0.034041297
0.99128705
0.9922276
0.99583375
0.09803998
0.99491113
0.99579084
0.980253
0.9977508
0.9965005
0.720827
0.1118753
0.9980363
0.9858396
0.94734794
0.9974388
0.9068438
0.99668235
0.9905962
0.7413553
0.96743906
0.8020152
0.99981505
0.9826852
0.98765916
0.18264377
0.9952573
0.99739814
0.02338003
0.14176746
0.9980459
0.9982072
0.023186134
0.98763543
0.9078536
0.9798309
0.25804898
0.98438686
0.9991498
0.9149131
0.99652606
0.99856347
0.9798759
0.7057354
0.99870014
0.9309339
0.9969561
0.8950833
0.94540244
0.99749583
0.06975752
0.012641759
0.9562092
0.9878001
0.99161315
0.2607445
0.822458
0.064060375
0.99760926
0.99628264
0.03827565
0.9990428
0.99935573
0.9970822
0.1761442
0.99923587
0.1306487
0.59135914
0.9926421
0.9862109
0.99991965
0.96537405
0.99685174
0.9972198
0.9681258
0.9605907
0.022599027
0.9935454
0.98781526
0.086529285
0.9856902
0.99695
0.9991843
0.8747271
0.9973936
0.9973514
0.98946124
0.9246856
0.986328
0.042082738
0.960357
0.9975551
0.99483913
0.9939574
0.99569666
0.61944425
0.9963404
0.9959772
0.997654
0.9989967
0.995697
0.99024475
0.9985475
0.9942158
0.01718625
0.9832411
0.56666607
0.9864095
0.9990522
0.024021946
0.98558307
0.8936163
0.9914579
0.46871084
0.9967673
0.96336746
0.9851473
0.21952209
0.9969272
0.045753967
0.9885733
0.98869985
0.2624892
0.7481878
0.9569957
0.9896103
0.9882543
0.9997631
0.9845153
0.038135022
0.24309437
0.99352264
0.99735105
0.9952708
0.93776596
0.9770708
0.7733579
0.9970318
0.98310274
0.9985405
0.8665589
0.9927563
0.9969398
0.9937291
0.8484625
0.98838556
0.99886155
0.9725876
0.64096206
0.9998832
0.996452
0.9180168
0.7867268
0.019949414
0.99989295
0.15813184
0.062895715
0.99560213
0.05967487
0.9919945
0.99910116
0.18138017
0.114188515
0.9819854
0.98419595
0.99653196
0.5858908
0.9945227
0.99842167
0.94610703
0.5638794
0.99694175
0.99700385
0.051947173
0.9325534
0.85422593
0.004154738
0.9741784
0.88460433
0.9934049
0.99855393
0.9962788
0.999081
0.9973002
0.91326207
0.9943684
0.72710115
0.99782276
0.2727711
0.048325084
0.9688431
0.9376123
0.90962195
0.99588555
0.98994267
0.9022872
0.9970252
0.9929189
0.99358153
0.99705064
0.99991035
0.9953216
0.051689576
0.99684095
0.33172643
0.14646941
0.9961779
0.9961738
0.99055487
0.9677106
0.8887286
0.97079873
0.9943534
0.9935231
0.9926248
0.9877389
0.2603809
0.02283629
0.9419381
0.9866376
0.98686165
0.718943
0.7813362
0.9704668
0.99756014
0.79791975
0.8772115
0.98738396
0.053705625
0.48734614
0.9981205
0.9899838
0.9983417
0.986337
0.020896154
0.9970091
0.8988523
0.9981754
0.06590143
0.9852469
0.99741
0.9926742
0.98856586
0.53886014
0.3352187
0.99621946
0.998752
0.999534
0.4317679
0.009667034
0.99732935
0.65084314
0.97663206
0.603859
0.9844103
0.5835368
0.9955266
0.9964239
0.97061366
0.9879941
0.020556316
0.44499344
0.07153793
0.056363527
0.9939365
0.8735839
0.9862367
0.031772446
0.9998983
0.97930396
0.9950309
0.0054985858
0.99897516
0.13846482
0.9958016
0.9865443
0.9969618
0.9993543
0.9905703
0.99329364
0.9757903
0.9875514
0.045319397
0.95568705
0.99628913
0.9960276
0.99864596
0.9776994
0.9997062
0.9989108
0.8536221
0.99307877
0.14517866
0.6526267
0.98791945
0.98645884
0.68209857
0.9492613
0.99660987
0.9979644
0.9917891
0.7141818
0.998874
0.0705527
0.98316634
0.9995245
0.97598195
0.99090415
0.99719906
0.024283057
0.309369
0.9628462
0.20442018
0.009567023
0.997247
0.99460346
0.9980348
0.9943785
0.99925524
0.9875137
0.3137849
0.99253935
0.9639245
0.9968167
0.9972646
0.9952858
0.99835616
0.9925552
0.9746026
0.9965894
0.9887056
0.9930074
0.9882129
0.41377246
0.9884356
0.99507684
0.9972173
0.9981229
0.98318017
0.40361008
0.99326795
0.6837445
0.99622154
0.57853544
0.46019417
0.99951863
0.9922266
0.9648245
0.99258435
0.031408507
0.011427692
0.99796486
0.982608
0.96004313
0.9943304
0.96377856
0.0077012894
0.98378134
0.036462307
0.9929598
0.96304244
0.99857414
0.9936504
0.9251128
0.997707
0.99278295
0.86070585
0.9867699
0.20110346
0.76229256
0.9756865
0.8514553
0.9988973
0.9979704
0.9810144
0.9989887
0.9962974
0.9999156
0.037891958
0.69990903
0.9984036
0.9324061
0.8909157
0.9967643
0.9955349
0.9843114
0.9981981
0.99609655
0.98312265
0.9835819
0.9962368
0.9971193
0.037076846
0.9996182
0.79463446
0.010916436
0.99092835
0.96838677
0.9010299
0.30726904
0.99616796
0.9645403
0.9964837
0.8221117
0.9430848
0.8267447
0.9976515
0.14072397
0.9898163
0.99585426
0.99985385
0.9958831
0.99774194
0.9996587
0.99541193
0.9720915
0.9991198
0.99537116
0.97859406
0.9860212
0.9950701
0.9995338
0.088266514
0.31744963
0.040131677
0.029676227
0.29274237
0.8885166
0.032273635
0.9978573
0.6035508
0.01631569
0.8070888
0.02338146
0.3557094
0.99559
0.99969685
0.9736718
0.9999181
0.9980311
0.9952331
0.99796534
0.7300233
0.3121922
0.5675028
0.056491256
0.9973756
0.9985464
0.99715304
0.9987967
0.9990138
0.9936466
0.0061658123
0.35279545
0.017018639
0.9987263
0.9977729
0.99748576
0.99891067
0.9465951
0.9883563
0.19655818
0.1538486
0.9857167
0.06844007
0.9683329
0.99857163
0.051012825
0.99811625
0.9870877
0.84851325
0.17045556
0.9872677
0.9895495
0.99551857
0.9838177
0.967094
0.9959246
0.9969434
0.9520112
0.9887765
0.98902434
0.998845
0.40968105
0.99861884
0.97481084
0.9844994
0.98863333
0.988165
0.99483645
0.25872606
0.9997229
0.9829842
0.9689584
0.9944841
0.077030696
0.99636674
0.013315145
0.72081286
0.9982351
0.12899517
0.004169906
0.018830575
0.8093922
0.9370664
0.993465
0.98933464
0.9866831
0.99455345
0.41220543
0.9038291
0.9996258
0.9703736
0.9958788
0.9899127
0.99323845
0.9947173
0.99549615
0.993458
0.9980015
0.9111216
0.99418676
0.9989641
0.99586993
0.192771
0.99848723
0.25989327
0.9976768
0.08869684
0.97011894
0.9987186
0.9978053
0.9987889
0.044952367
0.9722777
0.11660305
0.9952598
0.99790335
0.84970653
0.037359867
0.9787586
0.030459639
0.9855419
0.99946135
0.9892541
0.9979128
0.9964851
0.9861535
0.9992555
0.9992186
0.05900617
0.9817468
0.994068
0.96821177
0.5759813
0.9955978
0.93587697
0.9984394
0.010759253
0.99302155
0.99948835
0.97741127
0.99452114
0.9969501
0.990121
0.99737525
0.99078393
0.9603946
0.060800068
0.013083862
0.99659616
0.99278957
0.99584645
0.64769495
0.997471
0.98443735
0.99899536
0.058463294
0.5951475
0.392734
0.17938523
0.99754494
0.99719906
0.9964114
0.009353611
0.9958056
0.9802132
0.9865872
0.9926669
0.98714626
0.012039308
0.99737096
0.37994945
0.9970892
0.015570903
0.9941123
0.10885793
0.98565197
0.035933014
0.9763007
0.5652686
0.0952298
0.90093863
0.35644487
0.09551438
0.16945362
0.9772276
0.9104714
0.9782864
0.96974593
0.98458165
0.027374953
0.9965425
0.90838003
0.9990318
0.999744
0.99729353
0.99824464
0.99405164
0.9768246
0.9976024
0.91325283
0.054493792
0.92312557
0.8353993
0.9994985
0.9974367
0.2578032
0.9503201
0.9918465
0.9837077
0.99924964
0.9953903
0.99970764
0.997171
0.97612566
0.99683976
0.9980939
0.99873585
0.050855387
0.9932678
0.99374217
0.99831796
0.98926336
0.9883916
0.60522586
0.006241416
0.9962063
0.9837753
0.9708567
0.9603835
0.8144343
0.9962836
0.9811343
0.9974957
0.99809676
0.99111944
0.99927586
0.99411255
0.99509805
0.99818915
0.90561503
0.9991364
0.51458335
0.99701273
0.7123548
0.9276421
0.966475
0.9994466
0.9972607
0.99771
0.025365222
0.99347174
0.99770087
0.9947219
0.11336908
0.99326056
0.9915696
0.99548906
0.9899114
0.9996598
0.99219877
0.9987546
0.9998248
0.99077916
0.99081415
0.9776635
0.9924712
0.99806553
0.9923551
0.99644274
0.9984237
0.96634644
0.98244643
0.022310968
0.9991842
0.9902592
0.9990662
0.9996339
0.99764687
0.9974147
0.033904742
0.9955226
0.9965413
0.9921633
0.9900788
0.9983479
0.9963052
0.01161883
0.11906717
0.1276264
0.9563978
0.0038439552
0.8478677
0.029192714
0.94806445
0.99805224
0.99697864
0.9959066
0.94964916
0.023232494
0.013260647
0.98761785
0.9996705
0.99162745
0.5444664
0.9954496
0.99771345
0.17025565
0.46243328
0.9985757
0.99561864
0.97081786
0.9991763
0.9896479
0.9951127
0.99558735
0.9976037
0.9943347
0.95805424
0.2600101
0.98672235
0.99767464
0.279059
0.022818945
0.9985757
0.9968554
0.99278694
0.99571073
0.036389187
0.031591024
0.85507613
0.021583294
0.9875651
0.9946648
0.99902296
0.8531062
0.999106
0.045501344
0.42507806
0.9983059
0.9949634
0.9996164
0.990853
0.998422
0.9829391
0.99631137
0.046769988
0.9897876
0.79307836
0.9964606
0.9933094
0.8069578
0.9969644
0.9040668
0.9769831
0.96920824
0.99819833
0.99817395
0.059438918
0.99619555
0.9991048
0.99473035
0.99031025
0.95883906
0.9714854
0.9960239
0.9973513
0.853871
0.99852836
0.982129
0.041277148
0.9991726
0.034941696
0.006113248
0.9982665
0.04342553
0.07641401
0.42401096
0.99651283
0.021958461
0.9992762
0.9996141
0.9936274
0.00536043
0.9893897
0.9979778
0.9789587
0.9826644
0.9841462
0.99982387
0.024065752
0.009887009
0.9958383
0.99960524
0.99757
0.013078698
0.96153927
0.9982905
0.9970771
0.99461514
0.9553501
0.051614296
0.9238045
0.99355006
0.010793296
0.9977958
0.04793392
0.9871251
0.9943475
0.9954334
0.9973572
0.9968641
0.9946354
0.99216765
0.9902726
0.9878392
0.5225075
0.9991529
0.99922645
0.93073094
0.9960418
0.9987451
0.0772057
0.98917866
0.022679059
0.98996276
0.99681854
0.018243356
0.99773586
0.9906839
0.9996425
0.9969258
0.9985055
0.8714823
0.9967956
0.88624704
0.99790466
0.9948619
0.021548098
0.999728
0.9968592
0.00786637
0.99991906
0.8440051
0.99674857
0.9944758
0.99708885
0.012388224
0.9984091
0.95740986
0.077903226
0.95349914
0.98654824
0.7484055
0.9991866
0.009057969
0.9870352
0.9973531
0.9976968
0.01578693
0.9925283
0.05567473
0.17399915
0.9958662
0.9888311
0.04252794
0.9924798
0.90717006
0.9998275
0.9927349
0.025415558
0.9523768
0.9980521
0.024889266
0.98819345
0.9967128
0.998487
0.99530256
0.5600199
0.99214447
0.9916425
0.9717889
0.9966893
0.99979645
0.99526715
0.77746457
0.014707178
0.020466343
0.93429637
0.9912669
0.9995735
0.9971993
0.99982774
0.032905884
0.8397567
0.97620434
0.9966133
0.99600714
0.99787354
0.14629008
0.99674976
0.99788684
0.99753225
0.98857355
0.99273527
0.99297696
0.95876884
0.996988
0.99518895
0.9993699
0.9907094
0.9958788
0.9494443
0.9919665
0.9929692
0.14960456
0.07547262
0.9989334
0.90300864
0.98446876
0.9972994
0.9997911
0.999332
0.9970108
0.9854936
0.99792564
0.9873252
0.9935407
0.998885
0.6398188
0.9973621
0.91555923
0.9325531
0.99410963
0.89995265
0.028413463
0.997652
0.9997749
0.99820375
0.9989033
0.015907675
0.9975454
0.99565506
0.02026303
0.10096832
0.99047416
0.9875765
0.9895807
0.05711049
0.997695
0.14577907
0.99333775
0.8771599
0.99966633
0.83527255
0.99872726
0.042456992
0.23839024
0.006647731
0.48983753
0.9971398
0.98579574
0.9675138
0.96946913
0.98514026
0.9895409
0.98385954
0.9878115
0.99819905
0.9718009
0.95619905
0.98435277
0.99485934
0.8676871
0.99863356
0.98671573
0.16663699
0.99299437
0.9846469
0.050489135
0.9738072
0.9965314
0.99337876
0.9672842
0.9964864
0.9760607
0.007279189
0.9945263
0.9955545
0.99344724
0.9971771
0.9925776
0.9995782
0.8747668
0.9989235
0.99777055
0.6708774
0.9975266
0.0067187645
0.89539045
0.97397476
0.7225072
0.9957313
0.5418944
0.9335852
0.39808062
0.9985812
0.9985752
0.078200325
0.99829656
0.044906102
0.0052497224
0.12096758
0.9885323
0.9951533
0.9987257
0.06270913
0.92152685
0.9966438
0.9968733
0.9936719
0.87968373
0.9969332
0.9864261
0.99719596
0.49209097
0.998594
0.9951971
0.99083483
0.5760897
0.997962
0.43620437
0.93652856
0.9931451
0.9954484
0.9995316
0.3477158
0.99946564
0.9961904
0.9976204
0.98632324
0.08803257
0.9638826
0.7832319
0.71983445
0.9996755
0.9977888
0.9967269
0.9995814
0.9911725
0.9492009
0.99880815
0.9982835
0.45517063
0.97162265
0.35371545
0.06030045
0.95210266
0.99791473
0.99884784
0.8633267
0.9928109
0.9995908
0.9601155
0.461441
0.99943405
0.9989801
0.9995308
0.9915383
0.9997004
0.08510257
0.9977597
0.83243763
0.79707545
0.90857166
0.9987696
0.997361
0.99693906
0.988699
0.99811125
0.9947884
0.95704114
0.9986981
0.9945412
0.14751577
0.99621826
0.044892624
0.99601525
0.992431
0.90152735
0.7162626
0.9974401
0.9568075
0.12828563
0.9984428
0.99326587
0.97014654
0.77261895
0.99387
0.01127009
0.9691584
0.99249834
0.9954346
0.99649626
0.99855584
0.7708958
0.11345087
0.010478827
0.9981779
0.99972874
0.99723214
0.95583874
0.9899284
0.00834983
0.98972005
0.9985857
0.99655104
0.9934028
0.9899741
0.9392868
0.96252054
0.99511284
0.99574125
0.96812236
0.9968233
0.99110645
0.991026
0.23160848
0.89164066
0.99770194
0.9991136
0.99878913
0.99675924
0.4628528
0.2538587
0.97837514
0.9968489
0.9937668
0.9935528
0.99317086
0.8455053
0.9900328
0.9962739
0.995977
0.99878615
0.99501795
0.94034195
0.012133989
0.9989195
0.91962415
0.99751496
0.98526186
0.9926561
0.9650747
0.9994598
0.9972583
0.9351911
0.9644466
0.9981025
0.3960556
0.9891668
0.8657523
0.90346235
0.33901337
0.9773111
0.32354885
0.020865703
0.72345257
0.991524
0.9933355
0.98685515
0.033299513
0.02411553
0.99953735
0.8672446
0.99055403
0.99983037
0.857129
0.9813618
0.8707839
0.9970415
0.03451616
0.82095504
0.278969
0.9930674
0.38678834
0.99911135
0.8068918
0.99835867
0.9951344
0.97428584
0.010391266
0.8027081
0.9975968
0.28880584
0.99700516
0.9875551
0.41636565
0.91966295
0.89498305
0.9925844
0.99523586
0.99803334
0.9951056
0.98295236
0.9987588
0.98618746
0.98711884
0.9943212
0.99225086
0.9185687
0.9538012
0.99783736
0.23067428
0.9902524
0.9999033
0.9976319
0.93915665
0.9874391
0.99110174
0.8050376
0.2838967
0.97290444
0.9907301
0.9993185
0.9912095
0.9868663
0.9939791
0.99784863
0.99828476
0.9989196
0.9715218
0.99833316
0.9899212
0.22217862
0.052718118
0.99470586
0.98898774
0.8636177
0.31400293
0.99537885
0.93455046
0.53723645
0.9818284
0.5844214
0.42939585
0.06796117
0.9978442
0.99618334
0.98772687
0.9732179
0.029395446
0.99788
0.09360731
0.99743646
0.9454521
0.028213559
0.6219076
0.9981817
0.9943235
0.98967135
0.97753304
0.99982786
0.99921334
0.9819878
0.9754101
0.99057823
0.9965481
0.9982345
0.9766679
0.9973788
0.9972447
0.9963123
0.99566674
0.01617827
0.9421227
0.9832214
0.92420226
0.993885
0.9970952
0.9837283
0.98463386
0.9897361
0.9958085
0.99642533
0.99625057
0.9736102
0.8684389
0.03970783
0.9983316
0.008643315
0.90530354
0.9932679
0.9991123
0.029947633
0.99851555
0.021142222
0.35133296
0.99938345
0.9977653
0.09152748
0.9958462
0.7858707
0.99315965
0.99969697
0.9961551
0.94154906
0.98866606
0.68850595
0.027023263
0.99739444
0.5176984
0.6112546
0.97820175
0.9933037
0.9958722
0.99455243
0.9884552
0.014153445
0.9472703
0.9683517
0.9982665
0.99736065
0.98029536
0.9940137
0.9963632
0.994858
0.9935958
0.9840126
0.99835145
0.9921268
0.9524825
0.99294525
0.9816875
0.9595432
0.99582785
0.014790576
0.9916306
0.27406612
0.98911285
0.7836215
0.9999217
0.99847704
0.9969518
0.99249965
0.9545354
0.9750922
0.35337064
0.4593914
0.9948742
0.0116108265
0.93096715
0.94545317
0.9961313
0.99384886
0.9548331
0.6451765
0.9755485
0.98879915
0.93189144
0.99573463
0.99849534
0.051961936
0.9926803
0.8752118
0.9978442
0.013740239
0.98535186
0.9854071
0.9977945
0.087611094
0.9313283
0.9957455
0.98284537
0.26483735
0.9985618
0.99884343
0.9867889
0.37958252
0.010618983
0.99793077
0.9998754
0.98406065
0.42418307
0.85047626
0.997663
0.9070371
0.9991456
0.9989827
0.99791425
0.016650582
0.9810042
0.977834
0.9996494
0.99725646
0.9932777
0.9982222
0.042966366
0.9987878
0.08884731
0.99205035
0.9987055
0.9808863
0.85229284
0.99605006
0.991479
0.016729165
0.33651155
0.9974583
0.99805367
0.9520353
0.14108229
0.03212915
0.9951095
0.99719393
0.999388
0.995726
0.04173063
0.9299516
0.29103294
0.9973699
0.014913759
0.9983197
0.9912923
0.9946832
0.011695467
0.9319711
0.9817963
0.9999013
0.014056641
0.9828386
0.005539353
0.9962967
0.98950815
0.9785241
0.9977604
0.99171865
0.9983443
0.99321306
0.9720943
0.99622995
0.99414116
0.99975747
0.9989447
0.99793077
0.080972664
0.91446704
0.9937883
0.9918085
0.9999399
0.9952341
0.99173063
0.588124
0.048385378
0.99460137
0.98096967
0.98868144
0.6452959
0.99506134
0.9902103
0.9741183
0.9963987
0.99274653
0.9991147
0.999495
0.9943684
0.9737791
0.9981786
0.97536826
0.9820593
0.99086213
0.99387264
0.9954939
0.8651336
0.033183932
0.9977355
0.99884146
0.9072794
0.99424064
0.9575956
0.9886234
0.9962275
0.009078128
0.11155914
0.9998579
0.43073848
0.99720025
0.07787767
0.99110526
0.9962142
0.9994136
0.8882591
0.97999036
0.7213818
0.99383104
0.021078715
0.99555224
0.94464636
0.9867932
0.83406144
0.9983767
0.991771
0.005512394
0.013312772
0.06033281
0.7456716
0.9156544
0.9956097
0.9959508
0.9727877
0.07011106
0.9926749
0.98034155
0.9995944
0.95518965
0.98645055
0.19031946
0.3413907
0.9862104
0.05444924
0.98871624
0.80222774
0.9955396
0.99739045
0.995769
0.9823298
0.9924049
0.9975197
0.96825993
0.9973036
0.9979729
0.9950541
0.62678254
0.98527455
0.03155539
0.9988462
0.021620208
0.990096
0.99117005
0.97018594
0.14805788
0.7650254
0.99472827
0.9945042
0.9980325
0.77523553
0.988492
0.32658938
0.9978199
0.90755904
0.9589237
0.98835516
0.9950158
0.8932171
0.9968669
0.06914036
0.94130164
0.9767387
0.98866326
0.99963343
0.99742764
0.038655993
0.7305452
0.9967705
0.99756926
0.9664835
0.98693126
0.9965318
0.9951434
0.9917612
0.99284065
0.9974044
0.8791624
0.88419163
0.9663222
0.011060904
0.029919516
0.99874264
0.99619293
0.9969733
0.9998363
0.98802036
0.047982257
0.79434866
0.9713476
0.9821607
0.9498726
0.9960295
0.87720114
0.9977368
0.9894488
0.9785202
0.9974382
0.821204
0.9978892
0.99863666
0.99483114
0.97784096
0.9981164
0.051863298
0.986909
0.9667377
0.9979037
0.99025047
0.026474148
0.9968855
0.998809
0.029350583
0.99974126
0.9993337
0.0017181671
0.9982834
0.9990433
0.9981654
0.98917025
0.94061893
0.9941948
0.44506535
0.4809213
0.32183343
0.99438983
0.23921691
0.9983475
0.9629438
0.05152032
0.9502413
0.9988556
0.9773142
0.96935153
0.95837563
0.06167161
0.7587911
0.9968899
0.99972326
0.98489124
0.99665654
0.93013495
0.9984236
0.9924757
0.9990151
0.9990206
0.99718493
0.99676055
0.8371809
0.99844044
0.99853694
0.99531883
0.99968946
0.93788683
0.035082027
0.99768865
0.9807803
0.89899194
0.99794596
0.9967961
0.9962845
0.9946843
0.99743974
0.13870299
0.99718
0.9954454
0.9998658
0.999331
0.99847955
0.9684742
0.986402
0.79586256
0.9937848
0.9813875
0.88500077
0.07801975
0.9942305
0.9951279
0.99125415
0.9987734
0.986182
0.96710277
0.99235994
0.9961843
0.50297153
0.99481565
0.9965927
0.122724354
0.9987967
0.9983571
0.9932702
0.90153044
0.9679001
0.98423576
0.9380757
0.99614847
0.9998635
0.9968977
0.991593
0.9973654
0.9976979
0.07041485
0.95022476
0.16281821
0.99917173
0.061515495
0.98739773
0.99450135
0.05065453
0.9985898
0.3915914
0.8981684
0.9985104
0.99799573
0.046901412
0.015613859
0.0040188367
0.99593204
0.99489045
0.9977418
0.9993204
0.9528864
0.9938253
0.9938829
0.98955125
0.79021066
0.9985845
0.9994338
0.024249151
0.013032458
0.04301867
0.9933884
0.06120314
0.9862855
0.9731497
0.9963414
0.99581486
0.99701166
0.4163262
0.9988562
0.9975141
0.0085450215
0.9959973
0.9998957
0.98151475
0.9988991
0.98352987
0.99926597
0.9884688
0.9983026
0.99066293
0.9814695
0.9374284
0.99847764
0.21412586
0.5472874
0.9914409
0.4715152
0.98781025
0.953562
0.9949037
0.9467661
0.99988854
0.14460072
0.9458925
0.8940734
0.02679986
0.5204292
0.5360671
0.9660085
0.5921956
0.99201727
0.9980546
0.9945222
0.9984005
0.99260604
0.99413496
0.9938069
0.9990897
0.99623436
0.9989103
0.9980483
0.88996166
0.9991486
0.9871116
0.997535
0.9977696
0.9721191
0.66674644
0.95709234
0.98528177
0.84286237
0.9930883
0.99856645
0.9985428
0.9996557
0.988242
0.9879687
0.96202457
0.999411
0.123548456
0.9965431
0.1960812
0.49585053
0.981987
0.9975751
0.99768436
0.9856753
0.9887988
0.99954695
0.995918
0.8842609
0.9980965
0.99871767
0.9674211
0.9923496
0.62221926
0.99786997
0.9956845
0.96984196
0.9938319
0.99733424
0.9972078
0.58452904
0.99943537
0.93384457
0.99237835
0.9999218
0.58466136
0.9975223
0.99704
0.99801326
0.9989976
0.87460136
0.99200237
0.75827444
0.9789033
0.9988564
0.052355953
0.99806577
0.9699379
0.041066065
0.35106486
0.98690295
0.9962022
0.99554175
0.9579931
0.99889344
0.9943177
0.9870329
0.9934417
0.6247486
0.99801445
0.9956642
0.01854433
0.99807835
0.9988236
0.99929774
0.036098003
0.9973974
0.996488
0.9093552
0.9940754
0.99539715
0.9980507
0.9547363
0.038110808
0.9974521
0.22188419
0.9989722
0.03418882
0.9790714
0.92765355
0.9974136
0.9962243
0.9957884
0.9985551
0.9958318
0.9913697
0.9475286
0.8358511
0.9098145
0.637254
0.99894994
0.0328318
0.9976312
0.9990539
0.95425296
0.008947109
0.071069196
0.960887
0.9974686
0.42310327
0.9619028
0.92091376
0.9032474
0.24746242
0.80875945
0.9944991
0.997244
0.9910088
0.10557326
0.010507116
0.95409226
0.9956797
0.99808025
0.9918468
0.9976502
0.9959806
0.99575496
0.99880123
0.9870275
0.14816955
0.99869686
0.9640918
0.9537805
0.9797942
0.9974101
0.14752938
0.9994437
0.9888924
0.98994046
0.9977035
0.049674716
0.9993992
0.9950919
0.9956174
0.4098413
0.91179174
0.994478
0.5468682
0.76162887
0.9978549
0.94493675
0.062074605
0.96870697
0.99191463
0.9951349
0.064315975
0.99831414
0.9976452
0.9989986
0.011598942
0.047925543
0.625127
0.9554561
0.9975132
0.993961
0.9795237
0.75320005
0.03195112
0.99215126
0.99220663
0.03351938
0.2642967
0.9772046
0.02069012
0.9832624
0.9941288
0.99330974
0.9973374
0.9902172
0.99232703
0.98341805
0.9336527
0.96870273
0.9952957
0.06167494
0.9733751
0.99742293
0.040144544
0.0026966266
0.92389274
0.9716429
0.9608485
0.6298726
0.98922545
0.9983773
0.99768376
0.99903
0.99797076
0.97251564
0.9989796
0.9937583
0.06487036
0.9980538
0.9984541
0.9942368
0.08613584
0.60308236
0.0050116656
0.99967253
0.9995555
0.99825114
0.32925996
0.014165026
0.9975776
0.99697757
0.99774265
0.99725914
0.99882907
0.99762493
0.9967753
0.9913414
0.766917
0.9945515
0.99574476
0.9985524
0.99106807
0.04798952
0.25052154
0.07987725
0.99559116
0.98711246
0.8628043
0.008882963
0.9997365
0.99993
0.99660575
0.99945945
0.9943017
0.99935335
0.99384016
0.99857175
0.009740224
0.967361
0.99325925
0.93806565
0.99937975
0.012474988
0.9493813
0.99305165
0.9675252
0.99532866
0.9975229
0.9894337
0.9022098
0.45851225
0.99747926
0.99593675
0.9020062
0.046308134
0.97920907
0.9679758
0.99634856
0.9990761
0.9989134
0.97071946
0.9972186
0.99931145
0.21569504
0.93684214
0.9976267
0.992562
0.9986424
0.9955113
0.9934715
0.95499206
0.77099633
0.8797153
0.49423143
0.99790084
0.98040295
0.030126639
0.9972101
0.9998448
0.9956714
0.9453736
0.99005693
0.9976694
0.9107151
0.99870014
0.05251872
0.89852387
0.9923838
0.99810994
0.9409925
0.9136033
0.9978314
0.92473096
0.9979686
0.9933041
0.99785393
0.9979074
0.9765048
0.58138376
0.9921542
0.024916327
0.11491451
0.91256166
0.99392325
0.9676244
0.036648266
0.9842554
0.7402167
0.9960551
0.01687517
0.9449537
0.9992919
0.90109724
0.98991513
0.99769384
0.44401997
0.99605536
0.9986224
0.9070755
0.93958193
0.9987437
0.008924651
0.28740194
0.015498045
0.99979323
0.9631905
0.9983273
0.9979122
0.9979978
0.9984592
0.12312915
0.95789146
0.98037326
0.9916431
0.99230075
0.99003524
0.9452633
0.99705696
0.99549675
0.40771872
0.9957683
0.069643974
0.049332794
0.98866105
0.9998306
0.9983303
0.9824318
0.99099135
0.030200591
0.97105116
0.97963387
0.986078
0.9934576
0.9997391
0.99912995
0.92242795
0.43559045
0.6546222
0.99666876
0.846188
0.8243941
0.9692443
0.98423404
0.052083958
0.34521285
0.9962613
0.99989104
0.9971795
0.86167645
0.99667007
0.9994547
0.99690884
0.99903715
0.99805343
0.99638844
0.9930554
0.027877532
0.9925688
0.99093354
0.92480147
0.99588287
0.7845027
0.99855095
0.91543853
0.9975441
0.9949449
0.024738347
0.3324065
0.93509746
0.8353943
0.8583882
0.01690735
0.9999198
0.9803208
0.99743646
0.8857605
0.96965194
0.9979248
0.9860619
0.99992526
0.8162773
0.067531675
0.86940193
0.9984498
0.95840377
0.99590576
0.9927047
0.9930432
0.9973936
0.99423283
0.9508149
0.97675055
0.9962155
0.94528514
0.003857637
0.99987423
0.9998149
0.99706995
0.9956065
0.9790335
0.9285053
0.99977857
0.8773971
0.96661514
0.14896613
0.9971425
0.9924149
0.9824091
0.99454606
0.9961428
0.9979867
0.9993654
0.9908427
0.99668473
0.036046453
0.97073877
0.99411136
0.024628468
0.4224933
0.9957444
0.99141824
0.8364794
0.9989151
0.99568105
0.24621916
0.9701114
0.9992962
0.10283242
0.30417737
0.043921743
0.999308
0.85899055
0.90921986
0.9959111
0.9987457
0.9996147
0.050134104
0.9997224
0.99822456
0.9938882
0.99781835
0.999759
0.9917542
0.9995832
0.9975439
0.9920076
0.99835855
0.9943077
0.009258592
0.99291694
0.9787381
0.98904675
0.74656415
0.9939885
0.97276086
0.7629876
0.9780944
0.8204742
0.9974716
0.9944833
0.99811137
0.9965283
0.95818055
0.99825484
0.06958907
0.9896796
0.99649185
0.16198145
0.9987925
0.9950872
0.7049065
0.9981223
0.9911835
0.99354976
0.02027191
0.7407774
0.98453325
0.96012443
0.9828536
0.9882981
0.13295008
0.99795604
0.97287333
0.99224794
0.93497926
0.9977448
0.8542814
0.99804366
0.95982075
0.42372888
0.88999236
0.99839586
0.995917
0.97730803
0.9846346
0.99833554
0.9998016
0.045456655
0.99857616
0.9889531
0.9909814
0.99383545
0.99252266
0.9979569
0.874832
0.99985826
0.9912375
0.9367396
0.98670954
0.9981198
0.9794924
0.05502764
0.63441443
0.9979395
0.997331
0.99990153
0.99048525
0.42882037
0.8265449
0.99689025
0.99905163
0.9797076
0.99603206
0.99185055
0.9965532
0.99991345
0.77802503
0.9972127
0.021613657
0.99226475
0.9615461
0.2298476
0.4770286
0.9856316
0.9388806
0.9859716
0.10335786
0.99827194
0.9976665
0.95465904
0.9931986
0.99972457
0.9947483
0.99869496
0.2750775
0.40999606
0.9991301
0.98163766
0.99552274
0.99972266
0.9903868
0.99700636
0.99822813
0.9960963
0.9975999
0.36789495
0.05470016
0.988653
0.021583192
0.9989147
0.00926519
0.9661362
0.9974819
0.98974144
0.999856
0.9774394
0.9944478
0.02062149
0.99694353
0.9869184
0.84099203
0.99343735
0.99904495
0.8844091
0.040560067
0.9924232
0.99631363
0.9923239
0.22698613
0.97990555
0.06514812
0.99839205
0.9937596
0.99786335
0.9999069
0.99492365
0.9961281
0.99434316
0.9963247
0.9993286
0.9941999
0.9903948
0.9871343
0.9985247
0.99745196
0.049642764
0.9946637
0.9978421
0.8937008
0.47446716
0.99784386
0.83155435
0.16668192
0.9228295
0.995926
0.99038434
0.15957604
0.996825
0.9843538
0.020913374
0.9896499
0.982216
0.9956917
0.9960686
0.90489143
0.72515327
0.005934764
0.9963319
0.009733346
0.98858404
0.9909105
0.9886544
0.98914015
0.9963295
0.9973864
0.99898344
0.15088768
0.9994941
0.9998965
0.26440313
0.026931372
0.9929442
0.99856156
0.99529946
0.9133585
0.9962198
0.99804926
0.9859379
0.9658214
0.033377692
0.9950265
0.9967211
0.99688303
0.3208154
0.99677026
0.97795856
0.0096795
0.99032754
0.7988987
0.9970415
0.9650896
0.97990143
0.9986014
0.9955232
0.80054814
0.99807465
0.9962845
0.9500613
0.9807639
0.015723718
0.72354317
0.029541086
0.9721377
0.013185314
0.9970421
0.7719993
0.9994862
0.97827065
0.97321326
0.87591267
0.9553459
0.9916966
0.9358656
0.99698836
0.99823415
0.96133494
0.99784267
0.9775137
0.9896696
0.7529843
0.97224706
0.86103785
0.9877681
0.9991271
0.9963511
0.9990589
0.9458347
0.970699
0.058957413
0.9986785
0.997715
0.99856985
0.07573636
0.99434495
0.87239426
0.9923131
0.99557304
0.9892077
0.015469457
0.18138634
0.9509843
0.9926604
0.99866855
0.8199463
0.9720649
0.030563112
0.9780952
0.9978508
0.08887011
0.9830949
0.9998816
0.6382998
0.7669794
0.2984452
0.63823825
0.9807164
0.99543494
0.99140316
0.88499826
0.8797631
0.010451885
0.99942917
0.99495536
0.88234526
0.44719896
0.9980773
0.83242154
0.990212
0.9601696
0.95683324
0.9918156
0.9973774
0.94769025
0.017365612
0.012709986
0.99930966
0.99320227
0.9929234
0.94170815
0.99793845
0.99775344
0.99568534
0.24543026
0.37334028
0.8294441
0.054762114
0.9945851
0.99639505
0.99032825
0.014644589
0.99689794
0.6979027
0.9983997
0.998601
0.9924017
0.9921057
0.99901736
0.99068016
0.9971539
0.022039648
0.9975147
0.99583143
0.9027626
0.9869366
0.98319584
0.9567368
0.9971529
0.99920636
0.8658378
0.9946017
0.07479043
0.9974496
0.9910858
0.99277437
0.96254194
0.99959224
0.9902575
0.98825675
0.9979767
0.08502662
0.9715375
0.92680395
0.9920174
0.9837577
0.90645987
0.9971204
0.99634236
0.98762697
0.9956589
0.9732834
0.05679174
0.9751438
0.9928583
0.99953175
0.99898595
0.9893931
0.085330375
0.0073228134
0.9979899
0.6606639
0.93281215
0.998448
0.99706984
0.98236567
0.99543875
0.9973354
0.9965244
0.965947
0.08743557
0.9999298
0.29867753
0.9725515
0.99859554
0.99246913
0.99891925
0.9986312
0.9993887
0.9944912
0.2637395
0.99665713
0.025889814
0.9964786
0.7173771
0.99632555
0.9981026
0.99766123
0.9925075
0.53356475
0.9971648
0.995034
0.9969547
0.99042434
0.99466527
0.05140464
0.85156494
0.9887222
0.11748786
0.9933981
0.60323894
0.9976616
0.10925687
0.99877614
0.99669456
0.89327174
0.98628706
0.9982291
0.9976884
0.99782383
0.99441695
0.9957129
0.9898662
0.99573034
0.99886996
0.98311377
0.42870373
0.9739546
0.68223184
0.27518228
0.9945893
0.99965
0.99972254
0.31663677
0.99484986
0.9908983
0.9993703
0.99700826
0.96383494
0.99632096
0.99843436
0.9975107
0.9435569
0.9917665
0.9816927
0.9594057
0.99959236
0.99230415
0.7690813
0.99537164
0.9899038
0.9883116
0.9998234
0.74868906
0.9986186
0.8749734
0.7003132
0.9984296
0.8907166
0.9051429
0.9972869
0.82209307
0.9971591
0.9944319
0.040446732
0.075462125
0.011200918
0.46672297
0.9867971
0.997835
0.9867365
0.9891265
0.9953803
0.99439716
0.9984756
0.021948177
0.9947536
0.9909079
0.99974424
0.99007016
0.9981274
0.9968671
0.9977063
0.998494
0.010706316
0.9700419
0.9993907
0.99820685
0.93214667
0.99816245
0.98448056
0.78918767
0.998094
0.9529856
0.77224606
0.99446195
0.9981667
0.98554045
0.9969103
0.91884357
0.95839775
0.94539106
0.99721175
0.51892614
0.018724527
0.9992918
0.99034566
0.16193847
0.99825317
0.99583095
0.9754397
0.9970402
0.9975594
0.3311867
0.08193754
0.03038625
0.9969542
0.9946523
0.9557467
0.9137766
0.9100101
0.99245936
0.90658253
0.99386626
0.017940383
0.027683346
0.19068621
0.9959358
0.9973942
0.94705385
0.9891502
0.9783588
0.12781085
0.054655828
0.99541134
0.99986064
0.5115004
0.9989851
0.04354033
0.9602651
0.88291436
0.0039700232
0.9619067
0.96962523
0.9929932
0.059952587
0.9872972
0.86640537
0.79528844
0.98979974
0.32527325
0.9970708
0.035224244
0.9968982
0.9972541
0.9563688
0.99281865
0.6116942
0.9270006
0.99262744
0.9938192
0.9696529
0.9954032
0.9739128
0.994919
0.9940434
0.93193305
0.94903845
0.7136685
0.05313257
0.97502315
0.99960905
0.99631447
0.064820305
0.99622715
0.99574184
0.99007845
0.5690162
0.9926925
0.9899917
0.91519684
0.9951061
0.9846069
0.644687
0.99863833
0.011446432
0.8377718
0.99629503
0.9503857
0.9977895
0.95249695
0.9963265
0.9716815
0.99204975
0.99202526
0.9875473
0.9995409
0.31923607
0.99636084
0.9802296
0.9930079
0.9967968
0.99889743
0.9971609
0.08921545
0.94557905
0.25820005
0.3432166
0.9710741
0.7744796
0.9697028
0.99790037
0.9952493
0.021695072
0.9970476
0.99830556
0.18170124
0.99680173
0.8742329
0.032362603
0.99576676
0.9997403
0.9941261
0.99992585
0.9907244
0.99765754
0.99281913
0.009138067
0.9983613
0.024626942
0.22908108
0.9986951
0.6923122
0.94850934
0.9988691
0.5791007
0.99819463
0.9239861
0.25733098
0.9938174
0.9994605
0.09566434
0.9996805
0.6812174
0.9949951
0.9973079
0.997109
0.9992093
0.6361216
0.91906863
0.8556974
0.9829804
0.980749
0.97513825
0.9930369
0.9951121
0.99221873
0.99922097
0.99790275
0.12204256
0.99754554
0.9956131
0.84518397
0.986246
0.9772899
0.98802084
0.06136821
0.04732358
0.99806875
0.99733704
0.91067773
0.9982368
0.9869168
0.99603254
0.99817467
0.99897707
0.9918527
0.032864347
0.01257607
0.9973393
0.20789532
0.98736066
0.999782
0.97328734
0.9996195
0.99475175
0.99298733
0.9976562
0.99586946
0.9866062
0.98895603
0.9891099
0.14914301
0.9917201
0.9884936
0.99779546
0.9872866
0.9984842
0.007056765
0.99798644
0.9981369
0.8220982
0.99054843
0.809903
0.99526155
0.99685943
0.99432313
0.99807465
0.9840757
0.999734
0.99365646
0.9813446
0.99951637
0.9856308
0.99971825
0.8935147
0.9984829
0.99101853
0.99728155
0.9933924
0.9829149
0.99674845
0.9977951
0.98436695
0.9998536
0.007938857
0.99539775
0.46145308
0.97554094
0.011545779
0.48490453
0.9987104
0.95932496
0.9845307
0.99617416
0.99287933
0.98427606
0.99180156
0.9773107
0.99512213
0.9926185
0.9982839
0.9980835
0.6833427
0.17945702
0.069673
0.9553567
0.9948094
0.24970876
0.99328655
0.9469509
0.9418922
0.011828303
0.99416757
0.9962017
0.997035
0.9958762
0.99930215
0.9987703
0.99535394
0.99912816
0.9834185
0.9618971
0.91176677
0.99933136
0.99974185
0.0056220484
0.99989045
0.9958211
0.03403371
0.9978229
0.91821253
0.009475396
0.101604246
0.9915304
0.99924076
0.9929732
0.90953
0.07352785
0.8969899
0.9880719
0.86174494
0.99893624
0.9902272
0.9971794
0.9300874
0.96710336
0.9746674
0.9824101
0.99614835
0.9996989
0.9790068
0.98900014
0.11638827
0.9955205
0.9982192
0.99721944
0.9947693
0.9977877
0.99761707
0.9982116
0.995223
0.9975599
0.9951717
0.9909827
0.63783383
0.9989304
0.8793964
0.9965403
0.99719834
0.98880774
0.99815184
0.99606377
0.021416215
0.9980065
0.2998531
0.99589133
0.9970969
0.99926215
0.9991935
0.9991504
0.92396635
0.9082087
0.029260894
0.99713564
0.99825627
0.96862227
0.99585575
0.99751186
0.83221537
0.99752563
0.43610537
0.9958646
0.8915356
0.93043804
0.9892302
0.99480766
0.9902788
0.9968443
0.997561
0.021131335
0.99992156
0.99993527
0.9992741
0.8409777
0.9975095
0.9954513
0.9840312
0.9933443
0.9964876
0.9877935
0.98969054
0.99176496
0.123625
0.97798413
0.22664991
0.9971812
0.99978536
0.99465996
0.027420364
0.98081744
0.9973424
0.99098796
0.99903655
0.9987766
0.92532605
0.18571463
0.9997545
0.9480336
0.99594814
0.98264796
0.99394363
0.9910946
0.96017146
0.99794143
0.97282255
0.98105055
0.99398285
0.98483384
0.5157929
0.99783534
0.99956745
0.9827759
0.9976566
0.9984452
0.49032462
0.99878937
0.9997098
0.9934772
0.943887
0.995952
0.9980767
0.9885562
0.7890324
0.99710613
0.97779834
0.88494915
0.988781
0.9854386
0.99499017
0.081554376
0.99982375
0.98705983
0.99229175
0.99181414
0.03339023
0.9997056
0.9952683
0.02170476
0.9967811
0.9023493
0.9946839
0.020787807
0.9933975
0.050766177
0.824348
0.08097909
0.1829359
0.9975025
0.98118454
0.9996505
0.9999399
0.9886686
0.0047764257
0.99742585
0.9946104
0.9952211
0.9578222
0.9935673
0.9924408
0.9970626
0.74128
0.9868826
0.9909696
0.9920806
0.99429166
0.30699807
0.9977483
0.9995994
0.9452643
0.9276113
0.69851786
0.012305932
0.9398021
0.955043
0.99891496
0.93948007
0.9856222
0.70094836
0.99245137
0.9975682
0.9750528
0.99585235
0.986142
0.97339284
0.9973955
0.9931191
0.99578637
0.99990976
0.9971027
0.025278786
0.9893572
0.012200114
0.9980889
0.99847883
0.44955137
0.99333185
0.9972771
0.016494548
0.98419803
0.025458902
0.798848
0.9941948
0.9993148
0.9812573
0.99786
0.99800366
0.02212447
0.96725744
0.97678137
0.91071147
0.9183008
0.959382
0.44404787
0.9873607
0.99289775
0.9712399
0.98992443
0.9987546
0.3740726
0.20926136
0.9869839
0.98333144
0.9991147
0.9020834
0.9702186
0.993287
0.9976641
0.88017297
0.99673355
0.997759
0.99739
0.9963062
0.9357199
0.99481887
0.9952543
0.9999629
0.79856884
0.04075784
0.40191704
0.99756986
0.99546224
0.9298801
0.99933237
0.10841442
0.8850004
0.96321183
0.99823016
0.990765
0.027873933
0.9959209
0.0074338242
0.9966754
0.9964468
0.99451655
0.9970548
0.95638275
0.9928589
0.99737346
0.9985934
0.9942568
0.9999379
0.9700679
0.98678035
0.99780124
0.9720078
0.04528419
0.940056
0.9922516
0.98839414
0.024971727
0.044526834
0.9930773
0.990299
0.8471601
0.9106792
0.9926968
0.99224514
0.999605
0.99667656
0.99761933
0.9983911
0.99845064
0.030632708
0.055550206
0.7630798
0.9988662
0.998489
0.42992732
0.999663
0.99328595
0.79656464
0.9975551
0.99809843
0.9985545
0.9983115
0.9989881
0.9957023
0.9983052
0.9838976
0.8374183
0.99803585
0.9994355
0.9939056
0.32453278
0.99795544
0.8881059
0.9952461
0.8346761
0.99134576
0.9798607
0.992735
0.978562
0.029775945
0.9980254
0.9979772
0.1040647
0.9978109
0.5593327
0.011068615
0.96363705
0.98899835
0.99974257
0.96189
0.98954225
0.94891953
0.006021358
0.040607385
0.99365187
0.9955422
0.5640691
0.98900795
0.7410678
0.7105895
0.9957723
0.99229586
0.80565107
0.9947476
0.97733295
0.9966583
0.22015123
0.9623199
0.8977506
0.8056696
0.007163328
0.73905355
0.97150147
0.98974824
0.43726587
0.9986909
0.9960343
0.9969296
0.99766505
0.9865172
0.0071685663
0.98701036
0.99704933
0.10535749
0.6175311
0.9928803
0.9969854
0.99268407
0.017292088
0.03828983
0.022190291
0.99011433
0.9573525
0.99819845
0.9979582
0.9975465
0.99383354
0.991424
0.91604924
0.023718294
0.9966523
0.021482501
0.0949722
0.9969892
0.99268395
0.9060627
0.9967464
0.98523486
0.8735651
0.99205434
0.9729609
0.9995629
0.58696383
0.9964797
0.02171575
0.069516376
0.9967615
0.9993698
0.07281653
0.041388694
0.9902806
0.9997944
0.04689228
0.01204017
0.6491244
0.9882718
0.99748176
0.9996117
0.9852208
0.9723551
0.99891365
0.99871385
0.99978524
0.8834618
0.9987501
0.9971916
0.9975902
0.9974843
0.9474172
0.9958591
0.11549792
0.9991472
0.9998988
0.074783005
0.99951386
0.99651295
0.9771498
0.95729285
0.9967548
0.007560479
0.04815739
0.99512804
0.9997925
0.86382675
0.98896676
0.998538
0.85738957
0.037748534
0.046929248
0.75767946
0.019228544
0.9982267
0.9008948
0.99832004
0.97210723
0.98474216
0.9937342
0.983491
0.9950187
0.9923706
0.019820804
0.8063291
0.99083567
0.52489287
0.9972351
0.22450429
0.2052393
0.98957497
0.9996563
0.40030596
0.9855952
0.9935446
0.9985083
0.9968528
0.99856865
0.99861586
0.341608
0.99969435
0.9986475
0.9987068
0.9770861
0.8802993
0.99837875
0.95497584
0.8303852
0.98862445
0.9840342
0.9160717
0.9977196
0.9971316
0.046413396
0.992428
0.023621142
0.99644756
0.99916065
0.994187
0.9968713
0.9963207
0.98247415
0.99730647
0.9901742
0.9831783
0.22332777
0.9690344
0.98435915
0.9937051
0.9735822
0.014729776
0.99687433
0.054903436
0.018306693
0.27275094
0.99591917
0.9973042
0.99279684
0.9822709
0.9845381
0.07198268
0.99485564
0.99442697
0.9391357
0.99366015
0.9542203
0.9958299
0.069408804
0.19522221
0.9970642
0.99991
0.99831945
0.9984274
0.998847
0.9989152
0.9979893
0.99797755
0.99789184
0.99448305
0.9668742
0.9951798
0.9958222
0.89578575
0.06878295
0.0090731755
0.99849844
0.04639336
0.9947524
0.993561
0.99831474
0.059291728
0.99673647
0.99507105
0.9938981
0.9977756
0.016444959
0.89035845
0.99507034
0.017163673
0.10793478
0.8781274
0.9999101
0.9922444
0.25812227
0.04585895
0.9408812
0.007783702
0.9942984
0.97161365
0.99389124
0.99531186
0.9939314
0.9808673
0.906303
0.99680173
0.96219826
0.7162426
0.98809415
0.9938938
0.99936026
0.99012893
0.99734724
0.9994093
0.996549
0.4020558
0.989403
0.95844615
0.96677375
0.99872893
0.020048313
0.9986719
0.99985766
0.99570894
0.09751561
0.008873301
0.9607194
0.99793243
0.9977144
0.9982114
0.9811662
0.99826413
0.9991997
0.9852887
0.9824494
0.9982747
0.99360305
0.036055658
0.99936074
0.9496671
0.99762756
0.864674
0.03463962
0.99802554
0.9872607
0.9995466
0.0078054825
0.87717783
0.9964263
0.9970385
0.0076895826
0.9882487
0.99629116
0.996752
0.9980901
0.9947255
0.9982103
0.051429354
0.99446917
0.9998845
0.7466199
0.99752146
0.08458939
0.012177729
0.8503309
0.5607358
0.99833435
0.99986446
0.9940281
0.99985325
0.114199355
0.0979883
0.9970029
0.9786451
0.95945936
0.99752337
0.85995895
0.9642579
0.95725846
0.9996494
0.8999503
0.9955205
0.84732276
0.99467385
0.020346625
0.99891436
0.9595529
0.99745756
0.9989066
0.9986259
0.9940501
0.9958852
0.011742968
0.99474096
0.9759355
0.97474104
0.99490595
0.99868995
0.95481944
0.24849136
0.9998938
0.9864769
0.99817646
0.9202025
0.6907742
0.021305664
0.99542964
0.994642
0.1452145
0.99442035
0.077357
0.9767447
0.99478936
0.99288565
0.98764926
0.99216205
0.8820964
0.7090838
0.9893596
0.98901165
0.97944105
0.9952043
0.9637423
0.12130386
0.12755844
0.9990269
0.98602873
0.99802643
0.9984212
0.03280386
0.9978771
0.98862016
0.96422476
0.99298453
0.95270395
0.9962368
0.98810697
0.9814673
0.062016163
0.9888194
0.9964573
0.8701816
0.9931479
0.994261
0.9973788
0.7225468
0.17091624
0.9953934
0.9360798
0.9494696
0.99872476
0.99517435
0.24258862
0.98080677
0.9975304
0.9837849
0.99531174
0.30508712
0.9984896
0.28483683
0.9985257
0.9936451
0.055859145
0.9938601
0.05295986
0.9971867
0.9922787
0.9997118
0.9954094
0.817031
0.988811
0.99780387
0.7130959
0.061876886
0.997422
0.9355244
0.9988702
0.9922759
0.99715805
0.99871624
0.9932696
0.022252904
0.995667
0.98532444
0.99483657
0.01001644
0.9981079
0.997285
0.9610721
0.9964218
0.98627275
0.6230533
0.90842724
0.9929355
0.9388921
0.9899136
0.9810167
0.9949722
0.99670094
0.35943827
0.9198388
0.9964743
0.99751854
0.97588843
0.99398166
0.999146
0.871731
0.9820873
0.4340728
0.8425921
0.28956333
0.9942524
0.03192251
0.99277496
0.9950199
0.72581375
0.035666224
0.9969199
0.9702527
0.9960134
0.9944634
0.9982666
0.9956506
0.98991895
0.10865307
0.96781766
0.8441447
0.12657745
0.007753185
0.33235714
0.028334029
0.5663911
0.04510001
0.9563533
0.99445564
0.9930288
0.027787866
0.9981693
0.82989025
0.4382646
0.9108624
0.9952579
0.1567074
0.9955106
0.9905567
0.92299
0.9990915
0.94399047
0.9993154
0.9999062
0.99924976
0.3642456
0.98592687
0.9938883
0.9987935
0.99200714
0.9952734
0.014384925
0.99583167
0.010818974
0.16807158
0.98149717
0.9932603
0.99676526
0.99691004
0.99902284
0.9787377
0.054361373
0.78426564
0.9807129
0.994011
0.8852034
0.9934047
0.9787915
0.67023164
0.98777455
0.9973846
0.99199283
0.97498715
0.9536215
0.99356645
0.8677959
0.9943356
0.99375075
0.018318068
0.98340005
0.9892223
0.99716777
0.85121155
0.89556944
0.992963
0.99123526
0.99923635
0.9988464
0.98785514
0.97301143
0.055387992
0.88906384
0.0091872895
0.02687251
0.07444107
0.981108
0.9953448
0.99737465
0.35278833
0.99800116
0.99885774
0.9965283
0.99415475
0.9863359
0.9941332
0.9127106
0.9998926
0.99522
0.97638386
0.99292314
0.97313267
0.9875793
0.056291137
0.9937543
0.9465758
0.7949198
0.047314335
0.04133222
0.9930373
0.9941906
0.8469775
0.078851305
0.9969223
0.990595
0.9726714
0.9950859
0.79432416
0.79978126
0.99381787
0.040281415
0.9892033
0.99910164
0.98187435
0.9998386
0.9891839
0.9873748
0.3013467
0.015348829
0.025631486
0.99784875
0.9950405
0.07654693
0.9401648
0.99721646
0.99964464
0.9934036
0.9937239
0.9478638
0.99467933
0.9985102
0.9862569
0.3593218
0.99864906
0.8630136
0.9961804
0.25670284
0.8984107
0.9998493
0.9981822
0.16562966
0.15524551
0.99492234
0.9883571
0.9927517
0.98888457
0.98068476
0.997256
0.9960532
0.9973098
0.9905934
0.99722975
0.038072996
0.948065
0.9974649
0.8286591
0.9935183
0.9992385
0.34916005
0.99915135
0.9998617
0.99915195
0.9975205
0.8268938
0.9984737
0.99773335
0.9961702
0.013400538
0.9107047
0.013780653
0.977768
0.9830237
0.99750865
0.9982439
0.9889686
0.20560184
0.9765178
0.80737793
0.99434596
0.9984871
0.99992347
0.99778926
0.9250173
0.9892152
0.98738676
0.9961189
0.0106085185
0.0065294956
0.9981547
0.76179737
0.9660176
0.9950965
0.007688495
0.96255165
0.058378953
0.50054044
0.9965012
0.10701547
0.99533075
0.9989973
0.981955
0.99619824
0.013872425
0.005499363
0.9525647
0.9915364
0.99223
0.40459117
0.9744047
0.99703205
0.94928676
0.965657
0.99421
0.9603324
0.15416804
0.9912657
0.32546243
0.86978984
0.28086758
0.9977176
0.9958264
0.9909464
0.9985858
0.009749345
0.99655885
0.03595452
0.99986947
0.9893154
0.02166376
0.99462295
0.9763089
0.9905178
0.90696913
0.9910875
0.99529254
0.0075816745
0.97078514
0.9048675
0.99738246
0.99813026
0.9986082
0.98954296
0.9908285
0.9986224
0.9999393
0.9926563
0.99905854
0.98317635
0.994194
0.9959072
0.039261226
0.99321
0.8937985
0.98960376
0.9979644
0.08764144
0.9990312
0.9973828
0.97944343
0.006548881
0.99498355
0.9592618
0.19295032
0.9845303
0.55341965
0.9911335
0.99677247
0.9963806
0.99697864
0.07514251
0.93927175
0.059818394
0.060391832
0.9975585
0.9947009
0.9926628
0.9912559
0.9990663
0.99966145
0.997787
0.9618278
0.9976519
0.9960318
0.7690455
0.9447603
0.8449315
0.0037948773
0.99962497
0.041239038
0.37977254
0.98206156
0.83464366
0.96277106
0.99915135
0.50399274
0.99706525
0.99672526
0.99648845
0.9816046
0.94854546
0.048909742
0.99842834
0.16494028
0.98380005
0.9979242
0.9907961
0.64257467
0.9755921
0.99769115
0.98612493
0.98515517
0.99767476
0.98948026
0.9975376
0.9830048
0.94085336
0.9236473
0.12147392
0.9998957
0.60969573
0.99587774
0.99839705
0.9944746
0.9986822
0.9689989
0.9914818
0.2112372
0.041918524
0.99768686
0.99826235
0.9399905
0.99834836
0.97592306
0.9956118
0.99659723
0.884657
0.92646134
0.005182561
0.91331327
0.012048182
0.9979954
0.8584499
0.9998417
0.9995579
0.9985923
0.9954587
0.99915826
0.99947506
0.9859124
0.99384415
0.97642875
0.997973
0.99612904
0.9935415
0.98898727
0.009764805
0.99949837
0.98526937
0.9962658
0.95491475
0.99879897
0.06211566
0.99710685
0.9879116
0.9940538
0.9142892
0.99708825
0.076866604
0.9961534
0.9929274
0.99195963
0.18608503
0.99377644
0.99981016
0.20572585
0.93638587
0.9880057
0.7494664
0.9690939
0.99778444
0.9816566
0.98648536
0.9519897
0.9925141
0.9947397
0.9992667
0.06035923
0.9961153
0.012009308
0.99340314
0.23539773
0.003413361
0.9988285
0.98768264
0.9899649
0.8205072
0.9972817
0.9432865
0.020854123
0.9989962
0.994888
0.9969704
0.99743134
0.9985122
0.9955284
0.98853856
0.81575584
0.9994654
0.9959686
0.99777764
0.40014997
0.98250866
0.99610114
0.9846677
0.97958404
0.8902195
0.9958573
0.9968183
0.99844474
0.98638505
0.8034642
0.9022113
0.9991328
0.041847553
0.9948944
0.99706405
0.9991379
0.054569352
0.16374965
0.9993154
0.9961153
0.017069902
0.99242777
0.9987651
0.9948258
0.12049296
0.028342426
0.99574226
0.07867453
0.79852843
0.9959228
0.9982376
0.9966779
0.024153857
0.9954764
0.08962436
0.26894373
0.20744471
0.9959812
0.95932937
0.99706393
0.9869371
0.8592162
0.99559563
0.9980398
0.99503976
0.9778292
0.999676
0.99916005
0.15361242
0.9968411
0.9965134
0.9912175
0.01700611
0.0050397706
0.9992355
0.9948598
0.9984119
0.99079293
0.9892931
0.96015716
0.65981144
0.99991596
0.998522
0.99252266
0.9992619
0.99640924
0.9975661
0.87630993
0.94213164
0.9745437
0.9790854
0.9821259
0.10333486
0.99562943
0.99253285
0.9936407
0.0041606673
0.30713105
0.63977015
0.99815875
0.9929053
0.99402034
0.06657695
0.9240405
0.13187274
0.9898913
0.046964116
0.5316893
0.9770932
0.9421384
0.9946576
0.99309033
0.991495
0.9998982
0.7658164
0.99968374
0.016781429
0.99820423
0.99391127
0.96796876
0.0821113
0.023245696
0.4081115
0.99751955
0.99615085
0.9494604
0.9963082
0.946051
0.98998064
0.80295175
0.9983342
0.7580615
0.3833312
0.9944555
0.99119335
0.9941216
0.8146488
0.99600947
0.7249913
0.99362165
0.9184492
0.9535734
0.9970114
0.9864748
0.97610176
0.8610808
0.97651005
0.99649185
0.9176063
0.9960659
0.9947069
0.9982992
0.99690825
0.9947752
0.9867888
0.0027255113
0.9943188
0.47391173
0.99231124
0.9944989
0.2247166
0.8246878
0.8645454
0.9930606
0.99433064
0.64788693
0.9982699
0.9977303
0.19007365
0.9873239
0.90340406
0.9847868
0.33077204
0.9946455
0.96124375
0.9964933
0.99286735
0.9390082
0.795197
0.9933931
0.9991297
0.9862071
0.99982446
0.9958183
0.99943346
0.98972744
0.999897
0.99006665
0.9920122
0.07639964
0.9817172
0.9972132
0.12431422
0.9987735
0.8378664
0.96560717
0.9725458
0.9687011
0.9645451
0.99865925
0.9027959
0.998585
0.7461824
0.9934575
0.86523867
0.013452008
0.9877601
0.99971217
0.9981456
0.9875986
0.9941461
0.99692184
0.9938933
0.99575186
0.01990329
0.99241275
0.3617723
0.9940779
0.9570506
0.99756026
0.009414591
0.9987445
0.56818277
0.02045797
0.46006095
0.05952182
0.89598364
0.9896376
0.05791256
0.9281927
0.990613
0.9869866
0.9949527
0.045422126
0.9984988
0.99725467
0.99309653
0.3516619
0.54481727
0.6777477
0.9984106
0.8452329
0.5348993
0.998345
0.98551
0.9966168
0.99737024
0.99676657
0.99836844
0.9088694
0.9956102
0.93948835
0.9972294
0.9927631
0.99563414
0.998038
0.9927141
0.94447184
0.88773954
0.9430242
0.99592423
0.9943566
0.99920446
0.9994511
0.99783164
0.98920375
0.009670806
0.9952537
0.99995184
0.97644705
0.9961306
0.99240196
0.95273435
0.99995565
0.99527174
0.99769324
0.98130405
0.96953875
0.52737886
0.9954856
0.9702736
0.9953968
0.9845695
0.98080677
0.9885123
0.99863523
0.9853419
0.99222517
0.9970379
0.9919538
0.9335702
0.99711084
0.028643293
0.99668956
0.99946624
0.6333687
0.9981128
0.8857557
0.8933919
0.99364674
0.9912588
0.630108
0.9962614
0.9707372
0.99744475
0.9965379
0.9997781
0.9962703
0.04271476
0.106274776
0.9709401
0.012632971
0.8670661
0.9972511
0.9919242
0.9917237
0.930153
0.99955434
0.9880697
0.9285092
0.99985445
0.9501885
0.9999349
0.99589145
0.9946631
0.99036014
0.99273187
0.76524514
0.6682703
0.99173295
0.99754
0.9954051
0.9954586
0.98920447
0.9913837
0.98714453
0.9990402
0.9987822
0.37051916
0.7992479
0.9943178
0.9869458
0.99431276
0.9974694
0.9931839
0.9241351
0.99455464
0.9991841
0.04969178
0.9968411
0.99593425
0.2506408
0.92251307
0.99746907
0.9806645
0.82256943
0.9791566
0.9451108
0.99200165
0.9975249
0.9979504
0.9983529
0.9979955
0.9705147
0.9252809
0.98986316
0.019935505
0.023067957
0.99761367
0.99524057
0.99922335
0.9978217
0.99444085
0.9836956
0.6803782
0.99670416
0.99979264
0.20172748
0.9782477
0.9948441
0.77480674
0.9988563
0.9994703
0.76159906
0.103584535
0.99537647
0.92307407
0.9804643
0.97192377
0.995119
0.99787486
0.91177064
0.99680424
0.9970203
0.9995733
0.9985979
0.9979664
0.06498259
0.9991824
0.9999273
0.9965257
0.7831016
0.9984738
0.95372874
0.08844208
0.9897725
0.59934497
0.9781269
0.9889419
0.99353784
0.9013058
0.024703233
0.9593884
0.996126
0.9997625
0.3763695
0.98235357
0.75170755
0.07373858
0.9979474
0.992724
0.95584714
0.98154473
0.9914028
0.9860669
0.9960665
0.9998753
0.80867857
0.98986024
0.9898893
0.9970457
0.023720294
0.2303769
0.8131209
0.9989913
0.7872337
0.97656596
0.99992204
0.9883245
0.99988914
0.9998092
0.99521625
0.12104315
0.98676866
0.9925229
0.99507034
0.14282808
0.9990828
0.9977582
0.97914416
0.9874466
0.05925218
0.996079
0.10311312
0.9990938
0.997663
0.07418909
0.3230952
0.989365
0.99334234
0.8517399
0.9980636
0.9965443
0.9956256
0.9998846
0.06801605
0.04020503
0.99924517
0.005555091
0.023359634
0.86586684
0.99190277
0.99421376
0.9164525
0.9885528
0.07407657
0.99992037
0.069268286
0.9958592
0.9979461
0.99899405
0.99906904
0.99808705
0.99868923
0.45192888
0.991983
0.9966288
0.9939889
0.9959967
0.9882194
0.9075545
0.9832606
0.989636
0.9978927
0.9959084
0.1310538
0.9426381
0.105421975
0.98619336
0.3341133
0.006352674
0.99719846
0.8725809
0.8168497
0.98538244
0.997692
0.75859076
0.83384407
0.99078876
0.9964694
0.99938226
0.9714019
0.99462825
0.9871022
0.82758635
0.9996112
0.99936885
0.98905385
0.9989247
0.99579525
0.80361557
0.9999647
0.9952325
0.9846762
0.99915683
0.67629397
0.99823207
0.9878621
0.9944166
0.94352114
0.11120934
0.4785691
0.99372697
0.9732891
0.9994479
0.98567295
0.98748106
0.97836155
0.9749005
0.9956862
0.99599516
0.09326368
0.38988912
0.99687165
0.9976434
0.98713756
0.98626673
0.98435366
0.99542195
0.7910244
0.9956735
0.9977049
0.56319326
0.99882287
0.9867732
0.996783
0.99741554
0.042094205
0.99686974
0.10149611
0.9485276
0.99491113
0.90022343
0.9974293
0.945709
0.9886994
0.013533282
0.98468506
0.810532
0.32244906
0.9882383
0.99586177
0.996743
0.99205655
0.027447566
0.9735439
0.9983998
0.0027058742
0.45034766
0.9878378
0.96288425
0.99678695
0.9954348
0.010196481
0.99524164
0.9979663
0.16951443
0.9820295
0.99385506
0.99913776
0.9890338
0.9966444
0.99090487
0.9986131
0.9966478
0.9927476
0.9987379
0.9963695
0.99821067
0.012074011
0.995659
0.99517053
0.015502948
0.90568376
0.9586207
0.9808898
0.9893596
0.023508528
0.20673744
0.99897707
0.9968748
0.38977522
0.98443735
0.9991702
0.99806935
0.9972843
0.9941789
0.04016046
0.322427
0.99826413
0.021451345
0.009831137
0.99896216
0.98254263
0.9989911
0.99142796
0.99571604
0.8269632
0.99123806
0.24938633
0.9376996
0.99607074
0.9959627
0.9923741
0.99625045
0.99789643
0.99433726
0.9754351
0.9472476
0.9728233
0.05797783
0.97904474
0.9660274
0.99852693
0.99965656
0.99797827
0.9924837
0.8196327
0.19793272
0.9944193
0.103372924
0.9965282
0.9975
0.1199302
0.99872667
0.8898428
0.99088085
0.057412416
0.9991861
0.9930767
0.9995295
0.99587554
0.5700812
0.9999461
0.9933602
0.67403173
0.9999269
0.9981481
0.9991178
0.9940539
0.87573576
0.9940714
0.99541026
0.9478755
0.96061784
0.13877177
0.9664529
0.7385532
0.98595876
0.99800557
0.9698621
0.9839103
0.9985286
0.9664413
0.99745005
0.73382723
0.9992047
0.9444784
0.96993655
0.99931073
0.8864849
0.07173889
0.9867241
0.99901664
0.998912
0.2574305
0.35867563
0.9485489
0.15927121
0.9991035
0.9922168
0.9997553
0.9881087
0.0064363913
0.01394557
0.99566734
0.9964205
0.9016226
0.35738662
0.8976806
0.009850014
0.98192984
0.017745607
0.9953052
0.99549544
0.06281246
0.9933762
0.04567001
0.9961295
0.97642386
0.99053055
0.9810901
0.058352105
0.9750181
0.052988246
0.9850214
0.9972958
0.9833914
0.989997
0.11160518
0.97774005
0.79001606
0.99680316
0.9986633
0.9756625
0.9942068
0.98968434
0.42046735
0.9932414
0.5707177
0.9765563
0.1591158
0.99749666
0.80538464
0.98280406
0.9735754
0.9946307
0.99526405
0.99820864
0.99861586
0.12627086
0.99591225
0.018761562
0.98815745
0.994005
0.038513582
0.15844518
0.9943423
0.99409145
0.9874608
0.9989837
0.9939878
0.8086538
0.9999403
0.752973
0.15469943
0.99603015
0.9574207
0.9958677
0.98099774
0.97056895
0.9950198
0.99510455
0.9979133
0.30867296
0.98450327
0.9971896
0.88603246
0.3273401
0.95437807
0.96683484
0.99478525
0.06760949
0.96155393
0.8309484
0.99688965
0.8902014
0.008008462
0.99805754
0.98909175
0.9404614
0.9994936
0.9965712
0.053461418
0.8160569
0.13573068
0.9947471
0.87723494
0.992935
0.9964665
0.9936606
0.122673385
0.21525416
0.9841441
0.9987576
0.082723565
0.99655944
0.007303953
0.9983814
0.99820435
0.99650466
0.99674207
0.99541336
0.9939614
0.99990416
0.99070895
0.9945568
0.9707267
0.12901612
0.98342127
0.99750084
0.8462066
0.017848128
0.094930686
0.9899816
0.7731646
0.9785469
0.95021474
0.17519474
0.9998318
0.9965821
0.9980134
0.9979753
0.9978528
0.86227167
0.91503847
0.023063175
0.8568024
0.9737248
0.6687382
0.99808455
0.9982774
0.9969798
0.9987446
0.9971111
0.95246536
0.01154431
0.97005874
0.9926085
0.9882861
0.9769909
0.6177718
0.9984346
0.4805182
0.29597738
0.9947606
0.99515486
0.91995907
0.88252
0.99734926
0.5937217
0.9898149
0.5089586
0.99557847
0.020239962
0.99749917
0.98921657
0.98854417
0.9954939
0.99121386
0.02769173
0.11532097
0.996863
0.9930355
0.02418454
0.9878681
0.009095934
0.8287137
0.02427159
0.60674846
0.9893049
0.98569226
0.9978282
0.9235531
0.9995067
0.99275756
0.9845525
0.8778422
0.99781185
0.99834585
0.9989675
0.9470428
0.9997564
0.99844307
0.05301651
0.9848224
0.035064507
0.99303484
0.92080355
0.9896757
0.15006818
0.10710188
0.99614644
0.7416298
0.9566861
0.96491086
0.9946872
0.0115111265
0.925661
0.96631527
0.99866617
0.9993168
0.97365135
0.008214913
0.9548018
0.99990094
0.9888265
0.90852535
0.98798615
0.99423826
0.91010076
0.9838202
0.99318063
0.071819805
0.049796715
0.99541724
0.94992465
0.9169132
0.99362445
0.11875538
0.99938965
0.99694735
0.9869049
0.57980543
0.009820198
0.99269545
0.9870461
0.5953625
0.9982628
0.99731284
0.7950052
0.9978672
0.9893211
0.072520375
0.03287552
0.99692327
0.0075187073
0.9997955
0.98090965
0.997422
0.99699795
0.9948251
0.7905978
0.9968009
0.9991891
0.9984366
0.78430456
0.9885844
0.9976544
0.950418
0.9497119
0.9987633
0.9873093
0.122077554
0.99782336
0.9959805
0.05771184
0.9885289
0.98503715
0.9596863
0.9982375
0.96546024
0.05519742
0.5172025
0.9998338
0.6004399
0.96281403
0.9206552
0.995197
0.9927308
0.9975447
0.12605767
0.9760449
0.9972119
0.995433
0.99834263
0.9973787
0.99815434
0.99906355
0.9923694
0.99714965
0.025848297
0.99732614
0.98184377
0.9926932
0.99844295
0.99977857
0.9982437
0.6510639
0.99936086
0.9972778
0.10376353
0.24322076
0.58356726
0.9980691
0.98541474
0.94985765
0.999215
0.99805105
0.031251084
0.5129276
0.68591225
0.9991059
0.99071527
0.9976311
0.9905934
0.03791107
0.985271
0.9962213
0.99936396
0.9855298
0.021996481
0.9989267
0.016398579
0.99624795
0.99474406
0.00799803
0.624485
0.9997936
0.99922967
0.99423295
0.66795254
0.9999198
0.95297587
0.022218946
0.99372214
0.73533916
0.0021704661
0.99183977
0.9970208
0.9946451
0.99724245
0.9721718
0.9931559
0.17229651
0.8645176
0.99384564
0.7300189
0.9994048
0.99810946
0.9924994
0.981204
0.999166
0.969763
0.9999031
0.89937854
0.9972983
0.01878215
0.9753372
0.9847478
0.9960019
0.9954919
0.69367427
0.05225678
0.9953458
0.9936242
0.9931813
0.9920517
0.9995727
0.13113484
0.028604666
0.9935681
0.9744699
0.0995642
0.58918005
0.9951174
0.76715934
0.9969599
0.9494763
0.99395883
0.0022581997
0.9996402
0.18057984
0.1382502
0.9910796
0.03336398
0.031952027
0.008453873
0.99393314
0.81313413
0.9900817
0.9938858
0.985112
0.8304817
0.9940561
0.9999418
0.9977108
0.99265987
0.99739504
0.997124
0.99613047
0.93664074
0.99223584
0.9566819
0.6006666
0.22725688
0.9910432
0.9843201
0.23681113
0.8295608
0.993016
0.9965294
0.99993205
0.9917134
0.014308864
0.054476816
0.97701263
0.9968611
0.060275003
0.9799392
0.056131877
0.99632853
0.8232511
0.99253285
0.99793893
0.98846173
0.7353805
0.9932846
0.9997768
0.9998447
0.9972154
0.9550145
0.99728906
0.9904152
0.9974402
0.027699927
0.95100784
0.9987771
0.891291
0.94911677
0.9993923
0.9747273
0.9942737
0.99780446
0.9996536
0.3513499
0.96415794
0.9240685
0.9953903
0.99433774
0.036982317
0.9978764
0.9991972
0.99821234
0.92539084
0.08198314
0.9949174
0.9957663
0.29378858
0.86870915
0.98630536
0.999019
0.9910864
0.99835724
0.980917
0.9995453
0.99427396
0.99868745
0.99994075
0.99641633
0.9979366
0.9744522
0.9955205
0.9983431
0.95377177
0.9985715
0.99959
0.9889737
0.99650455
0.02153253
0.028335342
0.96188956
0.9967265
0.9948014
0.9946555
0.994101
0.0141833285
0.9518568
0.94201744
0.76329094
0.99828666
0.05954106
0.9858512
0.038944945
0.9965527
0.9702243
0.031576198
0.675522
0.9961808
0.023684414
0.021290263
0.9957461
0.9943447
0.008039733
0.9976948
0.09650507
0.99815375
0.99236506
0.14659828
0.9895516
0.99828523
0.9141341
0.9990496
0.9976113
0.99423766
0.998357
0.99612635
0.994638
0.9930072
0.98210835
0.2209672
0.999154
0.9960939
0.9975555
0.99804074
0.979533
0.9130039
0.9983516
0.99124736
0.9988212
0.93518066
0.00940479
0.9888076
0.9993932
0.8753743
0.990892
0.9881236
0.9965318
0.118445635
0.99886864
0.99664587
0.61926293
0.061332177
0.9969598
0.16491815
0.9956071
0.9598871
0.93242496
0.99646497
0.99182993
0.8406734
0.9976368
0.9864698
0.9956553
0.99809843
0.9968855
0.9991104
0.99858177
0.9972403
0.97998387
0.61958295
0.9964737
0.9981534
0.7248147
0.9421774
0.9964514
0.9819709
0.03541595
0.9996871
0.99625444
0.9893579
0.8933477
0.9775384
0.99670297
0.9324011
0.9986854
0.99937636
0.999678
0.0999006
0.9990281
0.9779816
0.96526086
0.9962173
0.5120041
0.8855371
0.99530596
0.4805371
0.9938269
0.99010146
0.0033806635
0.23638088
0.10298015
0.96067375
0.99985635
0.9916351
0.9967068
0.9977138
0.99754107
0.9966577
0.99974006
0.9636762
0.9949098
0.99621695
0.9958424
0.020847278
0.9966683
0.23320206
0.9962972
0.9992404
0.9884687
0.51606476
0.43962657
0.6759295
0.9945798
0.9780451
0.9673322
0.0362328
0.021627145
0.9669881
0.9959155
0.035001375
0.99719465
0.95770913
0.2047105
0.237089
0.9864478
0.9919121
0.0228573
0.028800646
0.98627704
0.99669313
0.996899
0.95677423
0.785111
0.8504061
0.99099636
0.06480142
0.99833775
0.997127
0.91205454
0.0059475442
0.99268895
0.9878126
0.9986343
0.88543934
0.99720544
0.9967474
0.03973122
0.99432325
0.9894304
0.98730797
0.043371625
0.7627314
0.12511542
0.54904014
0.9931819
0.9987668
0.97728056
0.8510902
0.9911691
0.95725703
0.993584
0.9521682
0.99423134
0.99344
0.9893623
0.86491024
0.99743587
0.091826804
0.98810905
0.9106164
0.98129797
0.99588746
0.98670167
0.32464916
0.995439
0.0043107546
0.43278566
0.9996716
0.74952453
0.99585944
0.78811514
0.9713694
0.012841503
0.9942426
0.9405348
0.5600832
0.99373615
0.99225664
0.9972572
0.9611376
0.98789084
0.02015075
0.09441447
0.04700053
0.98402023
0.99781513
0.99806947
0.7748878
0.95881194
0.7349176
0.9948473
0.064554624
0.9983626
0.99912614
0.9204426
0.9900406
0.8438693
0.9971963
0.99670607
0.98212653
0.9993129
0.9956241
0.99815804
0.98911846
0.99243295
0.9858197
0.41143417
0.9995597
0.9904507
0.99943084
0.9947625
0.9997565
0.39527327
0.06946459
0.9982651
0.993156
0.37250078
0.13802758
0.9934342
0.024925154
0.99675685
0.9884163
0.9929698
0.072695844
0.0058332593
0.10057774
0.6547713
0.99866927
0.94070774
0.9860845
0.3722863
0.6291586
0.99878377
0.9763014
0.96384335
0.81670046
0.9881968
0.9442133
0.9957118
0.99658257
0.29712716
0.11610128
0.99179745
0.9999608
0.0046527092
0.0046173413
0.54947776
0.009339089
0.03571178
0.6507222
0.76672685
0.99728787
0.23589242
0.99302167
0.99467933
0.99649173
0.56846577
0.9775204
0.9926745
0.99773395
0.84503394
0.5237518
0.03782703
0.9951049
0.99769825
0.026697874
0.9914834
0.017303452
0.9982273
0.9994223
0.9848232
0.9980459
0.9862169
0.99821895
0.99466753
0.7397155
0.99880564
0.9976961
0.08017629
0.021742038
0.99722904
0.9978504
0.99838805
0.99918765
0.99457043
0.951814
0.9734204
0.98715425
0.4384874
0.05577904
0.9932255
0.9967866
0.98730034
0.9930184
0.16321324
0.9965295
0.9954124
0.45771745
0.018868001
0.9975273
0.9938777
0.99411786
0.9436655
0.9978911
0.87242836
0.9989385
0.50268614
0.03790831
0.9997875
0.006291616
0.9972978
0.3436763
0.087069094
0.57662636
0.93324643
0.49453515
0.025402978
0.9977138
0.027089288
0.9986172
0.9957463
0.03513335
0.9689792
0.9926508
0.92356235
0.98447466
0.76729465
0.9958717
0.99462974
0.99841785
0.9966725
0.06517779
0.9988053
0.6016616
0.20592438
0.99755114
0.99869317
0.9961654
0.9979742
0.9994023
0.9970234
0.9972838
0.99155664
0.01014639
0.9988927
0.9992842
0.21578074
0.99690187
0.9969524
0.99645257
0.99395627
0.9929724
0.9976483
0.96046853
0.049207933
0.9900393
0.9945064
0.51765364
0.8981204
0.99578035
0.9933256
0.99596065
0.994575
0.91448015
0.9916161
0.9892569
0.8665434
0.9933333
0.9990753
0.73973733
0.99642533
0.9970381
0.016046146
0.9930623
0.022508727
0.9973417
0.91806906
0.9978508
0.9964406
0.009678088
0.018955825
0.99567753
0.98485744
0.99898475
0.9976398
0.99961984
0.24823456
0.99848443
0.9979075
0.96864825
0.9979644
0.21785156
0.9557836
0.9974909
0.99657416
0.9845487
0.99496657
0.009249699
0.8292017
0.9982834
0.99754936
0.5799385
0.95483243
0.9933374
0.99871767
0.9957604
0.12722719
0.99054015
0.9979367
0.9849422
0.99565744
0.9398333
0.99639845
0.9999337
0.071913555
0.9978137
0.7339148
0.99860805
0.99757534
0.99528366
0.99088544
0.99474597
0.008413538
0.6889561
0.9979127
0.9944899
0.1034654
0.9595731
0.032959674
0.99663144
0.99554694
0.99773335
0.10922755
0.07245718
0.9961416
0.99004245
0.9916931
0.99681324
0.99748766
0.6695731
0.9574876
0.6419033
0.01752048
0.99391234
0.99534506
0.08910071
0.40578482
0.99856704
0.64309794
0.9852932
0.9949681
0.01092377
0.98117983
0.99646133
0.9977964
0.98962945
0.994839
0.9350331
0.9990343
0.9668636
0.99837685
0.99808747
0.996599
0.99984455
0.99931836
0.054855578
0.99864846
0.9977598
0.93093616
0.99660134
0.99898595
0.98975474
0.99393255
0.9918303
0.9942316
0.836938
0.9608179
0.14018825
0.992757
0.89095116
0.9921948
0.991589
0.9969116
0.99393255
0.9947489
0.008165508
0.996132
0.24417083
0.007733042
0.28196463
0.99613684
0.9083703
0.9766891
0.96682036
0.9929905
0.67369103
0.97491574
0.9880348
0.6835917
0.92121696
0.96578515
0.98787004
0.91054523
0.9855269
0.69678795
0.9867731
0.990897
0.99960786
0.9575842
0.997682
0.9155965
0.99588805
0.9513805
0.025355173
0.97715014
0.9890154
0.8445049
0.9443834
0.943773
0.99724686
0.9916174
0.99037033
0.99920976
0.93420863
0.9224201
0.064812295
0.9879006
0.999225
0.99607843
0.026370872
0.99210525
0.9886728
0.9973074
0.998587
0.99699724
0.9961654
0.0056418655
0.9986457
0.994812
0.99521315
0.99973613
0.44333047
0.98748314
0.99938715
0.033576954
0.97498226
0.06665674
0.0371216
0.996071
0.98575634
0.9921663
0.88974327
0.97833705
0.97339123
0.9866651
0.9998821
0.999902
0.97818553
0.99910897
0.8906628
0.9929745
0.015121884
0.04335315
0.99736613
0.99048716
0.052143443
0.9344222
0.0493036
0.4036351
0.02270586
0.012215771
0.8230221
0.9964399
0.9999094
0.69613725
0.44147
0.63776475
0.99946624
0.8769092
0.9580561
0.99616724
0.38696957
0.99515307
0.98736155
0.14942223
0.99903154
0.9718997
0.99994993
0.99249154
0.8156303
0.91836524
0.93155664
0.9998097
0.9911184
0.96378654
0.009033767
0.9976089
0.9936859
0.9847912
0.987064
0.9770174
0.998422
0.99259686
0.98971784
0.95715153
0.9964348
0.97227365
0.9859406
0.99438226
0.95627874
0.99209654
0.9999136
0.99575543
0.9981505
0.03445007
0.99943787
0.96855205
0.9977704
0.8920899
0.9989889
0.99759847
0.00980476
0.044647798
0.99699175
0.9883773
0.93856764
0.9980171
0.94077474
0.98534507
0.99586225
0.9855818
0.85333323
0.99902534
0.05971356
0.004655024
0.9968631
0.9776668
0.99571085
0.9870307
0.9997379
0.9914364
0.99832255
0.99650156
0.9931952
0.9927463
0.94169134
0.0113130715
0.4774622
0.7079288
0.99879044
0.93381953
0.99489623
0.9983169
0.99543035
0.9847269
0.88318384
0.9883058
0.99240655
0.060307562
0.020426326
0.35915494
0.03824386
0.86190337
0.99657345
0.99821246
0.99527234
0.9856529
0.99272835
0.9933095
0.98291636
0.92896307
0.99737513
0.4634123
0.97628367
0.98644966
0.92417294
0.40012646
0.9996637
0.99782556
0.9971023
0.9329083
0.99601716
0.9969675
0.9976767
0.9704352
0.6683722
0.9972038
0.9978543
0.9986076
0.014679993
0.9972389
0.996994
0.94652617
0.99827397
0.88613933
0.99835473
0.9998388
0.9642076
0.0064608483
0.9930056
0.06616992
0.77662706
0.9859418
0.058820337
0.99984527
0.99820054
0.98873925
0.9939691
0.999421
0.98106796
0.9959229
0.965692
0.9991732
0.9605127
0.18041523
0.042931966
0.5773877
0.029963996
0.9935942
0.9993861
0.9898925
0.9996265
0.99859756
0.9985146
0.9090168
0.99971956
0.9996265
0.99421847
0.99232507
0.9967668
0.99825424
0.0066822963
0.99453294
0.9947802
0.79290503
0.6329375
0.05449887
0.99971
0.12610838
0.99117345
0.96897763
0.9982638
0.71772295
0.99647874
0.03467774
0.99683785
0.95422995
0.9951617
0.9984079
0.99127054
0.025513846
0.99242276
0.9261067
0.88360107
0.9989189
0.20035505
0.22246909
0.99898344
0.99988663
0.99413437
0.99915385
0.99758816
0.9841166
0.9965597
0.9380005
0.9408865
0.11703163
0.99928373
0.99767953
0.97998923
0.9122357
0.99861693
0.10723837
0.99450594
0.9982798
0.99638176
0.038002227
0.81726736
0.9976654
0.31780675
0.9382224
0.5694602
0.9725667
0.85069424
0.9544455
0.99863064
0.9536112
0.9984977
0.99985933
0.9881639
0.26100832
0.9904146
0.013833529
0.98669356
0.98477376
0.9698879
0.30061597
0.99376416
0.9912243
0.07278773
0.9903537
0.99854195
0.96008176
0.9999051
0.96733856
0.022707654
0.020519376
0.54616845
0.9966569
0.5561152
0.9994535
0.9945247
0.99443734
0.9948815
0.99975604
0.9999225
0.0075062215
0.9889303
0.99833626
0.99965966
0.9567453
0.9505688
0.99745816
0.9922505
0.030975593
0.99909604
0.90506935
0.98632103
0.99652344
0.7101805
0.99664044
0.9967367
0.9919586
0.993936
0.9992392
0.85383886
0.99362344
0.016773768
0.99112785
0.69794506
0.9984835
0.992906
0.93127495
0.9950252
0.99928325
0.9696909
0.9967422
0.99257654
0.99304575
0.99154353
0.95184696
0.99819905
0.17567407
0.9973168
0.99803215
0.99058086
0.09162962
0.99928313
0.996073
0.99980265
0.99452776
0.99785656
0.9956968
0.6285605
0.030267594
0.9972567
0.99552095
0.9440444
0.9937656
0.9938415
0.8642907
0.99023
0.99900323
0.9999269
0.9907918
0.9968568
0.048338965
0.9993462
0.89599365
0.6434889
0.9988977
0.9946154
0.99602926
0.9876766
0.9998821
0.99808156
0.9991861
0.020181807
0.9948709
0.9966196
0.9628157
0.9985001
0.9925488
0.9280465
0.99612683
0.99881446
0.99227166
0.6091343
0.992955
0.9989221
0.9354127
0.9959235
0.7765281
0.99944144
0.9978885
0.99857867
0.9975206
0.9595563
0.99621046
0.99826354
0.9749517
0.58327335
0.79173964
0.6212281
0.9598637
0.011280716
0.99236625
0.008941035
0.954172
0.07100943
0.031664792
0.97694105
0.9979929
0.04140295
0.9965264
0.88730454
0.9972703
0.99465334
0.84274364
0.8473298
0.99573046
0.9657864
0.98953575
0.99411917
0.9806591
0.92859715
0.07326229
0.028767776
0.99873775
0.9686168
0.9997601
0.99954385
0.061862424
0.99692756
0.41660467
0.993024
0.9956519
0.99501723
0.99901295
0.63017005
0.9987295
0.9955819
0.9862773
0.9977763
0.9922999
0.070867725
0.035680298
0.9900241
0.92042834
0.99821824
0.8234067
0.954243
0.83597153
0.9958067
0.9941346
0.98188317
0.9850718
0.99870145
0.99488115
0.08448835
0.17037843
0.9984156
0.996872
0.9965772
0.9178007
0.9972964
0.9993599
0.999108
0.988356
0.028270585
0.99890983
0.9925234
0.9951716
0.6672884
0.996561
0.99844885
0.9997538
0.9629698
0.99674726
0.9984731
0.97478807
0.98961955
0.015728131
0.988425
0.99557245
0.9777625
0.99795866
0.49982727
0.98285806
0.99322426
0.9808152
0.9743867
0.9990281
0.9938474
0.9767394
0.9949714
0.9974733
0.9849776
0.98269695
0.9990877
0.9905337
0.99854445
0.99782395
0.991202
0.9967822
0.96745247
0.9760257
0.9817561
0.9964897
0.9962626
0.9957699
0.9947678
0.9997031
0.99991703
0.9906804
0.9999018
0.99991393
0.5734163
0.99910504
0.9991054
0.93052864
0.9976609
0.99823403
0.9990382
0.99969816
0.9988211
0.79286087
0.9888194
0.9787917
0.9972351
0.011983175
0.98956794
0.9826889
0.9956061
0.99346113
0.95193714
0.19765495
0.020816213
0.9956513
0.92788565
0.99648947
0.6621344
0.69007355
0.99853086
0.9988851
0.9987336
0.83593386
0.9917548
0.9999256
0.023024432
0.9991768
0.11762449
0.99937314
0.61984146
0.020013446
0.9930187
0.9981123
0.9853146
0.990829
0.01388726
0.9962923
0.99949574
0.9987972
0.9980108
0.97548723
0.9974833
0.53691006
0.99451387
0.018963221
0.86601096
0.9924331
0.9942303
0.99461174
0.992857
0.9939349
0.94082516
0.9946938
0.9984901
0.117154956
0.9982091
0.99717736
0.9914444
0.9976441
0.9956197
0.9922741
0.99961853
0.71475774
0.017978143
0.7055707
0.9983354
0.93836313
0.983612
0.99830556
0.9621819
0.013705674
0.9881187
0.95733154
0.99101263
0.97930956
0.9929414
0.9828955
0.98543674
0.99784946
0.99746776
0.0874507
0.9878709
0.9961409
0.99964297
0.93259716
0.997138
0.9745633
0.995833
0.99449027
0.9993987
0.9787138
0.98832613
0.9957385
0.9891851
0.010545159
0.681774
0.9986388
0.9947803
0.7881969
0.018418292
0.951483
0.9920906
0.989609
0.9943771
0.99892265
0.9985593
0.4222283
0.999132
0.9197627
0.054794222
0.92826474
0.9885175
0.9960704
0.994972
0.00946678
0.987508
0.9993962
0.9917509
0.99284583
0.9951649
0.99852717
0.95074636
0.61087453
0.4712582
0.998401
0.996962
0.9998566
0.99217224
0.9924384
0.6422257
0.995346
0.9679128
0.9870855
0.986389
0.9981316
0.99289614
0.9991124
0.9978434
0.9960424
0.9926023
0.40312427
0.99673635
0.3014149
0.9947397
0.99454427
0.025137741
0.99980754
0.97767466
0.9988218
0.99831855
0.4511711
0.9966048
0.20840205
0.9852958
0.94624954
0.9986154
0.99832076
0.51262796
0.8151844
0.98970735
0.9894132
0.28233656
0.8517881
0.9098366
0.98598456
0.93939126
0.99612707
0.57841355
0.10661788
0.9998747
0.99943966
0.99772745
0.9984628
0.99770397
0.98036444
0.997561
0.9968887
0.997532
0.19741505
0.9969989
0.9965743
0.99825376
0.98725235
0.9588189
0.9643363
0.9808905
0.9450941
0.98711735
0.93275136
0.9930059
0.99916327
0.9960234
0.9980836
0.006185338
0.99636203
0.04775692
0.9937215
0.9842168
0.45346063
0.9138389
0.9994838
0.028712464
0.9950492
0.99450064
0.9962106
0.9984847
0.9931618
0.9982728
0.9880149
0.43076858
0.99659747
0.084625416
0.94741654
0.9790661
0.99517536
0.95959526
0.99164283
0.99445987
0.9881677
0.85920244
0.97206974
0.9954022
0.9954535
0.9905688
0.014985883
0.42237136
0.99718165
0.98766613
0.22629224
0.93821084
0.9996424
0.94977605
0.99790204
0.99454004
0.98952603
0.9997278
0.9981584
0.98832244
0.96530104
0.9674074
0.9948639
0.9865165
0.99119616
0.9971198
0.028798526
0.23680872
0.9226647
0.99895084
0.9973953
0.25390503
0.009016636
0.99645597
0.9920454
0.99905616
0.9955824
0.99854845
0.9991153
0.9934238
0.29485276
0.99601847
0.950816
0.993501
0.86467487
0.7484976
0.9966462
0.115965724
0.97796315
0.9872011
0.8726892
0.500706
0.9954354
0.9811522
0.9994273
0.008830929
0.99716574
0.9951342
0.99640864
0.97132415
0.99051124
0.9984188
0.37706253
0.9992937
0.26773763
0.9230916
0.9979601
0.8294674
0.9983668
0.008855972
0.0083536375
0.9989371
0.99515474
0.6804651
0.15574552
0.02378413
0.9208639
0.9974089
0.8256681
0.8856803
0.9980794
0.7782603
0.89968616
0.9698165
0.990862
0.99997306
0.99829954
0.9798259
0.99521434
0.99685466
0.027671892
0.95167565
0.99716896
0.9977512
0.99732864
0.99779046
0.9905794
0.90659213
0.9975044
0.9968515
0.99739504
0.99859375
0.9945391
0.9668583
0.9998597
0.99446774
0.99331313
0.9801108
0.99985135
0.91365296
0.9983474
0.010494042
0.0058360198
0.12333878
0.15264437
0.9938122
0.83851284
0.9967885
0.9807958
0.9975158
0.043744147
0.996983
0.7804408
0.026727995
0.99829835
0.9840971
0.74868405
0.9959831
0.957056
0.999183
0.025899442
0.1916104
0.99832755
0.9956424
0.97702664
0.99856037
0.03321161
0.9969908
0.99758637
0.9973584
0.998533
0.8832837
0.98019445
0.9921538
0.99778134
0.63859373
0.99731535
0.9858203
0.9902436
0.9997477
0.81242126
0.24756283
0.07787629
0.99540037
0.9975229
0.89073807
0.999622
0.9985493
0.99716216
0.99906033
0.999146
0.998782
0.98192054
0.98555213
0.03493553
0.9980767
0.9916814
0.9763197
0.9980767
0.9132862
0.9987178
0.063613206
0.9974336
0.9957925
0.9965546
0.21596327
0.16234799
0.8652143
0.037173845
0.9970988
0.9949279
0.99816954
0.9906915
0.99786407
0.91956556
0.9943791
0.03469269
0.99164116
0.997971
0.009630377
0.031355742
0.057086654
0.4385604
0.99872595
0.9924119
0.9946549
0.9929444
0.9858148
0.9895812
0.28892303
0.8083467
0.9963379
0.99640816
0.022525037
0.99443394
0.99467754
0.6279192
0.96293265
0.48935932
0.87774104
0.9991217
0.996252
0.9955166
0.014849077
0.51910186
0.9984854
0.9602598
0.67350477
0.9892992
0.022672696
0.8294664
0.430603
0.9982266
0.9138835
0.96373373
0.9973335
0.5662693
0.94360405
0.85089105
0.9995586
0.99800915
0.9448136
0.9718596
0.98783606
0.9982407
0.99698097
0.9606393
0.9967981
0.9849497
0.9869358
0.95297855
0.9977888
0.0063027786
0.9895979
0.12119458
0.8854611
0.87143195
0.9972114
0.9875689
0.98162514
0.99742836
0.5176206
0.89233184
0.9996055
0.9851201
0.99448955
0.98043376
0.19121155
0.9997495
0.91474324
0.9943105
0.99745494
0.18424213
0.99710566
0.3840591
0.98817384
0.9927037
0.75227666
0.9987374
0.99134314
0.012948721
0.99607456
0.99871886
0.9791006
0.8595856
0.90446204
0.9855149
0.84934664
0.99967873
0.9975176
0.05562623
0.978224
0.8786538
0.9711689
0.70971316
0.99796486
0.9691171
0.05626794
0.9865661
0.9972107
0.9977258
0.99629885
0.9912196
0.9444259
0.9997054
0.9950212
0.9854419
0.98330325
0.99773943
0.9974619
0.9941461
0.99346715
0.98675364
0.9963163
0.99794286
0.06340714
0.94177413
0.98249006
0.9973826
0.99204785
0.9953644
0.99985385
0.99724364
0.9892729
0.9927555
0.9600043
0.9969348
0.9725648
0.99791986
0.9165322
0.9946413
0.7179116
0.9997907
0.9015685
0.97177356
0.9653944
0.9986393
0.9852159
0.98763555
0.9418206
0.99779105
0.999178
0.9987413
0.996396
0.9970009
0.7641021
0.028788561
0.56818753
0.99757177
0.998331
0.1686876
0.9992447
0.99888533
0.99795085
0.9776405
0.2842748
0.9953713
0.9975109
0.9923707
0.98664457
0.9944232
0.9801192
0.9122684
0.6746051
0.75357753
0.99371195
0.9873921
0.99757427
0.9975056
0.9958205
0.9285318
0.53088355
0.9999255
0.9892123
0.9702113
0.9832767
0.95534194
0.9755613
0.9968925
0.99975353
0.094701
0.028543439
0.9997627
0.113936044
0.9386186
0.98619705
0.6655118
0.9386674
0.009667491
0.9228099
0.9980781
0.9984365
0.99667597
0.999607
0.93154526
0.9984534
0.5634347
0.9810431
0.982598
0.22049442
0.9966732
0.5249813
0.9865074
0.99426574
0.005896706
0.999931
0.05232676
0.99847513
0.99630785
0.98250705
0.9963515
0.99798226
0.96005267
0.9753881
0.99007076
0.64721036
0.9900203
0.98257256
0.13101605
0.99849546
0.023402775
0.9974733
0.99546355
0.99635017
0.99146384
0.831846
0.99877733
0.96934044
0.99480927
0.9991054
0.9799442
0.9758386
0.9974026
0.8314584
0.9982504
0.9960503
0.98609287
0.9967129
0.97239155
0.9310859
0.99607974
0.9622659
0.8608449
0.9992787
0.94277614
0.9724982
0.99465525
0.9988361
0.99718946
0.95673233
0.93476206
0.0735145
0.9925982
0.09630709
0.95948756
0.87936974
0.9531012
0.017993366
0.9990435
0.9841739
0.9905371
0.9889481
0.9988417
0.9931717
0.87192714
0.99785304
0.84995735
0.9981255
0.9716029
0.86652994
0.94454885
0.99647456
0.36664802
0.30879012
0.99681735
0.99854195
0.99884427
0.99854326
0.5429165
0.9959182
0.9919661
0.057296913
0.9861115
0.91628474
0.035701707
0.08480118
0.36191174
0.98532355
0.98115253
0.035135064
0.05476557
0.9943638
0.99587256
0.9985777
0.030644113
0.99849844
0.20192876
0.99557555
0.99635726
0.99467885
0.75563544
0.9997868
0.9752315
0.9965402
0.021385467
0.97878075
0.5205837
0.99893457
0.9996667
0.36170977
0.99804866
0.97941566
0.99220204
0.8031822
0.9982126
0.99541986
0.9914521
0.9923747
0.99963045
0.99079996
0.92737275
0.9948349
0.9941016
0.06872151
0.998336
0.9992824
0.99078596
0.9827147
0.99816656
0.99489516
0.9230816
0.9830736
0.9950806
0.9995285
0.99986136
0.99907994
0.029859317
0.99396175
0.96014374
0.99855703
0.986211
0.9934863
0.99869686
0.9997228
0.99928707
0.9994875
0.7326264
0.99414945
0.99855584
0.99838746
0.9967744
0.91048324
0.99447083
0.9307279
0.9989742
0.9898823
0.99453825
0.3991464
0.99994636
0.3233384
0.99564075
0.9937495
0.967255
0.9977562
0.9921951
0.9743963
0.7440169
0.99815315
0.99552625
0.99825937
0.80742025
0.997575
0.9176084
0.99590355
0.9973443
0.88169634
0.0066541866
0.04575059
0.061027102
0.9987368
0.12730536
0.98987436
0.99785846
0.9990157
0.6637968
0.9937727
0.05105845
0.991271
0.9974673
0.99616313
0.9558311
0.998492
0.9965295
0.9977276
0.14897913
0.9973954
0.99916506
0.09930004
0.99845254
0.99630547
0.027898252
0.77148545
0.99516463
0.99631625
0.99221945
0.93489075
0.99484974
0.39619926
0.99799156
0.99358386
0.9984263
0.9913413
0.98598564
0.080509
0.99294597
0.9985715
0.78113407
0.047236267
0.99314016
0.99423826
0.99662846
0.99864763
0.9991478
0.9802632
0.7323201
0.021189459
0.040064897
0.01727694
0.9798449
0.9710525
0.9987093
0.8937709
0.9925788
0.9971403
0.94402725
0.9990018
0.99936026
0.98847896
0.9935818
0.92864776
0.9986681
0.99505615
0.9561731
0.96731555
0.9994173
0.9880674
0.99795747
0.9860619
0.030450577
0.133412
0.97843194
0.9941182
0.99009234
0.14910853
0.8040049
0.99587053
0.9898986
0.99836963
0.916896
0.9973712
0.03371005
0.99750084
0.08840241
0.020313393
0.9956541
0.9457155
0.075091794
0.9994055
0.97833997
0.014916653
0.9903751
0.18570127
0.9976858
0.9967734
0.5853199
0.99612504
0.9908778
0.9968142
0.98753136
0.71031314
0.9834484
0.99547935
0.9968483
0.99990237
0.9983803
0.9978708
0.9827518
0.9973163
0.99955636
0.01922737
0.99453133
0.99994636
0.99828243
0.9884001
0.99419796
0.1357854
0.14841928
0.99359375
0.99498725
0.99185807
0.89994794
0.9975458
0.99083155
0.964022
0.08644846
0.9939167
0.98362154
0.99184436
0.99546224
0.99124616
0.27329704
0.94828147
0.99708956
0.99490094
0.7387184
0.99244976
0.9996879
0.055173766
0.9802121
0.12280435
0.1599583
0.9286961
0.4628166
0.98748153
0.99036855
0.99799275
0.99900395
0.9986626
0.9557437
0.064185895
0.99986887
0.997054
0.82286125
0.9986577
0.010103698
0.99106324
0.028938832
0.9901848
0.9964128
0.13918489
0.9997919
0.9683648
0.82296646
0.987253
0.9850973
0.99954104
0.9986534
0.99556667
0.9981285
0.99784005
0.92896503
0.9973609
0.8457797
0.994385
0.9917915
0.99935526
0.023291545
0.62398833
0.9990558
0.99886715
0.0924562
0.9983847
0.99596715
0.015048155
0.72636855
0.9976659
0.9583698
0.99637175
0.44471484
0.99792045
0.9964958
0.95086163
0.99826044
0.09413999
0.040714797
0.98521185
0.9973826
0.9844083
0.98490554
0.9992817
0.99397177
0.6448159
0.8484209
0.99674714
0.9864652
0.9990656
0.1750214
0.9920825
0.9968321
0.008579818
0.99834836
0.9896226
0.011806304
0.9892608
0.054724682
0.99581474
0.041805565
0.96986324
0.9934809
0.99827874
0.99890506
0.9762614
0.99859864
0.9965597
0.9893169
0.9946572
0.9956334
0.99692863
0.009140219
0.99690944
0.89404166
0.99905246
0.99752384
0.95484996
0.051504962
0.99081415
0.9994105
0.4299627
0.0396466
0.99765646
0.996393
0.020887254
0.6111232
0.8991573
0.9872715
0.99550533
0.9900371
0.0101369545
0.9988984
0.9994692
0.02744588
0.9954007
0.9980089
0.96690995
0.99609345
0.99212635
0.99823606
0.8518014
0.022013962
0.9993061
0.999383
0.99796104
0.99006265
0.9930783
0.99939144
0.9994703
0.99433917
0.5294777
0.0136229955
0.9812881
0.9926932
0.99621755
0.0060623013
0.99592113
0.98149073
0.29976952
0.6948198
0.17413647
0.99240005
0.9797213
0.9858559
0.9393351
0.99236697
0.051924318
0.035197232
0.99554473
0.99729544
0.9980122
0.99807125
0.9989016
0.018776737
0.9947849
0.99007285
0.9980033
0.9918887
0.9895299
0.0072678025
0.9923133
0.9975683
0.9984516
0.99978894
0.96520364
0.97908163
0.98648655
0.9981559
0.8491732
0.07490405
0.99399215
0.9946807
0.9992643
0.9982938
0.7789774
0.063661434
0.9606544
0.9637047
0.99390256
0.9989531
0.9969476
0.99086
0.98837376
0.9998901
0.97565925
0.6107056
0.99487925
0.9810816
0.97399795
0.9976534
0.97249955
0.9999056
0.8228615
0.86317277
0.99639857
0.97727555
0.972326
0.9565496
0.99617225
0.99595624
0.008934184
0.9980179
0.99524814
0.9937168
0.99489367
0.9991124
0.9939786
0.019929435
0.8925485
0.74848634
0.98694056
0.99928457
0.9929981
0.30878142
0.9991391
0.5548139
0.99311477
0.99794644
0.9682975
0.99821776
0.9924332
0.99771416
0.9991192
0.9972805
0.9856134
0.97365403
0.9890569
0.9942154
0.98371154
0.99757403
0.76965106
0.9253024
0.997719
0.95287114
0.025466604
0.9957001
0.9931051
0.9948257
0.9948245
0.8872148
0.9946772
0.9593875
0.9956025
0.9974577
0.97673404
0.34606308
0.99786973
0.9933743
0.9927066
0.9934524
0.99779356
0.9351919
0.9971168
0.015030991
0.98615324
0.99427986
0.11305455
0.9834367
0.99572104
0.9973896
0.99532217
0.99202865
0.0219932
0.97339904
0.99546534
0.030526515
0.87646776
0.993153
0.9903639
0.8888452
0.1891971
0.9971374
0.9982925
0.99873203
0.997118
0.092125945
0.9932006
0.9976992
0.9927094
0.997393
0.9973193
0.8792924
0.9876506
0.9943657
0.9950434
0.587178
0.98236483
0.9927101
0.998703
0.014115591
0.04505938
0.0844554
0.976536
0.9964097
0.99438137
0.035630602
0.97977567
0.99576926
0.052958928
0.9882476
0.9964689
0.018535268
0.9946542
0.97017115
0.5249988
0.9946292
0.9973653
0.9988354
0.9889993
0.9765595
0.99750924
0.9980254
0.980169
0.99045545
0.9962872
0.9930112
0.997968
0.11644762
0.941875
0.61003804
0.98862565
0.85540396
0.99685764
0.9911773
0.48089835
0.0043336926
0.91376215
0.071149275
0.98867947
0.9911527
0.99501145
0.9986784
0.98952675
0.9973122
0.99752253
0.9946196
0.91912013
0.99583924
0.97090435
0.99515116
0.95920146
0.85288966
0.019577228
0.91483283
0.049013693
0.9980405
0.98195064
0.98348963
0.5188831
0.9981476
0.9613743
0.33959907
0.995682
0.9797492
0.996747
0.99244636
0.9734057
0.9998703
0.878509
0.013671675
0.99988115
0.9994904
0.04031316
0.88827217
0.9802524
0.023458019
0.04491996
0.9913886
0.98677605
0.99948126
0.9989747
0.9985195
0.9870898
0.9334277
0.998928
0.99722195
0.9923268
0.91544384
0.025982851
0.0097043
0.9141019
0.9211581
0.006251299
0.9866166
0.9997806
0.32852677
0.013459035
0.99733186
0.99904984
0.9977329
0.9995377
0.030082768
0.99218565
0.99419713
0.14311309
0.9999186
0.8433135
0.98232055
0.99436635
0.99709773
0.99637455
0.9958331
0.061577447
0.99934727
0.012096197
0.99547935
0.9979311
0.9987853
0.9979481
0.9949569
0.9943236
0.8943755
0.9977648
0.93029946
0.99204856
0.09915171
0.72432244
0.03624171
0.99550986
0.99708205
0.99905175
0.66278297
0.9506857
0.9852899
0.7720996
0.99986064
0.9983872
0.9880508
0.9797055
0.9292308
0.98741233
0.99665135
0.99953544
0.9970252
0.023739697
0.9936811
0.053363558
0.9948331
0.9823383
0.9933021
0.15366992
0.12266767
0.9817786
0.9959674
0.9605508
0.99925345
0.062023662
0.9665297
0.9949809
0.997549
0.9975199
0.99552226
0.9980635
0.9374861
0.8868487
0.9994253
0.02389935
0.99979764
0.9997787
0.9700085
0.48594657
0.3307076
0.41060674
0.8011084
0.9770314
0.9496041
0.9915558
0.9973315
0.9986021
0.81014174
0.99419457
0.9837871
0.9980385
0.9814029
0.98212725
0.9529588
0.99497074
0.99559987
0.4888873
0.027767532
0.99881136
0.70406914
0.99656785
0.9029935
0.9929616
0.046571426
0.99602604
0.9925736
0.99747014
0.9989183
0.9961809
0.99113464
0.93636507
0.99524504
0.9969799
0.9531842
0.983986
0.9977945
0.0437632
0.20688559
0.99863905
0.036238294
0.9969638
0.9938094
0.70605767
0.99294466
0.93973464
0.97985876
0.99558616
0.99918634
0.9974125
0.9440388
0.80734706
0.5538748
0.99447364
0.985379
0.9968664
0.9901798
0.68260866
0.99276346
0.76794916
0.99379504
0.98307884
0.01702625
0.6322724
0.98392093
0.99094397
0.9970673
0.9947125
0.96604544
0.9980861
0.9232353
0.9905543
0.951695
0.21502367
0.986349
0.9650008
0.18460329
0.9933357
0.9998524
0.99694496
0.99086654
0.99717075
0.98813206
0.99520606
0.97140807
0.7382037
0.85779655
0.99596393
0.9943399
0.99363
0.971872
0.9779889
0.10951581
0.9983728
0.99926907
0.99757
0.99319565
0.9923476
0.9853666
0.9981706
0.5901095
0.95785254
0.9687261
0.08891272
0.83541846
0.6572775
0.09778699
0.9966822
0.9952329
0.17905894
0.8394935
0.94382244
0.03345591
0.7799775
0.9795009
0.99977654
0.995256
0.99982244
0.963106
0.99329466
0.9962388
0.9982845
0.99174166
0.7496545
0.9969602
0.077376336
0.9954621
0.9960919
0.64347285
0.2925217
0.9998847
0.989782
0.67179185
0.9850322
0.8540522
0.9096753
0.99112505
0.023124041
0.9965071
0.99684864
0.3747988
0.99738735
0.9971475
0.6760699
0.99734145
0.9924349
0.99424523
0.75634027
0.95558786
0.07752067
0.99806386
0.9206569
0.87786627
0.045836203
0.9573797
0.9917985
0.009002135
0.9785695
0.7996964
0.8979612
0.99368626
0.9894252
0.9957438
0.9921823
0.9966767
0.99595165
0.9779539
0.98603547
0.9923747
0.9973169
0.9948832
0.9948213
0.4562298
0.63169426
0.07893805
0.98593545
0.9962475
0.18606704
0.9872759
0.931537
0.029008608
0.9528365
0.039391525
0.99642926
0.99447155
0.9951578
0.9962717
0.99918133
0.9980648
0.9969054
0.036183704
0.18690547
0.98779535
0.98797625
0.9944246
0.46759617
0.011566886
0.99658763
0.9927591
0.99167913
0.9967463
0.8451486
0.9870645
0.9838695
0.99765694
0.9619287
0.9973916
0.9891923
0.9537641
0.99792373
0.9983071
0.99659973
0.022901282
0.98085564
0.84764785
0.9982101
0.9914801
0.99230415
0.18843782
0.054649692
0.9981749
0.89175016
0.9971945
0.3938827
0.9927288
0.009086428
0.9988073
0.96605533
0.99252844
0.9454695
0.99318075
0.9450467
0.99715734
0.9868743
0.022207104
0.995834
0.9960705
0.98804593
0.9945815
0.08584713
0.98303384
0.98994607
0.99565923
0.02229732
0.9255422
0.99366546
0.93195945
0.9973138
0.9839298
0.012822041
0.033351794
0.94695663
0.72663796
0.46403655
0.99413234
0.9737467
0.14562222
0.9959888
0.06845818
0.998393
0.9967638
0.9928974
0.9923953
0.9963952
0.99856997
0.99663866
0.9916768
0.9921483
0.8368387
0.9974884
0.054668617
0.99856406
0.004789718
0.017995471
0.9992982
0.9998336
0.9974371
0.040583726
0.98112833
0.0752914
0.9942591
0.5497479
0.023263725
0.46142447
0.9995023
0.91055596
0.9989298
0.9953962
0.99304235
0.050834615
0.9991873
0.9962398
0.8939045
0.99694246
0.92452353
0.9942464
0.99656254
0.7554189
0.999869
0.9940877
0.9916368
0.9973876
0.9533244
0.99989605
0.9707818
0.1315
0.98909575
0.9607983
0.97703606
0.99308395
0.9818364
0.19588666
0.9624006
0.9950217
0.04474928
0.74010175
0.99399984
0.90731883
0.3592981
0.9995901
0.8150811
0.9987029
0.98813385
0.9985581
0.9991379
0.9684955
0.99837875
0.9918839
0.99463683
0.54546714
0.999323
0.9636012
0.9922891
0.65567416
0.9927127
0.84559
0.76233035
0.9969112
0.91508627
0.99297744
0.9433637
0.99169606
0.9538198
0.99762243
0.98101234
0.9984817
0.9653099
0.97656745
0.9969104
0.9977702
0.99545383
0.72110134
0.99278754
0.9952846
0.74591637
0.99799395
0.99853337
0.9995629
0.8508662
0.042526454
0.9975936
0.008180281
0.9692049
0.9912896
0.9979814
0.26092824
0.9983656
0.34267604
0.99706537
0.98428357
0.68348074
0.98321044
0.004953553
0.023221346
0.8418913
0.20385605
0.85923743
0.048762694
0.9998072
0.99328834
0.998664
0.9941902
0.9981286
0.97334576
0.9953597
0.9894909
0.9914733
0.9923884
0.9788528
0.043207012
0.97385424
0.004503501
0.9932887
0.99684036
0.99354964
0.99427927
0.99601233
0.99838233
0.32746544
0.9956801
0.9944449
0.7513648
0.99896276
0.9897726
0.9998253
0.9974154
0.0144293625
0.010568918
0.98228997
0.99342114
0.99960655
0.036785413
0.9983589
0.9036235
0.92105913
0.06860516
0.9998828
0.99669075
0.99620795
0.970687
0.6568607
0.99882406
0.99726045
0.9951467
0.9839849
0.9974032
0.99479645
0.99728966
0.010227192
0.98407966
0.9874047
0.99157315
0.99142504
0.9644144
0.9999075
0.99714583
0.9482053
0.16133577
0.9974166
0.90684456
0.9978637
0.9964659
0.99481577
0.9991811
0.99970716
0.4425956
0.99603695
0.9265527
0.9994221
0.0843079
0.99960893
0.10964024
0.9908736
0.99809057
0.93509036
0.9977937
0.79515547
0.9994554
0.044162925
0.013767328
0.017679285
0.016794471
0.9973738
0.99373865
0.35198507
0.9942357
0.9932011
0.9862235
0.9943163
0.9945503
0.9958549
0.016207797
0.9946825
0.9994785
0.9909533
0.9978035
0.9067522
0.948702
0.9846549
0.09379708
0.9989009
0.3350688
0.98872197
0.8521229
0.9804254
0.9981008
0.99447614
0.4766288
0.99273854
0.9982778
0.97900087
0.99923325
0.007035514
0.95342124
0.05831022
0.86718255
0.9957944
0.9998617
0.99971086
0.995856
0.9961182
0.9981901
0.03353293
0.9998902
0.99455136
0.99486804
0.9991622
0.06002521
0.9989472
0.077197075
0.9975822
0.98476404
0.95766956
0.12587963
0.92609704
0.08118903
0.9976071
0.9913598
0.9847168
0.99811816
0.9991966
0.9915571
0.9611598
0.98652816
0.9901862
0.9908093
0.020973848
0.92079246
0.9978058
0.45544082
0.99390054
0.99220735
0.9966724
0.8174206
0.9837127
0.9994916
0.01184723
0.9988939
0.9910535
0.89711666
0.8439898
0.90413284
0.9945321
0.99448556
0.58831
0.77445394
0.8682601
0.9981988
0.98489887
0.61763906
0.98367196
0.9233541
0.99759454
0.9992618
0.99564147
0.9997849
0.9963648
0.9357045
0.99201995
0.99698955
0.9997551
0.99854136
0.99580425
0.99013865
0.9958099
0.9590977
0.03647346
0.99880147
0.9918807
0.9015396
0.9750744
0.98507094
0.8829498
0.9986493
0.9872679
0.9675666
0.9972536
0.9972256
0.9976913
0.8096425
0.90184104
0.97900987
0.9169473
0.10993607
0.9887327
0.9825339
0.9995653
0.057832055
0.99793506
0.9958692
0.9956143
0.99427104
0.99701655
0.99245924
0.9967804
0.99646074
0.25688356
0.9949627
0.02497189
0.9974402
0.97500616
0.9997907
0.9950812
0.037507612
0.7959224
0.5555924
0.992407
0.99656737
0.9145449
0.9943455
0.050076544
0.9619233
0.9963651
0.9002723
0.910186
0.9978771
0.99782807
0.8856045
0.6558605
0.99784017
0.91140133
0.86247766
0.99076474
0.21334153
0.8100225
0.98887235
0.9948113
0.45706734
0.99662685
0.9917087
0.0069826297
0.88937783
0.999097
0.09593753
0.26607138
0.9882218
0.99161327
0.8355764
0.076262504
0.02012474
0.99392325
0.9957936
0.9575583
0.9987099
0.06709294
0.9312404
0.9999014
0.9954758
0.03954231
0.9960375
0.9840194
0.9641584
0.99152267
0.041710805
0.9981244
0.2938607
0.99772567
0.4265574
0.89675266
0.99915946
0.29869255
0.36489385
0.7133114
0.018318217
0.9876794
0.9999114
0.98671246
0.83851004
0.95951027
0.99435693
0.9990565
0.988463
0.9985267
0.47679585
0.9897954
0.9948833
0.9983706
0.98309237
0.85044736
0.9955568
0.9027486
0.9996835
0.55157673
0.99840945
0.9987676
0.98269355
0.9985361
0.9892419
0.015195754
0.030205434
0.022410722
0.84493864
0.9976286
0.21884502
0.98168415
0.9785049
0.9890688
0.98955685
0.13954885
0.9689811
0.9992188
0.9765406
0.99918395
0.06927367
0.98620427
0.9951841
0.9995709
0.9831254
0.998621
0.98919135
0.048846368
0.9976223
0.99704844
0.99865496
0.88771653
0.91373646
0.99692243
0.9950557
0.99972826
0.99477166
0.99968994
0.95718485
0.98914576
0.026362523
0.95346373
0.98584783
0.017691089
0.99159336
0.98649734
0.06406301
0.99836403
0.9993036
0.9989336
0.9991646
0.9990632
0.9959552
0.9838792
0.9990784
0.9098492
0.61969125
0.04476709
0.99743634
0.996932
0.9970547
0.0074127577
0.94048935
0.97823745
0.9921639
0.04750381
0.98599863
0.9975266
0.99349713
0.53545517
0.9994899
0.21133292
0.013357969
0.98612404
0.30929455
0.981441
0.99611557
0.03790418
0.99942905
0.99023426
0.018088318
0.013315195
0.99134773
0.088147454
0.012888361
0.98395157
0.9663835
0.99449027
0.040537354
0.87812954
0.9987968
0.9912248
0.022670329
0.9947708
0.9962243
0.9831594
0.98721504
0.994819
0.015426587
0.063459605
0.03401146
0.9996909
0.99446315
0.99978334
0.0746057
0.99706954
0.8632838
0.9563147
0.99216557
0.8088778
0.99756277
0.99160343
0.9906714
0.91689044
0.9953903
0.9606027
0.5398235
0.9563028
0.8531064
0.98977697
0.9949852
0.9956987
0.012137532
0.99165374
0.92494273
0.36594394
0.8669993
0.9978667
0.99037397
0.70057476
0.98849493
0.62772495
0.9852834
0.98966926
0.9860909
0.9806768
0.99793506
0.82957137
0.80949193
0.96954757
0.3082305
0.02625733
0.94264436
0.9963601
0.98474336
0.98014086
0.01642364
0.020366574
0.998257
0.03912968
0.9986078
0.99426633
0.9910124
0.9980343
0.99343383
0.8208321
0.9953994
0.9954952
0.027424015
0.9923826
0.99480456
0.019123267
0.995774
0.99963915
0.9650666
0.0140725095
0.99443
0.99399096
0.99294597
0.016758282
0.99924517
0.9989656
0.99160916
0.9982242
0.9077413
0.9323856
0.9904999
0.99284816
0.9833783
0.9978514
0.99871945
0.9968172
0.9969464
0.9204057
0.7988396
0.99596906
0.8331764
0.99800247
0.99923146
0.40308332
0.25139672
0.30935583
0.9983376
0.9859548
0.9920998
0.06314109
0.93612015
0.5613443
0.9978174
0.012223069
0.9973742
0.99477863
0.040531363
0.9979407
0.9962704
0.5287778
0.9458351
0.065239035
0.98684096
0.99713194
0.9990578
0.9986356
0.98626083
0.99848014
0.99250764
0.99830234
0.96103686
0.17357463
0.97866553
0.010109724
0.062731475
0.99839467
0.99209654
0.0055546137
0.9841802
0.9784097
0.9908647
0.0067105093
0.9148907
0.9983088
0.97469234
0.9995322
0.79195136
0.082640335
0.965739
0.9759157
0.027224412
0.049986504
0.9943404
0.9916794
0.9932325
0.99184155
0.9923079
0.37777123
0.9969656
0.9892407
0.9995414
0.9435403
0.99496377
0.99988604
0.9662842
0.058856573
0.7314692
0.9982134
0.99818283
0.9896333
0.88341475
0.011547368
0.57159
0.98709744
0.8615335
0.9960834
0.9941426
0.9901273
0.996503
0.996051
0.032151222
0.7960712
0.9932608
0.71286553
0.030785328
0.024264975
0.017792378
0.99686015
0.99445504
0.9984763
0.9580283
0.66380024
0.9811172
0.8453402
0.9970138
0.9963547
0.99373674
0.99871826
0.999635
0.99727863
0.9847579
0.99602807
0.99762744
0.8033756
0.9973151
0.9960316
0.99756026
0.99636334
0.9940299
0.8977274
0.99943286
0.9998253
0.04102775
0.9927308
0.9987048
0.99924517
0.92279196
0.9953752
0.05400287
0.777981
0.9983706
0.08576759
0.97995937
0.99913436
0.08527617
0.020784745
0.12355865
0.56405485
0.03332597
0.99614406
0.9648294
0.9936255
0.8236815
0.96639466
0.0255095
0.9857846
0.974477
0.9984829
0.26584888
0.99566585
0.9421859
0.0040186266
0.9912059
0.9476399
0.013976855
0.48584524
0.9985202
0.976409
0.05978839
0.9924602
0.96725434
0.993536
0.9987458
0.9876829
0.85020345
0.04335038
0.47077432
0.15739551
0.99235547
0.06185057
0.99101734
0.99627835
0.9932086
0.92153794
0.9835392
0.99711573
0.99609584
0.9925404
0.9585633
0.9943077
0.9950198
0.9976799
0.9965569
0.99366355
0.99799466
0.9362691
0.9342119
0.84082216
0.99909306
0.9979673
0.9992343
0.9977654
0.99901223
0.99957186
0.9915802
0.99650973
0.024648106
0.99881005
0.996403
0.052452024
0.9599539
0.9988111
0.99236476
0.955919
0.9970341
0.9992975
0.06289463
0.9992613
0.105484344
0.054531455
0.99679166
0.9944425
0.99449617
0.9261401
0.106709085
0.66915876
0.995561
0.9986197
0.9848429
0.99527043
0.9926676
0.99362046
0.99789053
0.9888715
0.9903672
0.9834884
0.9977016
0.9952924
0.9932376
0.9970702
0.9974679
0.9899418
0.9978872
0.997036
0.024055686
0.9936726
0.89530486
0.99871385
0.6757381
0.9696978
0.99778134
0.97993535
0.9897187
0.0026748967
0.9378969
0.9841765
0.9957625
0.10875785
0.998971
0.8432144
0.99667525
0.99842834
0.98983103
0.9977585
0.93308794
0.9704691
0.99679726
0.70848244
0.32156414
0.8583708
0.99205106
0.9937018
0.11358758
0.9867606
0.99342793
0.35726336
0.9965192
0.99919516
0.09238564
0.99967
0.99647945
0.9809554
0.99685645
0.11676751
0.99243426
0.9984281
0.80920386
0.95032823
0.99690264
0.9994122
0.9990563
0.9909741
0.16986845
0.96810573
0.9982498
0.93955666
0.069677345
0.98866963
0.996971
0.009184056
0.9990398
0.99776196
0.9979387
0.99873203
0.99854183
0.9959615
0.9970739
0.99835986
0.9969676
0.99653083
0.576893
0.039646953
0.99581844
0.9999217
0.1583751
0.9975199
0.79859084
0.13094889
0.9965167
0.0078098224
0.94428176
0.36598656
0.98185396
0.99201
0.97847843
0.597393
0.9727975
0.8657974
0.9964557
0.8818985
0.99712366
0.9721934
0.96436846
0.991488
0.94613844
0.967123
0.012004975
0.9773666
0.8728378
0.9637743
0.9977076
0.99727625
0.9924604
0.9495307
0.99765176
0.47160468
0.98303115
0.9882321
0.9277599
0.944769
0.9830766
0.9995641
0.9882882
0.98040205
0.9975783
0.98551786
0.99761873
0.9260283
0.9902074
0.9969901
0.92829114
0.9976165
0.9973314
0.993407
0.997433
0.08487945
0.9989453
0.9947095
0.012520255
0.99835396
0.9992162
0.99917126
0.99629056
0.995395
0.99461514
0.9977755
0.99670666
0.702927
0.9975689
0.003673057
0.9567465
0.12876925
0.9845657
0.9975889
0.017014107
0.11976732
0.9995185
0.95802677
0.13356319
0.99527377
0.99954116
0.09593486
0.998123
0.97698694
0.9924279
0.99906534
0.10675214
0.024098093
0.9998754
0.087557726
0.036753602
0.024721004
0.98897004
0.9980165
0.99565166
0.86981446
0.7618006
0.9677521
0.9200199
0.018987786
0.9966307
0.9679262
0.99503666
0.021223726
0.022731021
0.9888214
0.9437586
0.007884088
0.98251855
0.9902428
0.9864814
0.99904495
0.9903807
0.9974522
0.9970291
0.977238
0.08711774
0.9935453
0.98175174
0.997776
0.9983646
0.99409926
0.8922024
0.97999316
0.76234233
0.99880254
0.41615477
0.99603397
0.9305399
0.011205138
0.9987864
0.0161373
0.009212821
0.9920144
0.99686205
0.99856734
0.9689714
0.020094413
0.99248874
0.9988066
0.9888204
0.0079425955
0.8727998
0.9949694
0.06603818
0.9981962
0.9720026
0.99826956
0.85993874
0.99292254
0.023160433
0.4628116
0.9982406
0.98015344
0.9973859
0.99917907
0.212244
0.96258646
0.98484415
0.035975665
0.0049334844
0.037340898
0.99209905
0.92831725
0.971133
0.99671423
0.798267
0.3193078
0.065713525
0.99852175
0.8460866
0.9806162
0.9948833
0.9972519
0.9941182
0.99653566
0.9439194
0.9980149
0.9984818
0.9924671
0.9957172
0.03590718
0.98462903
0.9486935
0.08646437
0.9329958
0.99724895
0.08273728
0.99837685
0.99828726
0.98141253
0.0042401995
0.99856263
0.9587524
0.9584242
0.9997104
0.99487853
0.086628444
0.968991
0.9990177
0.9920196
0.87716043
0.03410569
0.97018874
0.43310568
0.19779299
0.96506375
0.99677104
0.751117
0.9900136
0.72949207
0.008509698
0.9978981
0.9965186
0.99012977
0.99321
0.99663585
0.98247564
0.9986786
0.90312314
0.99835
0.9983972
0.99804074
0.996497
0.9949537
0.0958198
0.85664994
0.613593
0.9763501
0.5932049
0.9964143
0.9855605
0.9978828
0.9980573
0.9841276
0.016508989
0.9869214
0.99646807
0.9048187
0.9081988
0.9794654
0.03580557
0.9637889
0.9394144
0.9922472
0.9744465
0.9937028
0.027924193
0.99977404
0.9986426
0.8070019
0.9964191
0.8909238
0.9983359
0.20242241
0.77928644
0.99892706
0.99910945
0.81044805
0.89858294
0.99218667
0.9995402
0.14068502
0.9839575
0.0040458096
0.99917704
0.9989556
0.99720484
0.9786872
0.99698395
0.044396028
0.99132806
0.9997042
0.9996911
0.99626464
0.64579904
0.0106370235
0.03509491
0.9981306
0.9896437
0.9997093
0.9921679
0.99826497
0.9928403
0.97895014
0.8850184
0.87732553
0.99505687
0.9997693
0.9876202
0.9831976
0.99310124
0.9975158
0.8425702
0.9990671
0.99825054
0.99176896
0.96993464
0.878378
0.9968533
0.48487684
0.9941806
0.9876923
0.9911912
0.9983005
0.99264854
0.99389327
0.98637915
0.9961195
0.96076983
0.9304679
0.9950413
0.94802725
0.6606989
0.99103993
0.11728906
0.98749614
0.23560959
0.9591696
0.028462978
0.9961075
0.94389254
0.010319977
0.9975446
0.99784076
0.9807859
0.9409971
0.99316216
0.85244817
0.038403235
0.9906217
0.98585296
0.48921663
0.9990289
0.9898028
0.99451196
0.98353994
0.9955018
0.9982687
0.018370524
0.97340673
0.9962663
0.9293041
0.5390787
0.99158794
0.99830663
0.9794592
0.11345116
0.99701715
0.9925001
0.97632277
0.99307865
0.06500769
0.23102367
0.042095255
0.99585754
0.99922514
0.99799913
0.99417275
0.8768345
0.9987412
0.9996284
0.9975508
0.98425364
0.99847263
0.039560534
0.98522276
0.9633989
0.9964439
0.99851984
0.9905912
0.9992654
0.98588634
0.9949403
0.89684063
0.9808076
0.9978917
0.99471986
0.9963897
0.80096155
0.99708456
0.99427116
0.99637955
0.99670595
0.9993268
0.99703777
0.07188131
0.9869105
0.98348224
0.9231074
0.20020403
0.98349816
0.994622
0.9996481
0.90525943
0.994948
0.9974745
0.9899038
0.13565497
0.01984604
0.9911067
0.97709864
0.99489635
0.9927046
0.9949226
0.9998246
0.99783933
0.9931219
0.9955817
0.37705338
0.030167762
0.8323308
0.9832775
0.99806577
0.9824462
0.9890772
0.7902183
0.95637846
0.99156636
0.61901486
0.99666864
0.9984865
0.99363095
0.35156912
0.99930835
0.99396473
0.99792826
0.9979469
0.9939959
0.99760157
0.9961092
0.35983202
0.0618194
0.9983706
0.93010855
0.99896705
0.89518285
0.99656576
0.99856865
0.99881184
0.9531074
0.016900472
0.99514353
0.9980096
0.0024320926
0.9984542
0.99541414
0.99582916
0.015911244
0.98558027
0.9930086
0.99656004
0.8557998
0.9887299
0.99982566
0.99258775
0.08967479
0.9968996
0.99042296
0.99480814
0.9821086
0.6356657
0.99333984
0.9916502
0.9992778
0.9942168
0.9946597
0.97476846
0.9965982
0.9817399
0.9927919
0.9871084
0.99969697
0.97239393
0.99510205
0.99848866
0.32436252
0.017014721
0.9964432
0.99290025
0.012471422
0.9548365
0.9999244
0.92854345
0.93554384
0.9812819
0.99770653
0.9944989
0.01051459
0.99744993
0.01508352
0.63671154
0.99642795
0.9953681
0.99738246
0.9647136
0.989829
0.9998379
0.13372594
0.9989281
0.9906088
0.9672418
0.702667
0.96734923
0.6604369
0.07650733
0.9859286
0.99866617
0.9776045
0.02206281
0.9939903
0.9896596
0.9736674
0.9983815
0.9978371
0.99925226
0.9660976
0.9986424
0.08013431
0.53024036
0.01977992
0.99313027
0.9965365
0.99378574
0.6034039
0.977816
0.9969285
0.9971119
0.99675214
0.006124859
0.9986571
0.9985936
0.037761346
0.9975026
0.9903437
0.4097386
0.9987382
0.99892884
0.99625176
0.99227977
0.9993393
0.0068727643
0.008149555
0.98725444
0.9810193
0.9945657
0.99555933
0.9440571
0.9939507
0.0043722037
0.44476342
0.9825232
0.99795413
0.8029028
0.9929992
0.20284018
0.98146766
0.024047134
0.98430127
0.96152186
0.9988727
0.9164229
0.3408152
0.7312714
0.9881761
0.9787769
0.9978114
0.9034956
0.8810001
0.99891007
0.936138
0.9489485
0.08166862
0.99326295
0.9999242
0.98189205
0.98669565
0.99679923
0.94560206
0.9975134
0.98725533
0.010450914
0.9973464
0.94772136
0.9627203
0.99733526
0.99888986
0.99641174
0.9912924
0.99747187
0.98198295
0.9679483
0.9960258
0.033812065
0.10777318
0.99392843
0.96519053
0.99614894
0.8005207
0.99712974
0.99677724
0.9936248
0.99127746
0.9953242
0.99799097
0.9953637
0.9324865
0.9840222
0.94419193
0.9976165
0.9980963
0.039121278
0.37987563
0.99559325
0.8855188
0.9973961
0.5910631
0.9889237
0.23230165
0.99901736
0.9907279
0.97931814
0.3537496
0.999508
0.36185044
0.7343978
0.99668956
0.99595875
0.9947403
0.693938
0.009431156
0.99653745
0.014015107
0.9972965
0.6745642
0.9648125
0.9539408
0.9998386
0.47888482
0.9880745
0.99555165
0.45671377
0.11410725
0.9859409
0.9653676
0.004248678
0.99840516
0.9991099
0.9964051
0.9993917
0.86224
0.99745005
0.9931671
0.9205915
0.9974631
0.9989446
0.061002295
0.9046025
0.9919063
0.7724681
0.9721963
0.99039793
0.9970584
0.99860626
0.3223723
0.9945807
0.9990784
0.9974584
0.9996437
0.9689886
0.99755543
0.6335501
0.9349082
0.7365461
0.99153286
0.995992
0.07624427
0.99297076
0.9976948
0.9789934
0.93268996
0.98756206
0.3743171
0.9935011
0.9698842
0.99908555
0.9459537
0.99921095
0.12121585
0.996415
0.9905137
0.02660536
0.993418
0.9981341
0.060442947
0.9969273
0.0066766813
0.89536536
0.991071
0.9941361
0.6538315
0.9896163
0.99090636
0.93639743
0.20439082
0.99100316
0.99418336
0.9999285
0.9699342
0.998548
0.9855085
0.9936976
0.9921151
0.98545283
0.03392248
0.98982567
0.36012003
0.06604573
0.9330644
0.0138937
0.9945339
0.039148435
0.9607631
0.037615713
0.9904997
0.88435733
0.990036
0.86747634
0.999587
0.9974963
0.99569184
0.9856763
0.95173883
0.9983127
0.9969939
0.97029066
0.99944645
0.99450374
0.002471124
0.9968755
0.9953387
0.2646312
0.9562017
0.9841982
0.98827785
0.99365366
0.9127807
0.81844467
0.9974456
0.99226344
0.9986255
0.95917356
0.9987112
0.9993624
0.99692625
0.9960603
0.025889657
0.31045428
0.9989309
0.99820995
0.9962327
0.8367726
0.9945387
0.54629827
0.3782384
0.13083677
0.9976743
0.27371746
0.98716354
0.99815744
0.99511933
0.62568843
0.91433775
0.2535926
0.03002399
0.9697586
0.99650747
0.0672327
0.78683585
0.9986909
0.019168077
0.009498033
0.9897013
0.99441284
0.98575705
0.99216497
0.99131787
0.9501199
0.9943614
0.9001921
0.9999299
0.99876994
0.9849643
0.9954448
0.99796057
0.21458815
0.996276
0.9983292
0.79953945
0.99502844
0.007987783
0.994409
0.99568295
0.4385947
0.8696765
0.99182254
0.75645393
0.2040658
0.99914575
0.9996711
0.99104816
0.99701285
0.07713682
0.9943435
0.99359596
0.9687455
0.9990408
0.973332
0.9808231
0.9970632
0.9938643
0.97770727
0.99418044
0.9971277
0.98025584
0.9370396
0.9852019
0.008198175
0.9983833
0.98172057
0.082270734
0.9980433
0.9834764
0.96268785
0.9976301
0.9927597
0.95884454
0.99679464
0.9863404
0.99371403
0.99951816
0.98903006
0.47775558
0.99222916
0.95819366
0.9879671
0.05109944
0.9985669
0.9981013
0.53785235
0.9864892
0.9972324
0.9978531
0.99417007
0.9995059
0.7695124
0.99386
0.9964355
0.9667587
0.9905371
0.8394643
0.99876803
0.2053038
0.7622291
0.99806434
0.9910296
0.19372682
0.99513525
0.999201
0.9955225
0.98131496
0.97872955
0.9986493
0.014805112
0.5694899
0.8992435
0.9997011
0.9300707
0.09290537
0.99896324
0.27629414
0.98377913
0.6622295
0.9978048
0.13433644
0.099321544
0.998192
0.9982168
0.9943118
0.9902794
0.9946167
0.9976545
0.9645228
0.9980888
0.9987943
0.9907018
0.99950063
0.9946813
0.9924015
0.08936547
0.99555343
0.99420726
0.08385393
0.9935953
0.99458414
0.028488187
0.6778943
0.036455087
0.020405002
0.9779658
0.9860881
0.99557173
0.09274512
0.9755339
0.89971894
0.9981673
0.9864136
0.96226704
0.99826056
0.99713147
0.99365956
0.7943451
0.9982027
0.9906657
0.98618627
0.56836796
0.9950991
0.9964574
0.9979686
0.041720994
0.99745756
0.0059499633
0.82958496
0.9961628
0.78746325
0.9944007
0.80240077
0.9813364
0.06352439
0.9687769
0.98804444
0.99974376
0.9954697
0.99665475
0.39509672
0.9754465
0.7925205
0.34161478
0.93986297
0.97774965
0.9980964
0.99470335
0.99936765
0.02536821
0.9789752
0.009347457
0.84180456
0.99574846
0.9993975
0.991165
0.9778024
0.9750185
0.98811185
0.3405216
0.031036317
0.047515135
0.9984028
0.99794966
0.9913539
0.99338186
0.9925424
0.9896456
0.6860271
0.85682255
0.99474597
0.9910176
0.998013
0.00665326
0.9985291
0.99664223
0.86636466
0.9591456
0.9993063
0.27877674
0.9932782
0.9866816
0.578275
0.9783386
0.98447716
0.99911827
0.8915488
0.028288111
0.9969664
0.9833363
0.2570695
0.99605113
0.9198592
0.5042359
0.98902774
0.9936811
0.017556336
0.99460274
0.99878615
0.98269075
0.13324332
0.98517877
0.99782616
0.99895525
0.5488317
0.9631897
0.9977539
0.87586594
0.8998754
0.9998192
0.998481
0.035762407
0.42096162
0.9989624
0.99963343
0.022112949
0.08366285
0.7847958
0.025431428
0.9997533
0.9969502
0.9994456
0.99321496
0.9972971
0.9987218
0.9979195
0.10192291
0.9867858
0.9959341
0.99937785
0.35396925
0.99496955
0.99792814
0.99916315
0.008604696
0.010719142
0.99991596
0.998993
0.9935841
0.98999596
0.99918586
0.5960406
0.9962495
0.6979403
0.99959177
0.9988117
0.73578435
0.99306726
0.87442297
0.9986299
0.9949779
0.99479043
0.994062
0.033654507
0.9371313
0.2614783
0.99253666
0.9914091
0.13047491
0.91091794
0.9947543
0.99445784
0.99222636
0.047840916
0.9802156
0.99870193
0.9889774
0.6112038
0.99049616
0.054336555
0.99413645
0.9976318
0.9969406
0.999579
0.61163527
0.95029116
0.10824903
0.9763435
0.9923954
0.995452
0.81103444
0.837587
0.4144489
0.9956142
0.9774638
0.99639136
0.99963844
0.99755496
0.48595756
0.75939125
0.9002038
0.9940447
0.017764674
0.99541074
0.9984603
0.99161184
0.9971482
0.97854745
0.95581794
0.94459826
0.7490178
0.997391
0.8470194
0.40887585
0.962405
0.9625646
0.9906915
0.9810066
0.9992347
0.9947436
0.008940105
0.99336606
0.027807904
0.9793256
0.85277355
0.9835746
0.9959447
0.12810384
0.9985617
0.9935679
0.9877368
0.969837
0.99660033
0.9932447
0.99729294
0.007254267
0.9076469
0.8938481
0.99814355
0.9920412
0.9990947
0.033017866
0.9952199
0.33023283
0.047441944
0.98922694
0.8568199
0.9944959
0.99790716
0.98929137
0.98113316
0.9989465
0.99705756
0.9953433
0.975216
0.2896384
0.9824441
0.99681264
0.7111343
0.9623492
0.8500841
0.99975973
0.9961224
0.29656556
0.997752
0.0194961
0.92060983
0.99608624
0.3318757
0.9969495
0.09016033
0.99689436
0.9957345
0.9956239
0.99991465
0.9945661
0.9998654
0.997897
0.9906281
0.9997644
0.99798125
0.9941585
0.057902075
0.9896292
0.014835057
0.97046083
0.12985902
0.9802097
0.9977609
0.0898858
0.97579485
0.682217
0.9985002
0.99748033
0.9943039
0.832779
0.9926402
0.7758209
0.98172987
0.99336606
0.9998493
0.9711756
0.9930956
0.99321574
0.99306655
0.9982692
0.99968505
0.9988734
0.99548507
0.042183857
0.8255277
0.99221087
0.99559385
0.9955348
0.9988939
0.94249964
0.98961186
0.99973696
0.9495519
0.066390865
0.011571913
0.21629412
0.7050859
0.9312025
0.9720072
0.995272
0.98649824
0.98820055
0.9964863
0.80768186
0.9400784
0.9943644
0.9981493
0.9919408
0.9993117
0.99733824
0.99068284
0.99529064
0.9973526
0.8774847
0.99617225
0.98742837
0.6688793
0.13451524
0.99986243
0.97932684
0.99635386
0.9977991
0.96157974
0.05961654
0.99097556
0.99318624
0.952245
0.9980415
0.9945235
0.98990273
0.9835947
0.9895494
0.99632204
0.095487796
0.8490961
0.9988487
0.9849194
0.991219
0.9963408
0.9971667
0.9860698
0.94125664
0.93578625
0.9907878
0.9921903
0.99701345
0.0674358
0.0063921413
0.9922426
0.98437023
0.9887428
0.99712247
0.995698
0.99655485
0.9772276
0.9995797
0.9965115
0.99971026
0.98136383
0.99882966
0.034083795
0.99470794
0.96515566
0.034894284
0.0055960515
0.9967746
0.56904143
0.9052602
0.22049099
0.1222015
0.9785857
0.99727553
0.111544825
0.99876887
0.073638625
0.99170625
0.97296685
0.996906
0.99686605
0.22557832
0.27272004
0.9949138
0.9550041
0.95787036
0.81913674
0.98894215
0.9889159
0.94521964
0.9992079
0.99849045
0.99762124
0.97626
0.9988644
0.9957842
0.7426599
0.022916855
0.65010613
0.9973666
0.99783057
0.99821585
0.9915992
0.9658165
0.9956435
0.9933235
0.99181414
0.99261135
0.1650841
0.99973804
0.99789536
0.99974996
0.9988802
0.9859654
0.60188425
0.99872535
0.8739203
0.9943389
0.9831028
0.01736772
0.9765633
0.054327272
0.015574352
0.98992306
0.99417865
0.9859607
0.9535676
0.0055692857
0.999041
0.22786725
0.8615228
0.9960913
0.99789524
0.010832424
0.99534935
0.9877061
0.013727742
0.25681528
0.997566
0.9984561
0.9512327
0.9994941
0.9961825
0.99493057
0.84656453
0.9974241
0.35119468
0.9601698
0.9994399
0.9613309
0.99575245
0.9944956
0.9983835
0.9975668
0.9996474
0.08754649
0.99428445
0.99540114
0.999938
0.7675221
0.9961966
0.9966018
0.9619176
0.9984022
0.9973469
0.6345272
0.99620783
0.57423884
0.99777764
0.9694074
0.9917149
0.040179405
0.99592775
0.99961096
0.93748415
0.9995235
0.9923344
0.9932453
0.8011843
0.99782735
0.9769225
0.011438298
0.9986966
0.011140751
0.9113316
0.99708587
0.9981388
0.9457059
0.9957163
0.9819208
0.96520966
0.9724798
0.016020313
0.9981834
0.9905874
0.9878299
0.9739804
0.9981651
0.85164106
0.9787719
0.009660203
0.99972373
0.9983841
0.5282392
0.99566936
0.99789965
0.9964318
0.05656722
0.99549943
0.61114544
0.028971264
0.9973807
0.99470335
0.97217417
0.9951997
0.58579254
0.99359083
0.1891199
0.9930888
0.99837613
0.9494657
0.023004817
0.91026855
0.99989045
0.9997445
0.9967415
0.99443865
0.99721575
0.9998043
0.9985545
0.93138224
0.9952673
0.6866528
0.94955283
0.9958872
0.9768838
0.9964561
0.97511476
0.99679023
0.9982004
0.9984811
0.98723084
0.99369884
0.9927447
0.119317606
0.063703984
0.99880207
0.5284471
0.9875029
0.9988399
0.9949597
0.9977582
0.39229292
0.99958295
0.044008225
0.9953608
0.9996934
0.99629396
0.97585785
0.9976355
0.9954977
0.9862235
0.9727966
0.965592
0.9447336
0.8829363
0.036146943
0.11055299
0.99836963
0.9980348
0.99642557
0.8380864
0.9953768
0.99808204
0.031309515
0.999723
0.036082376
0.99803287
0.9972777
0.016518615
0.9963904
0.022526607
0.9821957
0.99930024
0.99755645
0.9983193
0.9867013
0.9997218
0.99519944
0.021146145
0.4249324
0.01091448
0.99797505
0.99946624
0.9945909
0.9821999
0.5413607
0.9972842
0.941425
0.99991083
0.99543387
0.96502763
0.9779914
0.99860245
0.9183995
0.9418545
0.98868656
0.9204791
0.9977397
0.96832263
0.99512863
0.9801967
0.7398285
0.8241769
0.9812232
0.8664787
0.9019009
0.92821
0.9998272
0.9934394
0.9974256
0.986967
0.9984207
0.015716553
0.9937105
0.91680276
0.99127793
0.9985031
0.99413836
0.9860687
0.9915394
0.9735007
0.9931149
0.086561896
0.0804923
0.82924366
0.9909384
0.9809425
0.0056206947
0.9979259
0.81796604
0.8812081
0.020350493
0.997047
0.03325186
0.38666517
0.9914111
0.9995976
0.97321194
0.91245675
0.9580526
0.9999049
0.08651591
0.99721897
0.9990532
0.015752502
0.99798524
0.073234014
0.97985923
0.9976217
0.47715738
0.29150552
0.013316524
0.04134027
0.9914106
0.9998914
0.34338263
0.0094449455
0.9966545
0.9981634
0.99919087
0.9986683
0.9765751
0.9974764
0.58517665
0.999833
0.9981736
0.9997054
0.99956995
0.9775588
0.98227435
0.038091153
0.97248274
0.9928774
0.8886369
0.9985555
0.9581874
0.036778893
0.9957703
0.020927316
0.9753542
0.11260938
0.9998838
0.9801794
0.38245824
0.9965121
0.9987091
0.024679307
0.9887834
0.9943427
0.84413224
0.9767719
0.049872186
0.011045564
0.4192904
0.49627125
0.9995478
0.9954717
0.89386743
0.055213027
0.99651045
0.9869486
0.7232906
0.9363174
0.9981969
0.99971884
0.99144846
0.991602
0.9863643
0.004802395
0.99771273
0.100466445
0.9986858
0.6560296
0.99802244
0.99694234
0.99302906
0.99612623
0.93741685
0.028824238
0.97996145
0.9909298
0.004785163
0.9716806
0.015718596
0.99161035
0.9977964
0.9995459
0.6535439
0.0669228
0.99357456
0.52670324
0.9855298
0.043810166
0.99487126
0.99127334
0.97921145
0.9947555
0.99583995
0.9906391
0.19613513
0.99216557
0.991172
0.9935452
0.006973863
0.99228597
0.9456041
0.9910874
0.99827933
0.9769223
0.018154304
0.9990735
0.92896533
0.9921016
0.9964263
0.99535084
0.9988674
0.010888653
0.9971512
0.99493897
0.3311366
0.45536727
0.012978654
0.012145802
0.058500223
0.9693039
0.9851835
0.99827087
0.9814439
0.5289513
0.7024366
0.9998983
0.96119475
0.98020947
0.9984213
0.011637057
0.09838289
0.99978274
0.98912126
0.23648094
0.013674066
0.9846719
0.9622225
0.9984092
0.035233278
0.9948338
0.9991535
0.5368145
0.9937987
0.9981559
0.9995321
0.81019956
0.99771947
0.99674594
0.9837948
0.9965724
0.9640684
0.9948879
0.9981236
0.9782907
0.9937925
0.944608
0.9959519
0.9985556
0.9967187
0.9968117
0.99435943
0.9977475
0.8554327
0.9936373
0.99806863
0.9941754
0.99686384
0.842076
0.998444
0.99743724
0.9147853
0.99602145
0.99751663
0.99956995
0.99411064
0.01398419
0.99698347
0.9771075
0.0066995653
0.9916795
0.9745952
0.9952186
0.9939592
0.9958954
0.9916278
0.66234887
0.05402961
0.99749726
0.97376513
0.0862786
0.98371327
0.9921336
0.97537553
0.8458138
0.9966467
0.029589307
0.993899
0.117015176
0.9975293
0.99116766
0.9905137
0.019861838
0.0026665928
0.4576749
0.9984522
0.9978169
0.99105704
0.08275468
0.99647456
0.25847915
0.96302295
0.99923015
0.9927483
0.09688565
0.9078024
0.99354905
0.97078663
0.023805292
0.99697125
0.9994216
0.99283385
0.99920064
0.5964105
0.9845137
0.70765686
0.99658775
0.99737465
0.99968565
0.99984884
0.9979329
0.9987832
0.9941612
0.9955379
0.96754706
0.9949244
0.950273
0.97486395
0.9892647
0.99693954
0.9758807
0.99907047
0.99799913
0.93154246
0.99382764
0.99143046
0.087824345
0.99740845
0.98045623
0.9983809
0.99678266
0.99509466
0.9923118
0.9953106
0.9941274
0.99968874
0.9269257
0.042059027
0.99784267
0.9354713
0.99970394
0.3138616
0.9958781
0.95584637
0.023783462
0.9960634
0.99987125
0.9417318
0.9994967
0.9999428
0.991476
0.884635
0.9962936
0.9365125
0.9966534
0.9015571
0.99932575
0.16657877
0.99846494
0.9953726
0.03402085
0.99853706
0.97656417
0.9950271
0.9612095
0.980627
0.99377984
0.021131085
0.99960476
0.9923786
0.9988945
0.98031104
0.9976707
0.9984163
0.11965657
0.99747664
0.5562071
0.9736148
0.03592867
0.99989676
0.9950472
0.7789138
0.9908381
0.08295948
0.009012649
0.9847377
0.97042155
0.25585902
0.99825543
0.28142232
0.0069086524
0.99656796
0.996097
0.99860615
0.94460976
0.9977731
0.99683553
0.9617032
0.96858627
0.92513543
0.9692582
0.15117994
0.91963553
0.98197764
0.998164
0.9975866
0.5578728
0.42065522
0.0045278147
0.999137
0.91767603
0.98162097
0.9889466
0.29513344
0.99488515
0.99334705
0.9952592
0.03638739
0.29492837
0.0223067
0.99898297
0.9983541
0.9722034
0.999634
0.99664176
0.99877554
0.9954015
0.99638236
0.0656408
0.99209094
0.9980915
0.99849725
0.98507756
0.99874026
0.9933429
0.94080186
0.9582592
0.9620273
0.9967822
0.99840003
0.89841413
0.02220638
0.9950984
0.9962452
0.9919607
0.99979275
0.9613524
0.9921442
0.9987602
0.076474406
0.9484856
0.9841601
0.9985801
0.93543816
0.9935486
0.31062675
0.156061
0.99314636
0.99884653
0.99077153
0.008572649
0.9973115
0.9958651
0.99804485
0.9993765
0.9999248
0.9938601
0.83910966
0.9869516
0.98823357
0.9992906
0.99816614
0.9922017
0.96568775
0.99466985
0.12711516
0.9944944
0.9994505
0.9972721
0.080553256
0.050649185
0.06744753
0.004951967
0.99939644
0.011831594
0.966968
0.23624547
0.9639301
0.15645458
0.9977817
0.99308044
0.98980075
0.99293
0.006652989
0.9974886
0.97597563
0.011387983
0.9961039
0.9972197
0.9965252
0.99722254
0.9221898
0.010598417
0.99049217
0.9984699
0.8537654
0.99161774
0.018749483
0.99460137
0.97674835
0.9886049
0.01410814
0.97991896
0.99106216
0.9989052
0.99949586
0.93388355
0.9984592
0.9998646
0.9996101
0.998437
0.9906404
0.99633276
0.9997738
0.9965072
0.9989906
0.14783964
0.96731615
0.99710244
0.9926252
0.9719325
0.99778396
0.9913453
0.99628216
0.13327879
0.993345
0.98282856
0.17002453
0.60681665
0.9965405
0.9971547
0.12269244
0.9952844
0.778774
0.9329357
0.9954158
0.048659086
0.998596
0.9979886
0.98500454
0.99858534
0.6981331
0.99611413
0.9434263
0.74860936
0.036624283
0.07205822
0.9908183
0.9929848
0.33920613
0.99046344
0.03367586
0.99410087
0.9899906
0.96162754
0.030197958
0.99078745
0.9951381
0.98229975
0.9556191
0.9920825
0.9947233
0.9250433
0.9980426
0.9929525
0.02185006
0.996198
0.5754926
0.98154473
0.9920107
0.99887544
0.9971033
0.68474877
0.9964908
0.9948026
0.89710075
0.9948639
0.9791566
0.99263954
0.21371013
0.036743645
0.98690027
0.99824214
0.46028835
0.9936847
0.9955445
0.99909997
0.96478015
0.9971085
0.9977373
0.99120516
0.98857564
0.9953549
0.99993575
0.99743193
0.9952964
0.97906816
0.9547729
0.9843999
0.9372323
0.06443356
0.8050292
0.99939334
0.878559
0.9888571
0.9259449
0.11517993
0.99984574
0.92754054
0.98362446
0.99612707
0.99703014
0.90379953
0.00610594
0.97517574
0.9295177
0.9984792
0.99860555
0.9987923
0.9977756
0.9978053
0.9864899
0.97622126
0.95133615
0.98665434
0.0062665166
0.6834005
0.46172526
0.97590035
0.99811625
0.3125558
0.9998871
0.9936353
0.99570763
0.59666044
0.9997179
0.99659616
0.99220335
0.99701643
0.9860239
0.99574524
0.9947167
0.9975038
0.99760205
0.9957885
0.99147296
0.99921143
0.049965598
0.9992169
0.67077357
0.8714643
0.96677154
0.9939213
0.9396656
0.9811168
0.99544877
0.9945116
0.9979961
0.99845934
0.9915338
0.9955598
0.05703202
0.9890487
0.8399098
0.024201741
0.9995121
0.926516
0.9987645
0.016587405
0.99910045
0.92421055
0.9536191
0.7718952
0.9867851
0.005997256
0.98428774
0.99691427
0.9981188
0.9999118
0.50871587
0.98070955
0.99461526
0.9973838
0.9662942
0.85866314
0.9975483
0.9919423
0.9956939
0.9981188
0.99935585
0.9977818
0.6775498
0.9983418
0.9235986
0.82555413
0.7882278
0.49351227
0.8871456
0.99524444
0.9886789
0.9314316
0.98444104
0.01928748
0.99392337
0.9965479
0.015809167
0.96022904
0.9941935
0.9978563
0.9979138
0.96221846
0.09946643
0.110211454
0.9983639
0.92693406
0.98973036
0.98613733
0.9990896
0.22568838
0.98856854
0.99943644
0.99709165
0.9544923
0.99077004
0.995374
0.999059
0.07925687
0.99530834
0.4976948
0.9944489
0.99901724
0.9939646
0.051267896
0.9876795
0.99341244
0.7552366
0.9923881
0.94639164
0.7967538
0.99827766
0.07265203
0.6011293
0.45659226
0.98408604
0.99064356
0.9529588
0.15358031
0.9999014
0.9961597
0.053231787
0.8065321
0.93089134
0.07271301
0.9993861
0.9983418
0.9441153
0.99632335
0.9947389
0.9387125
0.09889831
0.9835021
0.9932765
0.9925598
0.99930286
0.99920887
0.9942958
0.379934
0.9935062
0.99948514
0.9961987
0.99746704
0.9982628
0.3220506
0.99736685
0.11987307
0.99406165
0.99305093
0.29851094
0.9948172
0.99707675
0.99385756
0.9852223
0.98946637
0.99661714
0.9999528
0.9870466
0.016077457
0.99769396
0.9958948
0.9691356
0.99985754
0.9911992
0.9978902
0.99982846
0.68737817
0.9971999
0.996005
0.98409885
0.99416006
0.85777164
0.99830997
0.99493355
0.9963342
0.9963536
0.99363095
0.9975273
0.98870146
0.15875748
0.99589574
0.049773224
0.31914452
0.8013394
0.9978599
0.981699
0.9969988
0.046379145
0.147453
0.9955577
0.048272446
0.89784914
0.99309605
0.9985299
0.9935865
0.8814451
0.027455484
0.941421
0.07206565
0.9730758
0.0134419445
0.98400104
0.9980794
0.99884975
0.9892384
0.8489019
0.99118805
0.09945125
0.80349106
0.97961134
0.99532676
0.9895181
0.9972831
0.46519178
0.99991024
0.9978637
0.027452238
0.9843352
0.9963225
0.985036
0.9962196
0.96542203
0.9974492
0.9929087
0.9716161
0.99521637
0.15892978
0.9855304
0.9952141
0.999642
0.7276188
0.034819435
0.5894194
0.9956605
0.014696646
0.9696395
0.9997979
0.9988011
0.99669564
0.99444616
0.98958826
0.98739326
0.99584144
0.37550214
0.061476775
0.014046275
0.9973763
0.99581146
0.9952217
0.9527836
0.9953656
0.9990188
0.040293775
0.99040496
0.90359235
0.10377577
0.9980872
0.98850876
0.9984767
0.6237469
0.99950445
0.48726952
0.99400395
0.98422354
0.99704045
0.99813783
0.9711066
0.9960551
0.9458462
0.9724272
0.97325516
0.997558
0.9173492
0.99874276
0.999413
0.8038266
0.68727785
0.99297273
0.998599
0.09458548
0.01755243
0.004284929
0.77114433
0.9968753
0.9983417
0.99557674
0.9932326
0.059969783
0.038505558
0.86557645
0.9954581
0.9998474
0.99318933
0.99890864
0.99559915
0.08370518
0.98612624
0.99787426
0.9999372
0.9647656
0.998648
0.029060185
0.004026605
0.9265738
0.9124578
0.9976272
0.9978058
0.99807584
0.9954835
0.68495363
0.99353963
0.63796216
0.99566215
0.97704846
0.72255856
0.99444747
0.96366173
0.98666084
0.90431046
0.48730808
0.97290254
0.9940613
0.9949327
0.9888502
0.99696285
0.9992938
0.97569066
0.02222086
0.7036399
0.9988851
0.85491437
0.99934584
0.05801119
0.9783932
0.2728433
0.9511121
0.9967069
0.0597015
0.9722846
0.9969363
0.88217044
0.99859387
0.03644747
0.94409907
0.6367565
0.9609252
0.70717347
0.9984504
0.9777313
0.73868895
0.9086301
0.8874099
0.05119112
0.99921
0.9904084
0.99726176
0.03842912
0.9989512
0.9960639
0.99935263
0.9997546
0.59721214
0.9814261
0.9547224
0.9944441
0.99551976
0.9989202
0.028303161
0.0238973
0.0045959027
0.52023745
0.9996911
0.98919034
0.059558786
0.078082524
0.05920247
0.9941016
0.98710954
0.99975115
0.99810374
0.98754764
0.061184898
0.9910988
0.47240672
0.9977794
0.9957489
0.99467576
0.997024
0.035311244
0.9932372
0.9953022
0.08316556
0.03353286
0.96963733
0.99852234
0.9340722
0.9976962
0.086638466
0.9784551
0.978687
0.9902953
0.793652
0.99430144
0.9382246
0.99815494
0.9936957
0.9991922
0.97522163
0.68787235
0.110357344
0.9950152
0.023111599
0.027652342
0.9852132
0.7695855
0.9968631
0.99920696
0.36737835
0.1240662
0.6129895
0.9983273
0.012011305
0.92078596
0.041898094
0.99884784
0.99724776
0.6320485
0.9976593
0.99663013
0.99197817
0.9795346
0.9996904
0.9742588
0.14939578
0.17737782
0.9963947
0.8881387
0.9991003
0.99754024
0.0052953
0.9974095
0.0255845
0.027330657
0.9957932
0.9964725
0.9983407
0.99151856
0.71479577
0.9998456
0.9871547
0.83149755
0.8783041
0.9979488
0.81284267
0.9737976
0.995641
0.9228155
0.99612695
0.09199926
0.9968796
0.9872469
0.9774925
0.99811566
0.010319938
0.44086853
0.9992545
0.99503183
0.9958548
0.9694139
0.98122716
0.9333133
0.0064238864
0.9941018
0.9989127
0.9848371
0.9994703
0.97793615
0.060378708
0.9367304
0.9955167
0.89516586
0.99799675
0.9810419
0.17710261
0.9988147
0.99640524
0.9975654
0.99583805
0.050890483
0.7555271
0.9934767
0.9942532
0.9999435
0.99185646
0.8045576
0.99901557
0.98990995
0.99300355
0.9998111
0.98997796
0.93343556
0.007410225
0.99704546
0.9978878
0.88666743
0.9989912
0.9920325
0.96224725
0.98933953
0.9903114
0.9935143
0.9976374
0.9956605
0.9898769
0.252775
0.12198309
0.9819005
0.9928389
0.9981019
0.5576575
0.015392967
0.8893683
0.0090595735
0.99594045
0.97688645
0.65474105
0.99538994
0.99949265
0.98325473
0.99018925
0.9862897
0.9996257
0.027332548
0.9934277
0.10472982
0.98755544
0.99898964
0.019756757
0.98598516
0.13168254
0.9915154
0.7689734
0.99601513
0.01612352
0.99580693
0.99934024
0.9600308
0.9960069
0.010588582
0.99664426
0.010461466
0.37687597
0.9789773
0.98022425
0.9963659
0.99047524
0.9999285
0.99962556
0.99845505
0.2907622
0.6097234
0.9992774
0.16098428
0.9947461
0.07725745
0.91459364
0.030135352
0.9776388
0.98859835
0.999678
0.01726544
0.9796988
0.00669371
0.9971021
0.92828274
0.994822
0.99750024
0.38533708
0.9957526
0.99590623
0.993367
0.6638243
0.9993938
0.9531699
0.9988527
0.980456
0.9907783
0.9860611
0.99790394
0.99875426
0.005263094
0.13639191
0.99983275
0.6608186
0.9922626
0.998004
0.57015824
0.5824641
0.9938619
0.46568048
0.010692906
0.9672659
0.97544664
0.9995821
0.99224865
0.995353
0.83268857
0.022845687
0.9990393
0.09562239
0.79836303
0.9979767
0.018734295
0.0114920065
0.14332743
0.99928206
0.88085955
0.9986927
0.9964083
0.99765426
0.66021705
0.0154552
0.9993387
0.81041145
0.97123677
0.98025537
0.98345584
0.15547247
0.1449435
0.82515
0.040551525
0.9964954
0.99746275
0.9756104
0.987255
0.9423325
0.99930274
0.9966113
0.981306
0.9982212
0.9907081
0.9960282
0.99728405
0.941582
0.9929629
0.9333612
0.9954638
0.9317553
0.83049726
0.9712985
0.17712662
0.057635494
0.9862949
0.9879237
0.99837506
0.9992454
0.99609095
0.027212173
0.051778585
0.99602866
0.9973273
0.62339604
0.77803063
0.99321294
0.99869484
0.99255
0.99957794
0.99983835
0.98544127
0.15153089
0.9943672
0.45265374
0.012580151
0.97937495
0.993453
0.9989556
0.99988544
0.5092131
0.9929309
0.99687225
0.012928254
0.97867304
0.9970733
0.9999038
0.9775894
0.29325002
0.9980186
0.0030539047
0.99807703
0.99973196
0.9997569
0.99073374
0.99820364
0.48694062
0.99516475
0.998027
0.026716616
0.9740416
0.68885493
0.7914519
0.9946733
0.9939833
0.9931779
0.99794704
0.2889893
0.9965694
0.9155148
0.99928504
0.42879012
0.7540475
0.9905371
0.6222136
0.9355889
0.99811435
0.9989472
0.99848527
0.98967487
0.99758685
0.9943197
0.99942183
0.52404696
0.9992023
0.99355185
0.25460863
0.99376255
0.9842104
0.94653875
0.88256925
0.9902581
0.6523199
0.70922995
0.07671497
0.9977648
0.9949714
0.5881744
0.999297
0.99470645
0.61428094
0.02395936
0.9996489
0.992409
0.99826884
0.99872667
0.8729948
0.0948241
0.49227697
0.6157928
0.9980394
0.06214607
0.99991333
0.19987974
0.9166961
0.98873097
0.9988105
0.8330243
0.99598914
0.9928813
0.99915826
0.9982558
0.9874062
0.9938601
0.036624704
0.897736
0.99180955
0.99356055
0.86633646
0.9995666
0.9989371
0.9978073
0.9987274
0.9896825
0.6673387
0.8925013
0.9998908
0.99277085
0.9979184
0.010818791
0.017977605
0.9993137
0.8396415
0.9869485
0.99806947
0.999203
0.56405264
0.98919195
0.08003787
0.990149
0.9694447
0.9056396
0.14775705
0.9883057
0.979452
0.9963135
0.03804182
0.99401504
0.94537765
0.98827237
0.009734197
0.99826235
0.9984515
0.99659306
0.99738973
0.24197273
0.9968882
0.008769479
0.20844212
0.14354134
0.9917829
0.08100107
0.97128356
0.9760789
0.06111942
0.9993679
0.9973838
0.58149123
0.9565581
0.99133134
0.9500432
0.9988372
0.95920265
0.99964964
0.93505913
0.9639968
0.9774045
0.99112433
0.99704283
0.016816115
0.9665826
0.94011724
0.99670285
0.3299501
0.9979207
0.9958903
0.31091788
0.036148682
0.7578974
0.008938964
0.9956304
0.003316641
0.988458
0.99063194
0.9859357
0.80319077
0.99741507
0.9690787
0.99995077
0.9940003
0.105115026
0.8617748
0.036527526
0.98980206
0.9979231
0.9943482
0.020950232
0.99612975
0.99759287
0.983512
0.9978795
0.0023754905
0.99729353
0.999086
0.4627635
0.99160415
0.99527633
0.84403527
0.918881
0.99599177
0.84044427
0.9174271
0.98159975
0.9956185
0.95631623
0.99978656
0.68882763
0.9069415
0.9956474
0.98706585
0.9890559
0.91883713
0.987568
0.9975817
0.95524377
0.98542154
0.9987011
0.63833594
0.99767965
0.99781716
0.99288625
0.9950722
0.9955511
0.9899975
0.994722
0.008904888
0.16339006
0.9993648
0.99581736
0.99323833
0.99115175
0.99848783
0.9906058
0.5894102
0.8793447
0.99350184
0.9153574
0.9890164
0.017096292
0.9957131
0.9714777
0.9987206
0.017415244
0.025070772
0.007891895
0.9940253
0.99731135
0.02704158
0.9941282
0.99438924
0.99007624
0.99781173
0.79755723
0.9959644
0.9875113
0.01818261
0.9663744
0.9975727
0.9973979
0.023535114
0.9958269
0.99726343
0.71629554
0.9999143
0.99389863
0.9915883
0.040976908
0.9733384
0.9959735
0.993619
0.99963665
0.09544199
0.99745136
0.97575426
0.9940223
0.028955936
0.9468616
0.99850947
0.99861586
0.99712425
0.9989498
0.9925688
0.99584454
0.9962968
0.8612602
0.9958429
0.998993
0.9788455
0.09527141
0.9933298
0.9141017
0.9982948
0.994181
0.99695563
0.9042936
0.9940812
0.013042668
0.9925977
0.99725264
0.99987316
0.9998995
0.9960227
0.96112305
0.998538
0.992073
0.9998479
0.014348153
0.99624014
0.33298218
0.97577375
0.9931601
0.9857364
0.008048017
0.019795237
0.9971259
0.98622674
0.088948965
0.43090957
0.5901974
0.0053191963
0.99100316
0.97734123
0.9936412
0.99809426
0.9920019
0.9995338
0.9922734
0.99579465
0.9892994
0.9979614
0.028308153
0.9470086
0.99607664
0.1476144
0.9937735
0.99889165
0.9943979
0.9970963
0.6556614
0.99782073
0.99450785
0.99513185
0.43833068
0.9989256
0.99778545
0.99803144
0.20742396
0.99273103
0.9985869
0.017614743
0.57200515
0.9671619
0.9967809
0.02761475
0.028607275
0.9954064
0.00486805
0.9512932
0.98607045
0.9981692
0.9949374
0.9984572
0.9812577
0.019206349
0.9657379
0.9969669
0.93670654
0.9897362
0.9992643
0.9971283
0.9922271
0.97091687
0.99575585
0.6677478
0.80571175
0.9851953
0.9994
0.9169153
0.9964443
0.020580595
0.38659522
0.99798775
0.99362636
0.99665594
0.9978835
0.9981793
0.99701643
0.9755882
0.9979095
0.9958967
0.9961015
0.99972504
0.93442917
0.68717855
0.99847656
0.9670845
0.9941228
0.007758359
0.014885134
0.004765106
0.9975998
0.9998369
0.9909575
0.17590986
0.9785048
0.9958158
0.99663025
0.013905982
0.9981286
0.65353835
0.99255073
0.5300566
0.9305832
0.05416088
0.99536777
0.89257973
0.9945285
0.9946818
0.99713045
0.99808717
0.9984779
0.8939335
0.6643196
0.99789137
0.9977658
0.992898
0.99455863
0.9951894
0.99990785
0.9997054
0.9990977
0.9980946
0.9967817
0.99368817
0.9993794
0.9979085
0.99813545
0.8919818
0.07992174
0.30292395
0.9797885
0.9056527
0.9035334
0.9379355
0.99588203
0.991398
0.99575305
0.0049265744
0.06421953
0.08830892
0.98916537
0.98359275
0.6790816
0.01624415
0.9896652
0.99175113
0.97180116
0.6162704
0.98702383
0.07947239
0.9981547
0.9968256
0.94858044
0.99520653
0.9983954
0.20422994
0.98821557
0.9521358
0.98901945
0.6900241
0.99745125
0.99797505
0.99963367
0.9959545
0.99556005
0.9899407
0.00825334
0.0065923133
0.99726796
0.99787354
0.055708546
0.9856625
0.316726
0.97664446
0.99647623
0.9970298
0.9995896
0.9405863
0.4927366
0.99913895
0.99659306
0.9985972
0.2998625
0.038283918
0.9977156
0.99892694
0.757188
0.9784733
0.9998803
0.97661465
0.13458817
0.9946503
0.99464005
0.99339265
0.9951273
0.24339153
0.9986411
0.99025667
0.99987054
0.99878734
0.99649966
0.99861944
0.9364928
0.9928598
0.9757892
0.9944348
0.9679175
0.98948276
0.9151815
0.9687367
0.9974868
0.9909225
0.9727965
0.9959513
0.989739
0.9969758
0.99833363
0.99123365
0.99843055
0.9990565
0.99784756
0.99846494
0.10690746
0.99893266
0.9954651
0.5813289
0.017010527
0.99890256
0.9873986
0.68398094
0.98278284
0.9982102
0.99647933
0.042260036
0.9873563
0.99779
0.9955402
0.98799825
0.99211055
0.9952544
0.9998771
0.9864547
0.9882101
0.9954857
0.9983822
0.94692564
0.9993086
0.99811244
0.8010871
0.73363036
0.054809254
0.7728653
0.31223094
0.013304613
0.98664343
0.99454063
0.99819475
0.99808145
0.9997036
0.99603313
0.009047596
0.015073159
0.12385953
0.8815342
0.85379106
0.9970577
0.99761486
0.9630325
0.9937816
0.9923698
0.7779717
0.9953381
0.025049372
0.99544215
0.811864
0.9876589
0.9966323
0.04096458
0.9970471
0.9960653
0.9713518
0.9982546
0.854008
0.01800496
0.9971276
0.9960974
0.9967237
0.9977506
0.99814606
0.99879164
0.9752421
0.9988022
0.9985703
0.9994809
0.99771094
0.5960093
0.9975477
0.14151001
0.99514306
0.9964868
0.9984017
0.9982839
0.9993291
0.9836156
0.99896646
0.004446792
0.754807
0.046136975
0.027068462
0.9965
0.95463514
0.99253607
0.9975399
0.061184924
0.9951383
0.95314693
0.9971008
0.99475634
0.025792208
0.60778135
0.4908386
0.98414963
0.9913231
0.8862518
0.33351654
0.998384
0.99619883
0.84197325
0.997687
0.0479741
0.9976318
0.9941041
0.9956821
0.9715929
0.43692136
0.97723114
0.97516304
0.9996692
0.99844104
0.9559372
0.9942397
0.97932464
0.93327117
0.9946936
0.94838333
0.9953342
0.99028987
0.9982577
0.9873263
0.9963553
0.6789055
0.9983235
0.8793378
0.9488131
0.9980457
0.0056717256
0.99274784
0.12865889
0.99142987
0.99645114
0.08565983
0.9985341
0.99305916
0.9933688
0.99130017
0.99772877
0.023925047
0.6262531
0.8991548
0.99839145
0.9988399
0.9956334
0.8662514
0.2737381
0.83692205
0.96985126
0.9970943
0.999537
0.9958448
0.9879336
0.98388505
0.9929889
0.9982699
0.99517304
0.8315875
0.979328
0.81933165
0.9974909
0.95101786
0.9892592
0.022399917
0.11057295
0.9944951
0.99740076
0.9997472
0.9996326
0.99075925
0.9980824
0.96964675
0.99940944
0.99561006
0.9982578
0.9974591
0.99006444
0.1165287
0.99973387
0.043723408
0.9983766
0.96594477
0.24119975
0.75051975
0.9966445
0.9963648
0.96034503
0.9974101
0.9991812
0.82268095
0.50922304
0.9975745
0.7169449
0.9994991
0.99813265
0.9644271
0.97714543
0.93932676
0.9968545
0.9991615
0.99851865
0.96736187
0.98902446
0.47356665
0.9955369
0.99965906
0.9982279
0.84797937
0.99806744
0.99870837
0.93357766
0.060464595
0.99704677
0.9989322
0.99784434
0.9964964
0.9981061
0.99542314
0.9951074
0.32846335
0.14970481
0.9934191
0.99806637
0.9973164
0.9988362
0.99878377
0.93946964
0.14097607
0.9952366
0.97140276
0.009267116
0.036265284
0.9999038
0.983086
0.8002395
0.99413943
0.9935961
0.9824638
0.93295294
0.98366874
0.013885315
0.9982425
0.85681325
0.99967706
0.99781764
0.99132186
0.026404385
0.9898252
0.99565434
0.99953496
0.99767107
0.9955955
0.9963169
0.7843861
0.0023764726
0.73112625
0.8347243
0.9832192
0.999871
0.9968272
0.9892897
0.051218007
0.986231
0.9979462
0.993751
0.9954211
0.9956676
0.84065646
0.49573883
0.9993723
0.99615
0.9945644
0.99960965
0.9985464
0.985293
0.99783725
0.9924585
0.5172434
0.85540134
0.9570515
0.9960996
0.99714965
0.9486954
0.03152707
0.9962947
0.9948533
0.96598715
0.84356666
0.46720865
0.99263376
0.99215394
0.9940006
0.13220593
0.0424783
0.32079694
0.9978806
0.9965179
0.6851434
0.9954861
0.99890137
0.99983835
0.99556196
0.9939814
0.03544121
0.9952461
0.9983481
0.9669166
0.08650487
0.9964042
0.9986255
0.89136374
0.99858826
0.9804813
0.9927845
0.99540436
0.7498342
0.9973061
0.99784255
0.9904606
0.99817
0.9757488
0.97322255
0.99212986
0.99993825
0.9945087
0.42961407
0.8786723
0.9963708
0.9944946
0.9802003
0.966475
0.9971559
0.79993165
0.99786586
0.99566984
0.142307
0.005904843
0.99707925
0.2735589
0.99724364
0.24499588
0.9980951
0.056935314
0.9977683
0.040656634
0.9992803
0.9954205
0.9860378
0.95899737
0.587099
0.9962842
0.9210622
0.9977308
0.8983828
0.9961033
0.86860746
0.05562148
0.99532795
0.98256093
0.999059
0.9753773
0.9988146
0.155909
0.9959928
0.9937569
0.82115096
0.9941421
0.034414373
0.8907611
0.99717546
0.9976544
0.972507
0.98021543
0.99467
0.9508663
0.99712306
0.9889205
0.99823916
0.99586475
0.0030176311
0.9990326
0.9224373
0.9971648
0.99952185
0.011675092
0.96142584
0.46031028
0.99244905
0.9933195
0.7972783
0.99315566
0.996558
0.99756086
0.9696583
0.10421324
0.2581524
0.5140792
0.99599177
0.061574448
0.008109429
0.9997781
0.9199616
0.13598411
0.9987967
0.032191634
0.9921467
0.035563372
0.99447167
0.9896912
0.99931145
0.95551383
0.4017267
0.99583673
0.9987979
0.9977585
0.99941325
0.99806863
0.99429744
0.98500514
0.027893431
0.99712914
0.99662626
0.71675
0.9615281
0.98841304
0.88943034
0.86773986
0.97705555
0.972786
0.9918147
0.76167065
0.068378486
0.9969157
0.9860141
0.995017
0.8824712
0.0045102676
0.98940253
0.99820423
0.9613015
0.76264054
0.8901691
0.99596524
0.9841246
0.6751634
0.95029485
0.9973014
0.99156135
0.99074626
0.99615616
0.9970667
0.9993394
0.9953603
0.9645014
0.9974355
0.9992824
0.99071467
0.98100364
0.7592678
0.99943525
0.9984059
0.6011788
0.9384692
0.027788846
0.9407783
0.99816626
0.9933942
0.9984365
0.9980032
0.99105495
0.99644035
0.81831855
0.709447
0.9995524
0.9980336
0.58391505
0.9085093
0.9933775
0.99983406
0.9853711
0.99810386
0.9710877
0.7564527
0.27785426
0.99629277
0.9966828
0.009525657
0.87713504
0.6129396
0.40063053
0.9866295
0.9954827
0.9983613
0.9957268
0.99962807
0.9946792
0.009236944
0.7007301
0.0044934754
0.11528337
0.17996083
0.7331246
0.99772316
0.97864693
0.99841726
0.9989292
0.99429035
0.8370403
0.98936594
0.9868553
0.64920163
0.99587786
0.10070834
0.9976622
0.9998524
0.99947053
0.96025145
0.99792176
0.99749726
0.9801533
0.9927193
0.9980909
0.9740936
0.997472
0.38842866
0.9834485
0.42662638
0.9781014
0.09410965
0.99716055
0.9990075
0.9338946
0.81242484
0.99962413
0.99245983
0.985193
0.017736923
0.9956125
0.9964142
0.13310744
0.99426454
0.9941024
0.9923487
0.13885713
0.6738578
0.9686378
0.06544946
0.80646944
0.9516885
0.073444396
0.9964055
0.4393467
0.993731
0.7049753
0.9704681
0.99783605
0.995834
0.9994702
0.9776732
0.8257653
0.9967573
0.99724543
0.040437102
0.91829467
0.977042
0.12207049
0.97261006
0.9964007
0.9845612
0.77182263
0.27279693
0.9160075
0.98837984
0.9976585
0.99963903
0.9654375
0.99860954
0.98248625
0.9976234
0.9721228
0.69817567
0.98623323
0.9502254
0.9993648
0.99260336
0.9297239
0.9744751
0.96190524
0.9904942
0.92169136
0.99335176
0.8347082
0.9994785
0.9964812
0.998268
0.99547887
0.99325174
0.643282
0.93709946
0.057529382
0.04656986
0.9985409
0.013208376
0.993566
0.9334745
0.995761
0.80958927
0.9864655
0.98627347
0.99558455
0.98068947
0.5624791
0.99610656
0.012990523
0.986761
0.9985378
0.99687636
0.9977749
0.9923424
0.99759907
0.025501242
0.99434364
0.9896812
0.99557906
0.997855
0.9956027
0.8072844
0.8914809
0.9998611
0.9922591
0.99908125
0.9986609
0.999172
0.9951572
0.99574006
0.9904551
0.9923723
0.99913883
0.90880114
0.9839443
0.67850417
0.9851773
0.99768317
0.99766016
0.9839775
0.09731129
0.9904033
0.99940574
0.7743224
0.5352987
0.9773168
0.99831843
0.9955813
0.9965293
0.99381185
0.9938921
0.9981692
0.9704699
0.9635151
0.965973
0.9981956
0.9619456
0.99438757
0.9544093
0.9967445
0.013445353
0.9879134
0.9792844
0.7268888
0.9942642
0.8837807
0.99777114
0.99113935
0.9968792
0.9979412
0.9983752
0.9959067
0.484992
0.030965395
0.81618905
0.99987817
0.983924
0.29500496
0.995148
0.99522394
0.99896896
0.9981359
0.99737906
0.9949496
0.9568423
0.99784267
0.022714926
0.19642808
0.87856144
0.973653
0.9965687
0.9993318
0.99587905
0.93919635
0.9495662
0.02981916
0.9991086
0.9986051
0.9943309
0.9345926
0.9260054
0.99603504
0.01609788
0.99981815
0.99699533
0.9914486
0.9953296
0.996447
0.028813675
0.9890848
0.96760297
0.9919897
0.046663743
0.0092497915
0.99819046
0.9955735
0.8962468
0.98732334
0.9982875
0.999374
0.76201934
0.9891964
0.98305285
0.9986426
0.9996462
0.99173826
0.99661356
0.9228214
0.98912525
0.9983474
0.9982851
0.013396642
0.9960418
0.024916597
0.99974173
0.9890778
0.9975789
0.9960736
0.9844722
0.7491831
0.99716383
0.07260923
0.9972179
0.010521498
0.9975539
0.9963559
0.065338686
0.99454826
0.8132069
0.93859315
0.98064435
0.96164495
0.75037426
0.899366
0.73320687
0.9979195
0.99603516
0.9961863
0.99111676
0.75743186
0.8258524
0.8949118
0.028897978
0.9994134
0.4421763
0.9319343
0.9970837
0.9987196
0.99576545
0.9995906
0.071951546
0.6152461
0.9778569
0.7443153
0.98757917
0.9233557
0.8715068
0.99302894
0.72658306
0.99663204
0.9976762
0.9992791
0.9814293
0.9988287
0.99253416
0.79981047
0.9836817
0.9967895
0.9826806
0.9911485
0.9839931
0.0894473
0.010092382
0.985007
0.017850569
0.9754047
0.9981035
0.9039949
0.9974692
0.9986615
0.9938944
0.97295684
0.042337593
0.998252
0.99929297
0.97447246
0.9840507
0.9903066
0.9583783
0.9979797
0.5635346
0.11266536
0.103354305
0.9573992
0.9965765
0.87728536
0.9537298
0.19100991
0.97799724
0.99648404
0.99249107
0.98394287
0.9890681
0.91053927
0.99776053
0.9910759
0.9189997
0.9983228
0.9249156
0.99200857
0.9960926
0.041737277
0.9798701
0.9902964
0.9959383
0.75794715
0.9975063
0.89954376
0.93177384
0.99883276
0.98821044
0.99773204
0.9908257
0.9450765
0.9999448
0.015392575
0.3715464
0.97190607
0.99365824
0.99651307
0.9996302
0.99990726
0.999458
0.9893551
0.7289873
0.99981135
0.9989139
0.70969427
0.9920225
0.9992403
0.99633104
0.997797
0.17603873
0.9995396
0.9983248
0.995106
0.88099563
0.43071443
0.999416
0.99798477
0.62096286
0.9943159
0.60434395
0.64401835
0.9958181
0.0058355415
0.999316
0.020469353
0.012134805
0.97074103
0.7806873
0.9959066
0.8590876
0.9995858
0.99808973
0.97119373
0.99418867
0.9975019
0.045122955
0.30625543
0.9999534
0.9980013
0.99631137
0.18489571
0.9334301
0.9989134
0.99926835
0.9862613
0.99219596
0.9898291
0.98869216
0.9958086
0.81129557
0.06201056
0.9923711
0.99773175
0.9842339
0.2256223
0.99796593
0.9966012
0.98660374
0.04909497
0.933163
0.9973442
0.8761815
0.76338905
0.9987618
0.9563049
0.1495428
0.022323636
0.9828335
0.007792701
0.16658756
0.020144626
0.025376052
0.87561345
0.998403
0.97838265
0.99743193
0.99423707
0.97518253
0.10886591
0.99836975
0.9986481
0.9986739
0.9684927
0.112720266
0.9885894
0.99629575
0.029929586
0.99978477
0.9780076
0.8568383
0.9974974
0.99966455
0.9932053
0.13674138
0.97491246
0.9842201
0.9471781
0.992677
0.99461854
0.04123556
0.36692786
0.76152396
0.9989942
0.6300839
0.9941579
0.22131848
0.1511231
0.9998522
0.99323046
0.26964712
0.43662846
0.11923027
0.9797125
0.9984205
0.99911875
0.99495417
0.9991892
0.09362421
0.9978527
0.7305071
0.8593919
0.9984964
0.9998522
0.9981006
0.9969656
0.0040101106
0.9942993
0.9942048
0.9911555
0.9990237
0.088261105
0.9980457
0.9940882
0.997632
0.9970408
0.99846005
0.9894819
0.49836564
0.9777956
0.9932928
0.9955297
0.9950374
0.99087816
0.71521324
0.9968436
0.9958306
0.6558979
0.9996137
0.99912685
0.25197276
0.9984282
0.95375705
0.01549985
0.9986626
0.32504714
0.99075425
0.9971656
0.9606767
0.99774396
0.97650105
0.0066065774
0.9809542
0.9926884
0.9998192
0.9835792
0.9914799
0.99882346
0.95008606
0.29431236
0.9866273
0.912614
0.2483435
0.99947125
0.93560153
0.99748623
0.42220488
0.13469261
0.9928612
0.99969375
0.99845433
0.9708683
0.9814824
0.9700898
0.9985033
0.999762
0.9916374
0.83230233
0.9485257
0.021529416
0.97485095
0.92422163
0.9969349
0.99750924
0.9811523
0.99984014
0.9672039
0.99319273
0.05571088
0.7917689
0.9240287
0.9430393
0.44482267
0.6646256
0.9850847
0.9899601
0.19062781
0.9997484
0.10798453
0.99684155
0.09436477
0.99341726
0.992496
0.035837106
0.0124109965
0.98414016
0.982758
0.20589602
0.99621874
0.9790096
0.9606503
0.9862599
0.9974769
0.9988716
0.9972312
0.99906856
0.05099521
0.019368837
0.056385033
0.044278186
0.9405456
0.010858021
0.9977968
0.82077676
0.8900523
0.64649254
0.99519265
0.065744564
0.39766312
0.01814667
0.99988556
0.99388427
0.9939395
0.99800867
0.9941221
0.9960294
0.9988788
0.60506886
0.36007488
0.7800612
0.99689746
0.968164
0.29456875
0.9982108
0.013301858
0.9952938
0.6081806
0.036828585
0.9930434
0.9981464
0.7991784
0.99990857
0.978392
0.9912512
0.99060225
0.99945384
0.77648264
0.9668
0.9991671
0.99637455
0.89142233
0.59330547
0.99695516
0.4304687
0.9997986
0.08442345
0.9932986
0.99932694
0.9917235
0.017285518
0.99819297
0.99669075
0.93558764
0.9475336
0.97941554
0.9890709
0.045383662
0.9964812
0.9802839
0.99936813
0.9980102
0.98919034
0.98382336
0.9988913
0.9974016
0.92869383
0.9986828
0.9980185
0.9796845
0.9992155
0.9965581
0.05625776
0.7740593
0.22496542
0.9979907
0.049600665
0.99540025
0.9963876
0.99827194
0.9993656
0.95335543
0.9705612
0.97763866
0.037829123
0.9943423
0.98484147
0.606026
0.99133575
0.9754741
0.94578713
0.9966718
0.99831843
0.99440235
0.047691584
0.9982147
0.9975969
0.80813986
0.9927906
0.99652785
0.071983665
0.0326181
0.9966664
0.88838524
0.99563897
0.99950445
0.12605537
0.9981237
0.999108
0.92781866
0.9875145
0.9986726
0.98971355
0.9911006
0.9794663
0.9940848
0.97363305
0.7840491
0.81236935
0.95510435
0.9981659
0.9995534
0.99620456
0.96834296
0.972429
0.8733258
0.9852095
0.99036014
0.9955427
0.99657273
0.015732966
0.9981396
0.995869
0.99649245
0.34462413
0.999263
0.99183226
0.005537971
0.040819887
0.9997961
0.98335385
0.9937733
0.57221025
0.99160165
0.77563566
0.9953483
0.008714576
0.96746975
0.9927006
0.9957897
0.08010928
0.97552675
0.99879503
0.11651126
0.9976567
0.98796266
0.6095969
0.99641305
0.9979417
0.9936852
0.990022
0.9974235
0.88846
0.7842471
0.9973412
0.20100246
0.895644
0.9985812
0.96011
0.11195139
0.96275693
0.07417108
0.10002234
0.7036961
0.48836997
0.9888614
0.98082364
0.998326
0.99593616
0.9903627
0.9981041
0.8996084
0.87560785
0.9228633
0.9964233
0.99974126
0.9695011
0.95607394
0.48334727
0.99620086
0.99506617
0.98874927
0.98162603
0.021813646
0.8549977
0.010367334
0.085630916
0.022973029
0.961237
0.9791119
0.9262918
0.99199647
0.9974854
0.96494937
0.7955173
0.9973908
0.9985518
0.98542494
0.99984
0.9970674
0.9957825
0.9877977
0.0059960852
0.74061096
0.9999193
0.12342871
0.9075836
0.66396123
0.9998772
0.99851376
0.8431613
0.9859467
0.98732835
0.9881413
0.9971641
0.9876276
0.9946911
0.98226696
0.98722386
0.8707223
0.014559327
0.9936559
0.9909506
0.36390498
0.047694415
0.99926835
0.99846894
0.95688075
0.9606449
0.99862814
0.99434716
0.99364907
0.9938446
0.85031694
0.9989568
0.99075705
0.9965205
0.98816866
0.14464667
0.9976926
0.9943678
0.9984377
0.98217505
0.9972941
0.0626756
0.9825775
0.99530596
0.022673346
0.8745068
0.9999093
0.032816898
0.9800725
0.8179987
0.98739433
0.9871975
0.008095541
0.86324763
0.9944378
0.9987785
0.99130565
0.99680907
0.9999014
0.96566355
0.82158965
0.98712254
0.96003014
0.9310379
0.99835455
0.99348736
0.88881797
0.99769753
0.98728883
0.9922684
0.9976942
0.99568486
0.96574605
0.99620014
0.004430765
0.9977703
0.065561235
0.9182317
0.98066527
0.034802485
0.9979553
0.502395
0.93025964
0.99587905
0.9865029
0.97316855
0.9967642
0.99889404
0.9932632
0.9282089
0.9935016
0.00351679
0.99694
0.99857795
0.4242305
0.99760145
0.9888365
0.9912487
0.99662435
0.99409
0.99547714
0.9815408
0.018257165
0.84167266
0.022775298
0.99346256
0.9991855
0.9405803
0.99707437
0.99752504
0.007977403
0.9702965
0.7951613
0.92130953
0.97952867
0.62634516
0.9977004
0.9984964
0.99840003
0.9986528
0.07620509
0.008248158
0.9960102
0.045078907
0.9928976
0.9966403
0.9248281
0.99860007
0.04252656
0.33831188
0.97561693
0.9987841
0.008154047
0.962984
0.9997191
0.99807763
0.9977779
0.9967499
0.021374602
0.9849028
0.9747321
0.042404644
0.43399942
0.9981292
0.9993999
0.9993063
0.99908984
0.9959869
0.9009958
0.4252402
0.98514426
0.99655735
0.8653229
0.6107317
0.99710613
0.9977335
0.99793786
0.12521693
0.5926976
0.96855193
0.99845064
0.93905747
0.0045087268
0.9973156
0.99033374
0.8990934
0.9956202
0.9972241
0.028780833
0.9849101
0.994317
0.9981458
0.78730583
0.99890673
0.94643176
0.026131641
0.99830997
0.99173963
0.99562365
0.9985164
0.11140624
0.88916427
0.9963528
0.9942061
0.99578345
0.9965663
0.98805004
0.9910575
0.9756572
0.9918236
0.9985329
0.99954575
0.013849509
0.9994301
0.9917114
0.9868494
0.79586804
0.9934088
0.998409
0.23689614
0.99465275
0.9957093
0.9580842
0.9753162
0.99812526
0.9971238
0.99305254
0.9883388
0.99819213
0.03982485
0.98751163
0.99723214
0.9807333
0.99905103
0.038960323
0.94487256
0.9987997
0.9976532
0.99270964
0.9962513
0.99628496
0.9899345
0.9938735
0.84534985
0.9994549
0.9766301
0.9970618
0.99994373
0.9872925
0.9977794
0.09881922
0.99702305
0.998613
0.9950545
0.9933909
0.003072367
0.9994135
0.994331
0.8889423
0.9769289
0.7568626
0.9925547
0.9585291
0.9623101
0.9979382
0.9946562
0.9854438
0.12294396
0.9923063
0.029688535
0.9943916
0.98283446
0.94491464
0.99582857
0.9843881
0.17591038
0.98654234
0.9996612
0.9570988
0.98971176
0.06828458
0.7917777
0.9979704
0.99773586
0.077129945
0.67371804
0.98649836
0.99765575
0.99382716
0.99545276
0.025140464
0.07977025
0.8756104
0.5636059
0.9980648
0.9950187
0.9995987
0.17898214
0.99775094
0.8631387
0.006669399
0.9939674
0.009688779
0.06031722
0.5567676
0.80664766
0.9980878
0.9983
0.054478265
0.9987739
0.0069744843
0.9986185
0.99551505
0.99321485
0.23696442
0.9960227
0.8646624
0.99536645
0.96164894
0.8857194
0.9979462
0.9562864
0.99974984
0.9982761
0.9946591
0.9912327
0.9914699
0.83024126
0.11738082
0.9977951
0.9412322
0.06556698
0.9925132
0.99447215
0.99643034
0.035846952
0.9990871
0.99459887
0.9366255
0.48434928
0.80173653
0.99862885
0.9902175
0.5451439
0.99896216
0.989638
0.9207272
0.98997086
0.99864334
0.9196557
0.94219214
0.99944144
0.014388495
0.6453537
0.999629
0.99483985
0.9952064
0.9962614
0.9964594
0.021753183
0.9950098
0.9958811
0.36668488
0.98276883
0.9986437
0.56306636
0.9896891
0.9920719
0.9913304
0.9746113
0.97585195
0.99490017
0.008474482
0.99748176
0.99883753
0.21615075
0.073875025
0.99767953
0.9976375
0.9999187
0.92599416
0.0206469
0.9926972
0.99578285
0.9979346
0.9950499
0.110895246
0.9315343
0.998588
0.9939488
0.9942736
0.9973828
0.1947197
0.9839819
0.99482626
0.9527245
0.9982444
0.9956209
0.9934314
0.9995165
0.029920181
0.54247385
0.99696285
0.9954572
0.99524873
0.8234135
0.99579096
0.9863556
0.99772006
0.98154837
0.999199
0.9987863
0.98152
0.9977112
0.99681926
0.99621755
0.99918133
0.95849377
0.0420524
0.0066352678
0.3641418
0.9951369
0.9963898
0.22577389
0.995688
0.04946554
0.0935696
0.9972928
0.16162987
0.9989779
0.9985135
0.97096026
0.99764353
0.9780561
0.7443225
0.9968546
0.999466
0.9941637
0.9996062
0.031863593
0.020913081
0.010319155
0.99779546
0.9886996
0.31067905
0.985179
0.99903727
0.9912504
0.9978125
0.98388994
0.9982886
0.9982356
0.81178683
0.04324086
0.9963437
0.030780612
0.86572826
0.9874198
0.9977678
0.99736756
0.9970726
0.40185294
0.95955455
0.98272425
0.9972345
0.9954201
0.9809337
0.99842983
0.003753245
0.9873841
0.05275181
0.67875564
0.94854325
0.6613409
0.9958841
0.99636936
0.021274962
0.66551745
0.9989466
0.08545549
0.07892415
0.9956221
0.994024
0.9944482
0.98684514
0.9948894
0.030814275
0.99374205
0.032318734
0.99850595
0.92705816
0.9997701
0.5214879
0.9352732
0.9997993
0.9972205
0.8985502
0.9963987
0.011973823
0.96097517
0.9873382
0.9958307
0.9719187
0.08989678
0.99757224
0.033822842
0.8960091
0.99981683
0.99534094
0.978066
0.9852169
0.7369094
0.99654144
0.031333677
0.99968755
0.9998431
0.94051707
0.024073951
0.998212
0.88689166
0.97178245
0.9968622
0.9943346
0.40275374
0.99993193
0.99991167
0.982882
0.99922955
0.17937137
0.9987062
0.98653316
0.5398688
0.5919008
0.2145959
0.17492792
0.9436837
0.9980411
0.99850404
0.012222293
0.9943605
0.98953384
0.99374205
0.9695589
0.9998202
0.0047281627
0.9826341
0.65282583
0.9764866
0.99544096
0.0057417904
0.8386074
0.9980021
0.96230257
0.025374494
0.9981117
0.89571995
0.02659488
0.9997197
0.99383587
0.98765534
0.99634427
0.98206514
0.9966562
0.99599636
0.046023685
0.015773809
0.9999069
0.997428
0.99949694
0.037917893
0.9958547
0.013150367
0.7181101
0.989846
0.9666585
0.9996387
0.9956474
0.98224396
0.9957176
0.99974114
0.969482
0.99801314
0.99896324
0.015283466
0.97267014
0.99301755
0.9969913
0.9910884
0.06926931
0.9989095
0.98345727
0.99438596
0.99198806
0.007989574
0.055535417
0.99652267
0.7455561
0.6588544
0.9973232
0.99745554
0.9824536
0.9394223
0.9900648
0.8833518
0.9942458
0.94588655
0.6207865
0.066045865
0.19932273
0.9887058
0.9969505
0.9928935
0.9849968
0.99658245
0.4224175
0.8656769
0.9882237
0.92802805
0.7529282
0.9980562
0.99577266
0.06557595
0.99816614
0.027691709
0.99897015
0.9961727
0.47821242
0.9849104
0.6873815
0.6832949
0.9867813
0.9949994
0.99499196
0.9985524
0.9865074
0.9993963
0.9955693
0.9993944
0.9868133
0.6177057
0.9988887
0.98325896
0.9255387
0.9615289
0.99349326
0.99442285
0.9685028
0.11076074
0.41479522
0.99210536
0.8901533
0.9368049
0.98812056
0.9952579
0.020852497
0.9960983
0.9993129
0.029376848
0.9991392
0.20590857
0.55600923
0.99827385
0.9817957
0.96584785
0.015808906
0.76914424
0.9988213
0.9939672
0.9988782
0.042110767
0.92838097
0.98726106
0.97875243
0.9417944
0.99743974
0.99938834
0.9930589
0.002041958
0.90698737
0.99886084
0.9907141
0.58380634
0.99429953
0.9939725
0.9972293
0.9939335
0.99573934
0.99459165
0.9582181
0.99707556
0.9218584
0.98971236
0.05210987
0.4269918
0.07398572
0.99782974
0.9958547
0.3227791
0.99778616
0.094757065
0.99905974
0.9434349
0.956088
0.9951066
0.9748746
0.78672016
0.84552926
0.99597436
0.010783637
0.9946603
0.99743277
0.9997414
0.1598336
0.23076081
0.99256647
0.5716454
0.9925914
0.9957396
0.99700934
0.99686253
0.48033562
0.995659
0.9962993
0.998892
0.028781462
0.9998323
0.7649718
0.99814355
0.99858546
0.46628496
0.99820375
0.009824404
0.031336434
0.9970091
0.011786692
0.9713119
0.9904417
0.99241734
0.9897216
0.946679
0.9991425
0.7049731
0.99540365
0.7360445
0.046517793
0.9684405
0.9964378
0.5749656
0.9942272
0.99236906
0.34675843
0.97471297
0.9988028
0.99421555
0.9935421
0.9997583
0.99358714
0.9987525
0.055457238
0.9958734
0.063043326
0.03209033
0.016764238
0.99893516
0.9788927
0.9779059
0.9877415
0.99026275
0.96898
0.940169
0.9953667
0.9220674
0.9918439
0.9958597
0.98905003
0.9968731
0.0015859017
0.99987245
0.99826473
0.7410165
0.99894875
0.99559575
0.9343547
0.75681037
0.99237484
0.99820435
0.45913732
0.40523964
0.86717904
0.68807817
0.9959091
0.9983682
0.4315449
0.9755121
0.13588549
0.99855167
0.99795216
0.03766088
0.010587613
0.9964659
0.96984386
0.9937225
0.28539076
0.21935263
0.99635637
0.9989059
0.99758446
0.9937099
0.36574146
0.9590729
0.99139106
0.035826415
0.08289713
0.9968041
0.6645805
0.11039508
0.9995097
0.9844881
0.019538736
0.9052228
0.99702924
0.80967873
0.9966673
0.17438434
0.99368906
0.9945087
0.9974527
0.98403513
0.94436574
0.9893384
0.99687505
0.99950206
0.99039453
0.041013017
0.99817264
0.2905037
0.9948625
0.11666154
0.11710571
0.83338195
0.9962921
0.999584
0.99663335
0.17864005
0.99170685
0.99513656
0.99836403
0.99832946
0.998019
0.972232
0.92566556
0.9857261
0.9556031
0.989527
0.06058424
0.92883563
0.9971213
0.9941248
0.998312
0.99146795
0.30600992
0.9926426
0.9927938
0.9858526
0.2980152
0.92816204
0.12510832
0.95832294
0.9977436
0.021654887
0.021725282
0.7396397
0.99664116
0.81512487
0.999718
0.99154973
0.55636555
0.9803771
0.91611665
0.99052936
0.982041
0.02966023
0.9968466
0.8588287
0.9377108
0.94484967
0.9880633
0.99855286
0.99712247
0.9674036
0.99367297
0.07875476
0.997591
0.84853613
0.9951314
0.98947453
0.99563605
0.99353033
0.78346616
0.984869
0.7545824
0.71562535
0.007733866
0.33884227
0.99250925
0.008940109
0.9999224
0.9383388
0.9973603
0.99789315
0.06361934
0.94960743
0.98439217
0.99633235
0.9916074
0.9984646
0.9875338
0.98735386
0.9838217
0.9898634
0.99416673
0.99548006
0.9991165
0.99604553
0.9938792
0.9974154
0.067865156
0.99939203
0.9991171
0.9722526
0.9899671
0.9920189
0.99253994
0.9842138
0.9969446
0.9638661
0.9961533
0.057529774
0.99242675
0.99840456
0.99801254
0.99803346
0.9924648
0.011835713
0.63329494
0.9936659
0.022007398
0.06785846
0.997285
0.037113875
0.9961719
0.996512
0.9979723
0.98702455
0.9972493
0.93296796
0.79458433
0.99751043
0.8520528
0.99778146
0.6015873
0.99945635
0.99435955
0.9833997
0.6693689
0.22538655
0.8142821
0.9951161
0.99492407
0.99989855
0.99484575
0.43786183
0.9922592
0.99414873
0.27679214
0.9909491
0.9944876
0.47759965
0.7431193
0.9990464
0.9924005
0.937647
0.99872464
0.9954163
0.99885
0.9492553
0.8541633
0.046233844
0.96200085
0.9997315
0.9973686
0.6216853
0.9982103
0.99617445
0.97852725
0.047362484
0.994255
0.9879126
0.8545396
0.96569866
0.9863132
0.8393305
0.99405706
0.898188
0.998804
0.99565685
0.0031703822
0.932657
0.99319047
0.17855136
0.58700156
0.9981275
0.9936021
0.9933344
0.024706908
0.99657
0.99703526
0.9944108
0.067171656
0.9683953
0.99746287
0.998192
0.99718165
0.99988127
0.9929416
0.9979512
0.9630017
0.9996872
0.9945819
0.979575
0.9927971
0.99870336
0.5653537
0.9963413
0.993944
0.9915685
0.043027356
0.8100762
0.38838324
0.045148622
0.6155078
0.99772567
0.97868735
0.9984629
0.87784666
0.23620865
0.997696
0.9971877
0.99093515
0.17835928
0.9869436
0.08367768
0.9956862
0.9985649
0.030327069
0.99855536
0.9995726
0.99501956
0.7073246
0.9990125
0.021232111
0.97619313
0.0031782312
0.98225373
0.9987948
0.9995203
0.09547062
0.8012841
0.99428105
0.9935946
0.05838708
0.982659
0.22303131
0.9960622
0.052754298
0.9999107
0.96507996
0.99986637
0.944151
0.99774784
0.97436154
0.8061189
0.9998517
0.9984297
0.99485564
0.9970861
0.997964
0.84073067
0.9989987
0.9374437
0.99635834
0.988228
0.93348825
0.9939527
0.9995652
0.98116183
0.9581909
0.6737327
0.99878806
0.8852076
0.99992466
0.8958685
0.045056462
0.97909594
0.031200316
0.9973404
0.93742055
0.90570796
0.35201252
0.69324064
0.9953892
0.99862015
0.99818987
0.99955386
0.99721587
0.9486283
0.99679655
0.9988876
0.9785171
0.9983633
0.9705739
0.9979621
0.9886031
0.9969754
0.95296556
0.99870443
0.99583364
0.9957378
0.89040744
0.11266431
0.9949468
0.99917954
0.9994091
0.985235
0.92017764
0.069383726
0.30911902
0.017158719
0.9703166
0.9974796
0.9977939
0.9976278
0.9991843
0.9747722
0.9407799
0.9990351
0.04500512
0.9944331
0.9911555
0.05648133
0.99664307
0.9975684
0.9671777
0.95242965
0.99618065
0.3191325
0.9963012
0.9440672
0.98684376
0.99300545
0.032170717
0.28693128
0.097559206
0.9861222
0.9978173
0.9871338
0.9935777
0.025104405
0.97528356
0.94744235
0.028441994
0.99432206
0.022180887
0.88323236
0.9956487
0.99455136
0.9981468
0.9972186
0.9885428
0.16131762
0.9915549
0.99444133
0.97013545
0.99923766
0.9951172
0.9956535
0.97103643
0.99710983
0.9974158
0.97457415
0.7937979
0.85935026
0.9984256
0.99682057
0.97006464
0.70863926
0.9874442
0.9992095
0.97467744
0.8877367
0.9908174
0.9975284
0.1952732
0.9876068
0.24222703
0.6706429
0.9994222
0.99825567
0.9967001
0.99501157
0.99530315
0.004781785
0.74329436
0.5839106
0.9088043
0.99884975
0.99149233
0.028332794
0.9869975
0.9698213
0.9989171
0.00293912
0.99653107
0.99692
0.023733648
0.07824777
0.9973853
0.056471165
0.9918486
0.9971949
0.55170655
0.67827594
0.10095191
0.9938729
0.994632
0.100590296
0.3768028
0.99750924
0.9971957
0.99568945
0.033698
0.9895404
0.059763215
0.9955481
0.9587759
0.9942795
0.9964575
0.9925046
0.8592614
0.99909604
0.9968291
0.99727315
0.9955713
0.9843481
0.977381
0.47555658
0.99437934
0.98187673
0.96759665
0.031188868
0.22149116
0.2717502
0.04220154
0.013167494
0.99459356
0.9934942
0.99739647
0.88130945
0.018012537
0.9969398
0.8855512
0.9813362
0.48477226
0.9957768
0.0120262755
0.1644921
0.65357137
0.90241814
0.60243636
0.9929012
0.40584263
0.99658966
0.99825877
0.9776765
0.06531528
0.99677426
0.97033465
0.9998654
0.021207571
0.83364576
0.99724305
0.99894243
0.96874166
0.7457737
0.019571407
0.9923767
0.98833084
0.2370548
0.9942167
0.69064385
0.9313825
0.98558503
0.99200773
0.9992229
0.97377396
0.8004242
0.9836925
0.76812464
0.9754302
0.9990005
0.99831665
0.9585729
0.9902912
0.7730198
0.9953962
0.98703194
0.9961546
0.98619837
0.80638283
0.99991417
0.99605286
0.99727947
0.03737799
0.9982205
0.9988446
0.9864478
0.9768147
0.9986675
0.9946044
0.9941964
0.9988218
0.6223665
0.0053823595
0.04310296
0.99311006
0.99888724
0.31424877
0.9980628
0.9962484
0.9976834
0.9693616
0.9934048
0.9970241
0.9994808
0.9864135
0.9950954
0.029553652
0.072594896
0.078179926
0.9993911
0.020803124
0.99662954
0.9722216
0.9800411
0.9971233
0.0820345
0.036498327
0.4653586
0.98577994
0.9872093
0.98272175
0.9740216
0.988361
0.9998975
0.99609715
0.9969892
0.99639016
0.9925471
0.003424383
0.5780127
0.9981779
0.01312762
0.052467268
0.058338296
0.992605
0.99416816
0.98634547
0.9908694
0.614489
0.9945797
0.98264647
0.037132155
0.99761426
0.9938387
0.35085398
0.20127343
0.9677586
0.9017197
0.999863
0.09258582
0.9991979
0.9807428
0.47982138
0.99464935
0.99874
0.98316646
0.9791916
0.9748068
0.99321234
0.98518544
0.99292725
0.9949987
0.9697836
0.91654193
0.96990126
0.99444926
0.9858636
0.99515027
0.9670358
0.99667287
0.9832881
0.014330173
0.9934592
0.8960404
0.99758756
0.99661034
0.9552605
0.9981311
0.9959676
0.99566615
0.9596113
0.013053125
0.93461055
0.9188008
0.96885556
0.98331904
0.022581296
0.9994759
0.0053329035
0.9862205
0.9926986
0.9952154
0.052833322
0.9979007
0.997898
0.99902654
0.99415565
0.99079764
0.043188684
0.99842083
0.9871027
0.99634486
0.90888906
0.9984446
0.9986589
0.9976839
0.9534442
0.98317486
0.01872455
0.29854256
0.99573994
0.5782781
0.6692562
0.9950329
0.9971782
0.9840296
0.99914205
0.99334997
0.99566597
0.024245558
0.9941796
0.9981761
0.9966059
0.8434802
0.9845026
0.99552697
0.8681551
0.9927927
0.99812096
0.9902704
0.9185901
0.03110267
0.6726725
0.9977975
0.9993278
0.99384886
0.99785715
0.99850035
0.9964085
0.97922266
0.04036012
0.90097946
0.9987016
0.109572165
0.7759179
0.74688417
0.9946467
0.9973206
0.0073878258
0.94998115
0.99858946
0.017529527
0.9990533
0.111017495
0.9998803
0.99417204
0.99973005
0.9929716
0.004777144
0.010032563
0.9995528
0.9909191
0.99795663
0.26376963
0.99732935
0.99218446
0.024325345
0.9999156
0.9984389
0.99103725
0.024490332
0.9918711
0.17913634
0.73201346
0.060012475
0.99568594
0.4077377
0.077438846
0.030417545
0.9928762
0.95105
0.06472409
0.99802256
0.46926776
0.9960963
0.99591607
0.9597962
0.9893777
0.9997392
0.93130624
0.9964581
0.99168175
0.039692514
0.99823964
0.9925127
0.9994549
0.99100447
0.9943792
0.9243432
0.9983246
0.8692448
0.8263984
0.9953497
0.6901835
0.9808123
0.07728981
0.99709964
0.99888784
0.9980428
0.99276745
0.98038155
0.9775713
0.9973677
0.006255421
0.99554706
0.9994313
0.9955142
0.9985568
0.9932774
0.9941402
0.99791616
0.28536162
0.9980933
0.99760276
0.98527664
0.9870886
0.9991997
0.9966449
0.9981312
0.9893373
0.76829433
0.9986259
0.99020374
0.99375004
0.999348
0.9222146
0.9960736
0.9998512
0.0038113822
0.9955538
0.9996151
0.9835051
0.98249316
0.8790818
0.97146356
0.9975612
0.011328425
0.038123515
0.9969326
0.99698526
0.9993766
0.14618327
0.9877672
0.999869
0.9955943
0.99447954
0.7195643
0.2191947
0.99742585
0.98542446
0.9988268
0.99752694
0.99597967
0.996447
0.763312
0.998706
0.3721646
0.9997836
0.3591317
0.8426604
0.90987265
0.993397
0.99043745
0.02126172
0.8275483
0.98548174
0.9740107
0.99984515
0.99754447
0.9950245
0.94287944
0.99582434
0.9785121
0.997311
0.9977431
0.99576026
0.99817586
0.9929299
0.9957806
0.93842405
0.9972567
0.956678
0.9782867
0.9859001
0.98648167
0.9146087
0.12530775
0.9294465
0.6797219
0.99881774
0.96777344
0.99383634
0.95068705
0.95672286
0.94309646
0.99963593
0.99739134
0.37415588
0.9858202
0.997412
0.9977216
0.9849642
0.9968838
0.98233736
0.9974419
0.9289502
0.070747755
0.8943291
0.9700962
0.025061963
0.094871834
0.99713314
0.9995597
0.99792767
0.78282756
0.9954087
0.0028421867
0.051833175
0.9611294
0.99902844
0.25227442
0.9972324
0.9633093
0.85848546
0.9814292
0.84269357
0.9940818
0.99635786
0.8681995
0.91456175
0.7855333
0.9798421
0.9900276
0.9954496
0.93749124
0.987906
0.9972363
0.92681164
0.02887701
0.065128595
0.14049125
0.9999124
0.9992544
0.99577564
0.9929074
0.99375135
0.79719234
0.9536698
0.8424907
0.99758756
0.010315001
0.9349096
0.76363313
0.1079564
0.9864732
0.9968081
0.9970854
0.98851866
0.9344654
0.9998685
0.981326
0.9456367
0.9945215
0.9917299
0.8832159
0.8994771
0.6619199
0.9988182
0.9341866
0.9859789
0.9990908
0.99329454
0.9951742
0.049793545
0.96748847
0.037984215
0.80732226
0.99615085
0.99791163
0.9633991
0.004338162
0.9969021
0.9307866
0.98264277
0.8456348
0.99789643
0.99296933
0.06630802
0.9976101
0.9814672
0.16705784
0.9982558
0.9722177
0.99993384
0.54855806
0.9939027
0.99540883
0.09097963
0.004583
0.8116124
0.98050505
0.9711799
0.98148984
0.9993729
0.9942807
0.9987987
0.99706787
0.9985668
0.99763834
0.9952561
0.9925276
0.8841371
0.99758995
0.99816304
0.9970498
0.98970246
0.07699202
0.2758504
0.9999212
0.98501045
0.96610373
0.06601669
0.9998466
0.058540814
0.07951255
0.9952787
0.99164295
0.9986224
0.94917184
0.99645376
0.9558225
0.9860319
0.9957288
0.9922368
0.9918544
0.98371327
0.98308414
0.089391045
0.6453144
0.99672973
0.994985
0.00756599
0.992826
0.99564713
0.17214018
0.99956673
0.9943189
0.057417322
0.99479115
0.9979589
0.005111197
0.99670994
0.023248263
0.49301484
0.9984856
0.70081604
0.46801305
0.9991084
0.97433114
0.9589373
0.9971637
0.19860151
0.9998933
0.99828124
0.9916756
0.9849471
0.026909113
0.5690538
0.996594
0.04065155
0.9933014
0.99454945
0.8466063
0.996902
0.9953355
0.023521425
0.9942926
0.9961726
0.9916082
0.9993224
0.99462116
0.99606174
0.9911259
0.999534
0.9768887
0.9948085
0.9989793
0.9973463
0.9955004
0.924516
0.3958598
0.98888344
0.18368444
0.04646006
0.98478067
0.97917455
0.9998456
0.9997856
0.98971725
0.99928576
0.9986463
0.931338
0.9926684
0.05635669
0.99255717
0.9825294
0.98771834
0.9571605
0.4092242
0.9902221
0.97941417
0.99783903
0.98919195
0.9972704
0.9713885
0.99274325
0.998009
0.9991786
0.9901079
0.16818191
0.9965035
0.93738735
0.8059433
0.04123244
0.99437875
0.90604496
0.95541984
0.8832841
0.9861239
0.9866818
0.99864036
0.9943931
0.9976108
0.98857355
0.97961116
0.014620155
0.89846313
0.9975994
0.58221203
0.010623618
0.13081148
0.9999324
0.9985783
0.4738848
0.07367227
0.9979367
0.9988733
0.0056461664
0.9945693
0.99950993
0.3339119
0.9973341
0.99988174
0.056127507
0.9915712
0.99309593
0.9995272
0.39141634
0.996933
0.9982168
0.99641824
0.9964862
0.9996873
0.9970318
0.9839897
0.9955928
0.0094175525
0.9972583
0.9411896
0.9959162
0.9950507
0.00961267
0.97514796
0.99320626
0.92076665
0.9983077
0.99802077
0.99982846
0.98920476
0.9976761
0.028989723
0.998755
0.98234814
0.7600847
0.92815137
0.9989472
0.9912909
0.9718168
0.03747835
0.032044876
0.997787
0.9082631
0.9977075
0.99797386
0.9954531
0.40707642
0.997563
0.989965
0.9604968
0.99888104
0.9964972
0.9987587
0.9948596
0.9851953
0.0701663
0.09332041
0.77258754
0.12205094
0.99046916
0.9979557
0.9843572
0.029150244
0.98531634
0.96023816
0.008939408
0.9959519
0.99058867
0.9973236
0.97366816
0.39248696
0.76468426
0.025819892
0.9949419
0.6519396
0.99161166
0.9967573
0.9921523
0.92898303
0.99311197
0.99884903
0.99954957
0.9481339
0.9968305
0.99931955
0.994052
0.9886903
0.9977514
0.9993111
0.998423
0.9980368
0.020360364
0.99898034
0.8203803
0.9974011
0.9984787
0.99494344
0.96827936
0.9973225
0.32407716
0.9960026
0.007911732
0.9935095
0.9991177
0.9940256
0.9936126
0.9979684
0.9872071
0.9918624
0.99734217
0.99958616
0.9953532
0.982369
0.9769861
0.99591404
0.9967458
0.9875293
0.8803422
0.9958216
0.99904627
0.9988857
0.9977806
0.016660672
0.9482131
0.9927832
0.998481
0.9965396
0.99030834
0.16285822
0.98232645
0.4617265
0.5338114
0.9825471
0.9902136
0.011635861
0.9580539
0.99733067
0.9950991
0.26299277
0.9885435
0.99958235
0.9982412
0.9674356
0.9967103
0.83837473
0.12508963
0.0060620313
0.034879178
0.99846375
0.9972063
0.9980585
0.9994647
0.03312357
0.99968064
0.9998865
0.45327342
0.99591225
0.9922197
0.59055275
0.67812854
0.6699133
0.7625458
0.9919922
0.10682768
0.8367791
0.09326343
0.998384
0.9918739
0.9972589
0.7574698
0.99126446
0.9554039
0.9988042
0.9808327
0.9966961
0.998777
0.7278667
0.99601054
0.08384638
0.871624
0.21625234
0.032285657
0.9663559
0.045848437
0.88562554
0.99365693
0.044693828
0.9905956
0.075889274
0.68235105
0.9976763
0.017193211
0.9163123
0.9970892
0.6752204
0.13935088
0.96222234
0.82391727
0.009450045
0.038539708
0.9738037
0.82962763
0.99328655
0.99708194
0.9945851
0.009880275
0.9999174
0.9955107
0.8332
0.98390204
0.9200658
0.99843425
0.99453956
0.9972108
0.9965082
0.019702498
0.9964741
0.52300525
0.9936382
0.998324
0.9692684
0.9970176
0.83475703
0.99663347
0.086289085
0.99780196
0.8620164
0.9978362
0.9960575
0.02769454
0.76452637
0.9930369
0.9981199
0.99445856
0.99018985
0.5720589
0.99394447
0.9985789
0.0249104
0.9910012
0.98937756
0.99706334
0.99846125
0.99719965
0.033650808
0.99779874
0.7446406
0.9810847
0.97749615
0.80281234
0.99988675
0.99196905
0.9996636
0.99497
0.99683577
0.9990984
0.9719349
0.9954673
0.9685886
0.024914136
0.62040675
0.99975425
0.9920781
0.86628246
0.99790925
0.06736243
0.9997917
0.7500781
0.004898602
0.5717477
0.9744024
0.99545056
0.41048968
0.99200904
0.9930102
0.16096312
0.60431665
0.98938984
0.97473586
0.9971103
0.99770963
0.1903546
0.99437004
0.9990421
0.9941136
0.7304757
0.99770004
0.046835016
0.99796665
0.99424654
0.9897082
0.96894705
0.9950702
0.011448704
0.014122826
0.9976392
0.8549255
0.98867726
0.99758804
0.97331154
0.93286276
0.9970565
0.0063104196
0.99514645
0.7326222
0.10863417
0.73697734
0.017183779
0.98867303
0.9964245
0.9958049
0.9842016
0.9964858
0.04225578
0.9981463
0.054650135
0.9976927
0.99763715
0.8602242
0.07118001
0.9947009
0.5578407
0.9895499
0.9937249
0.009282688
0.24246874
0.99672675
0.05881399
0.99442023
0.38296837
0.97302103
0.99826765
0.99591726
0.99897134
0.9963247
0.99710673
0.99138075
0.99873596
0.96857595
0.9316136
0.9975439
0.9935408
0.99924785
0.99860483
0.9815216
0.993134
0.99825567
0.97579896
0.11072676
0.8750016
0.9970149
0.98522794
0.9927166
0.010454553
0.99819475
0.97892314
0.85492975
0.99612504
0.99635917
0.7593181
0.99911386
0.035896312
0.9981147
0.9910669
0.986692
0.99939597
0.90721256
0.9998288
0.9980736
0.9977295
0.23292182
0.9964824
0.9812261
0.7849868
0.997152
0.9985917
0.9964169
0.9789067
0.9833418
0.51549107
0.99369967
0.9955212
0.832137
0.23927638
0.9439311
0.57329804
0.99016166
0.095693834
0.10828298
0.19569561
0.9794342
0.9817701
0.99109155
0.99796176
0.7613965
0.99739134
0.99738926
0.98927104
0.9753255
0.99603003
0.9987079
0.9886232
0.30457306
0.90029323
0.9984793
0.9723079
0.9999126
0.98917073
0.9837984
0.015294925
0.99803513
0.994408
0.9801815
0.99955696
0.99195635
0.9905219
0.05153575
0.99660313
0.99926156
0.99339575
0.40586457
0.99753296
0.99781704
0.98141575
0.999134
0.37423626
0.99571997
0.89102554
0.9977835
0.99707067
0.9995345
0.99240327
0.11968125
0.99979013
0.88355565
0.029762456
0.9617311
0.9998517
0.9769826
0.89487314
0.93523467
0.9978205
0.077697664
0.99785537
0.93484235
0.9984854
0.0070003667
0.9925277
0.016892131
0.99732625
0.99517834
0.014891653
0.99095273
0.993541
0.9980433
0.99920636
0.9983973
0.99700207
0.0075283316
0.9521573
0.9916225
0.9462443
0.9785235
0.76175064
0.9468485
0.9988716
0.99876213
0.99465936
0.98921305
0.99959356
0.99632394
0.9875706
0.97648513
0.99668354
0.99559987
0.9946221
0.9115175
0.9106821
0.99915886
0.9995334
0.99279046
0.98279566
0.9868348
0.99760485
0.9946602
0.05414702
0.8283163
0.99349976
0.9930374
0.97782886
0.9893939
0.9993369
0.028888304
0.6992265
0.99525756
0.9556227
0.9878784
0.9841411
0.9952981
0.8414063
0.9970342
0.99769235
0.99302155
0.9976605
0.9177463
0.9985858
0.99128354
0.9997212
0.03970748
0.99726164
0.99541277
0.99954283
0.9957911
0.94759643
0.9097717
0.0054821232
0.99129313
0.9362639
0.99845254
0.99561065
0.88572204
0.9958072
0.9880007
0.030333705
0.80405223
0.9961992
0.98330426
0.9648293
0.9986576
0.99739033
0.99684155
0.07971262
0.9648215
0.9999244
0.9978662
0.01708623
0.9977787
0.98181826
0.92744887
0.9973942
0.9844319
0.020287585
0.99560624
0.9673857
0.8270873
0.9959507
0.06222817
0.9982539
0.9317522
0.97805345
0.010313181
0.9092132
0.9971154
0.9938938
0.9691799
0.9899547
0.9969789
0.99919003
0.9603484
0.99439764
0.03826183
0.99677294
0.973958
0.99614394
0.99438125
0.8562795
0.69036674
0.99845123
0.911951
0.94528645
0.06966934
0.99683964
0.05528771
0.922051
0.99783677
0.1357605
0.99916375
0.76160395
0.99763024
0.9998092
0.07996845
0.46562108
0.59372133
0.7273755
0.9973092
0.99495584
0.9952148
0.9326715
0.99814653
0.997191
0.9844333
0.9906448
0.9897049
0.82263553
0.98808205
0.10223263
0.99420893
0.9789792
0.9949992
0.9917932
0.99800617
0.9860701
0.19013278
0.9922173
0.97795165
0.98092604
0.93079937
0.7047739
0.8281171
0.28875586
0.9940503
0.9778187
0.99126476
0.9992291
0.99364364
0.995939
0.06576948
0.03482898
0.9972765
0.97648007
0.99521196
0.9918716
0.024102787
0.035832725
0.9977563
0.98046416
0.99531555
0.999881
0.99517363
0.98803735
0.9921787
0.50417393
0.7271625
0.9990483
0.3807525
0.997733
0.8149494
0.9422796
0.91264325
0.78420687
0.7729656
0.9918572
0.99233025
0.99790406
0.536025
0.99680316
0.9962955
0.99550253
0.9987342
0.9924274
0.44645476
0.045175795
0.96833324
0.99491066
0.99912876
0.99117446
0.48234093
0.743825
0.99924505
0.56751364
0.9956104
0.98374075
0.9993782
0.9983766
0.9114335
0.99399745
0.99794394
0.9547669
0.9611844
0.0062867557
0.005251097
0.99368095
0.9948925
0.9680053
0.88352084
0.9596747
0.9928953
0.052446056
0.9876231
0.9975314
0.94433916
0.6910936
0.99995744
0.9885815
0.9948996
0.99994624
0.93818325
0.04568173
0.994572
0.99798894
0.9989637
0.9913816
0.98905283
0.04122132
0.9793163
0.9890625
0.9977943
0.8487813
0.9971414
0.9990544
0.74419093
0.16783175
0.997349
0.9943052
0.9943699
0.9965863
0.9970084
0.9009337
0.99698895
0.9525391
0.92984223
0.9963193
0.953395
0.99841297
0.9858322
0.78040904
0.9443788
0.9523822
0.2577876
0.9977996
0.009807451
0.99840003
0.9968707
0.9992544
0.98636496
0.9457194
0.9925997
0.9986136
0.7871105
0.9871465
0.99379736
0.9996151
0.9561605
0.03973476
0.8826894
0.76546293
0.83730495
0.85451925
0.9984359
0.9792468
0.9697871
0.9866388
0.016087575
0.9460699
0.99348396
0.974396
0.99813217
0.9972792
0.9979836
0.99793684
0.99288744
0.0040341215
0.10856444
0.99508613
0.962847
0.9913681
0.99704677
0.94876796
0.64700305
0.97753865
0.99761224
0.9986455
0.99819666
0.999892
0.04977817
0.99980253
0.890851
0.9988009
0.9975414
0.748974
0.95770174
0.9999443
0.8738309
0.99819344
0.045194115
0.9975057
0.96458834
0.9902081
0.9967114
0.9994849
0.8488337
0.023209445
0.99923706
0.9997931
0.7390819
0.7390621
0.9830051
0.035265684
0.07502547
0.9996025
0.006880147
0.755774
0.30075702
0.99675757
0.7446506
0.98992527
0.026284097
0.9981377
0.9878704
0.99864644
0.98963165
0.99950016
0.04167592
0.9992908
0.7060636
0.9793042
0.9998404
0.99404716
0.99718434
0.98432434
0.99630713
0.38509288
0.7980658
0.06528702
0.9967738
0.98883957
0.6558781
0.9967249
0.98366666
0.8682716
0.05320091
0.5625802
0.9952123
0.99566936
0.99665195
0.9933455
0.98617166
0.9984629
0.9940819
0.07204758
0.8986565
0.99917245
0.99467576
0.9965463
0.12372216
0.49245664
0.99338454
0.9950954
0.9749987
0.016412005
0.99158
0.255613
0.45001253
0.892276
0.6504536
0.004326452
0.04028823
0.7366181
0.9948939
0.9987639
0.9980331
0.987086
0.9969903
0.304702
0.998575
0.99871266
0.9963882
0.013665574
0.98856854
0.9946241
0.333436
0.98464334
0.9972362
0.9776254
0.99737084
0.9888271
0.9982931
0.9066906
0.9975672
0.9955179
0.9985293
0.0040827
0.021436296
0.9921332
0.9961965
0.96339417
0.9945109
0.99185795
0.9985411
0.9943684
0.9836219
0.99422884
0.9887954
0.040188096
0.9442895
0.7776556
0.8656281
0.97367543
0.99528056
0.9981741
0.3409565
0.99279755
0.99003905
0.9917459
0.95157915
0.9985629
0.030601777
0.9938658
0.9965731
0.050672896
0.9970356
0.9652878
0.99764913
0.99438226
0.24433446
0.50075954
0.048238404
0.016989864
0.0046002525
0.050478812
0.84960914
0.9605448
0.93055993
0.99549603
0.97881156
0.999877
0.9981888
0.30004042
0.99498296
0.998243
0.9839452
0.043488175
0.9982804
0.96854705
0.99520725
0.94677466
0.965191
0.7192483
0.8825711
0.9900885
0.08676512
0.84765434
0.9979335
0.9941227
0.99923015
0.9964766
0.9950682
0.99850595
0.99155504
0.9980464
0.99865544
0.06791762
0.1651018
0.9757218
0.996834
0.27641624
0.371288
0.998355
0.9976114
0.9875886
0.99645716
0.9996989
0.99587905
0.5926042
0.966968
0.996068
0.8658697
0.9989403
0.9564961
0.99523586
0.9826475
0.99713093
0.99763095
0.6557332
0.018378079
0.99612135
0.9896791
0.98982006
0.9930233
0.99808466
0.993389
0.9964881
0.9999125
0.98985785
0.99431026
0.9976514
0.9981577
0.8090905
0.9923195
0.9956617
0.9978249
0.9120099
0.99259746
0.99967957
0.07988277
0.6118741
0.9999064
0.9955309
0.9639546
0.9939855
0.9997571
0.15034276
0.97378314
0.9962037
0.9958905
0.9645609
0.9868749
0.9950971
0.9971546
0.27703446
0.553962
0.9996865
0.99921024
0.9844282
0.92588
0.99737
0.94675165
0.0027489276
0.9975442
0.08756373
0.97716093
0.9821816
0.99447
0.3741494
0.9998747
0.9954346
0.897619
0.6453168
0.999482
0.96208173
0.94146115
0.99884075
0.9936941
0.91066206
0.9984102
0.9934818
0.99783677
0.99783343
0.2350001
0.9967141
0.5721063
0.9976646
0.06834806
0.004532324
0.9295672
0.99796295
0.06683472
0.17542511
0.99059874
0.9936225
0.99924195
0.6029174
0.036066625
0.9958389
0.9910563
0.6922916
0.8850366
0.99338794
0.98292935
0.9996032
0.9936893
0.84456974
0.03511357
0.9995541
0.9909051
0.02709538
0.03633733
0.9539861
0.8434658
0.99892825
0.99061334
0.9318763
0.9897037
0.9394692
0.9243525
0.9975898
0.97562534
0.89581126
0.89716727
0.9980305
0.9695784
0.065762855
0.995717
0.9947779
0.9966965
0.9985501
0.9986796
0.99084586
0.9333421
0.9544743
0.06944003
0.17678107
0.016825143
0.9916577
0.9966889
0.9977871
0.99754936
0.9963121
0.9940282
0.7193691
0.9984225
0.039132338
0.9550489
0.9962368
0.9952041
0.99520004
0.103823826
0.635551
0.9973475
0.9398528
0.06131973
0.99895203
0.98122853
0.98008144
0.89830196
0.9976942
0.99705315
0.9983248
0.98017806
0.9975654
0.6066936
0.98230284
0.99778724
0.97451085
0.9985297
0.99615544
0.999908
0.064874664
0.95376736
0.99811625
0.9974011
0.051191263
0.98095655
0.9892313
0.98968226
0.99514717
0.99639904
0.9723318
0.0057174894
0.9961345
0.9937356
0.008342407
0.99712986
0.9970516
0.9866781
0.99758863
0.9436115
0.9721121
0.98233
0.99844533
0.906735
0.0630098
0.43906265
0.99383575
0.9443073
0.8873172
0.067608334
0.9849739
0.9911979
0.99549353
0.99827826
0.99743086
0.9991943
0.015480441
0.99293184
0.010391005
0.8740833
0.9714875
0.99783355
0.9943731
0.997338
0.99697137
0.037457533
0.050582893
0.9935115
0.99559504
0.9944877
0.015787346
0.019405225
0.9987256
0.9984817
0.9985165
0.027434886
0.9956514
0.9964085
0.9976635
0.93855566
0.9959663
0.99805474
0.9209524
0.9856505
0.9970618
0.03395493
0.99460226
0.006952833
0.99725336
0.99710256
0.9952402
0.9830693
0.9972119
0.9977816
0.9983596
0.99730515
0.9992181
0.9974814
0.9996685
0.9945675
0.9990926
0.9994541
0.94773465
0.9977604
0.99548966
0.9995579
0.9930073
0.11927076
0.01663413
0.99753475
0.98760766
0.9972844
0.9923685
0.08190127
0.04416779
0.990114
0.896419
0.9880756
0.99274504
0.9977592
0.9955733
0.9971455
0.6787654
0.9952572
0.9983693
0.9920047
0.025125375
0.9983577
0.99694294
0.99414474
0.9927337
0.9904827
0.99259937
0.5628286
0.5460511
0.9999286
0.8345921
0.024887692
0.98569286
0.99898964
0.99821436
0.9968387
0.9983374
0.99536645
0.99635714
0.15226822
0.9971871
0.5666858
0.9839056
0.9932272
0.975144
0.95857054
0.9926649
0.010213936
0.32844096
0.010868914
0.9987023
0.9777191
0.9690833
0.96121514
0.380631
0.69486386
0.982886
0.99640864
0.999238
0.11623944
0.7548477
0.11344945
0.9890576
0.80659276
0.734047
0.37414375
0.9979672
0.99762636
0.5524202
0.9962843
0.5587793
0.94843596
0.9975401
0.945361
0.9981353
0.9999473
0.9882621
0.99661356
0.98802966
0.9658486
0.033194747
0.97417825
0.9985885
0.951255
0.9791697
0.012098061
0.99853325
0.13305636
0.9419561
0.99785453
0.99737453
0.8783934
0.99916875
0.035370443
0.54790366
0.9936726
0.36879542
0.31573015
0.9981692
0.9466733
0.9892278
0.96892154
0.8043653
0.9980566
0.98487526
0.99681526
0.9078914
0.6438987
0.9954461
0.99616146
0.98672545
0.018271886
0.97940606
0.018143458
0.44950363
0.99899787
0.99994624
0.6424092
0.9989754
0.98927957
0.98783547
0.6933731
0.93256533
0.9845083
0.01942442
0.99895006
0.01076371
0.9947126
0.9966354
0.9972429
0.9999362
0.99188167
0.9982874
0.9870631
0.9966413
0.059041914
0.998197
0.9976828
0.5390862
0.9490837
0.9961436
0.9915519
0.9577969
0.9959486
0.06752453
0.99031407
0.98800963
0.9715106
0.99395955
0.9969471
0.99386346
0.99695885
0.17989668
0.99634653
0.99753547
0.9916013
0.11293458
0.048730027
0.9991714
0.9931572
0.9977779
0.9960741
0.97418505
0.98382354
0.9990559
0.5127223
0.9936813
0.9895572
0.85387033
0.8992297
0.989106
0.031411417
0.99905115
0.9995839
0.9975085
0.9992213
0.97884935
0.9995871
0.01054388
0.7075056
0.9970504
0.9937458
0.9999063
0.987294
0.9974625
0.99822146
0.9911199
0.9916598
0.95438564
0.9961099
0.9973833
0.9984149
0.99880123
0.9996451
0.9974027
0.99226135
0.9957973
0.006266018
0.9960842
0.9983759
0.99915206
0.016727833
0.9997311
0.9954384
0.99893206
0.99986017
0.81485194
0.99413234
0.9973253
0.8344367
0.9192838
0.99619675
0.048487112
0.9966851
0.9939545
0.9868285
0.9944872
0.98281306
0.99159193
0.0862683
0.9077274
0.99907374
0.9968797
0.009966787
0.94457424
0.9927665
0.95988774
0.990877
0.0331924
0.8188248
0.87780863
0.9932899
0.9952507
0.9902774
0.99767274
0.99712306
0.99894446
0.9993099
0.9963638
0.99238443
0.99214196
0.9988287
0.9789701
0.99779344
0.9925856
0.9968665
0.07619985
0.9954189
0.99403524
0.07121339
0.025374148
0.9987785
0.99856514
0.992027
0.9962373
0.99655944
0.94357723
0.43240654
0.9972126
0.2699754
0.97657317
0.9981188
0.821619
0.98265934
0.9908408
0.99636984
0.99772996
0.3695132
0.9977939
0.9927799
0.9774225
0.02886193
0.9971366
0.99967086
0.94883335
0.93379194
0.9985663
0.9950348
0.9910806
0.99622834
0.99525046
0.016541762
0.99352443
0.9879408
0.9915223
0.99453616
0.8854759
0.88617915
0.99243087
0.990926
0.9569194
0.9935033
0.9972133
0.9928912
0.95442265
0.9909185
0.665166
0.949152
0.9983765
0.9621954
0.93100494
0.010967441
0.9988738
0.985033
0.99708015
0.8574639
0.0416261
0.074040085
0.9991053
0.95782584
0.99254626
0.9700313
0.9946038
0.95303226
0.99242616
0.9934883
0.9960193
0.743354
0.9929402
0.91002184
0.9785525
0.99776304
0.9952767
0.98900115
0.96341926
0.9865965
0.35666674
0.14180179
0.92035985
0.99406993
0.84171486
0.99351305
0.9943849
0.99824727
0.9938234
0.73074657
0.99567056
0.9004726
0.27126646
0.98197204
0.016441042
0.9782485
0.99904794
0.9767919
0.9712432
0.03382765
0.99707043
0.9386314
0.012612829
0.6471399
0.8081317
0.8188331
0.98362005
0.9925673
0.99003917
0.82849777
0.999421
0.9988556
0.9878491
0.9392602
0.012264764
0.9809537
0.8782945
0.16765517
0.009645129
0.9917746
0.9988912
0.99928206
0.98600405
0.992258
0.9932613
0.99861395
0.81174964
0.75698227
0.9489415
0.024933398
0.9995782
0.9979499
0.9473606
0.54841477
0.99820936
0.9569182
0.9972554
0.94807804
0.62144226
0.95091003
0.9794206
0.017421413
0.9995453
0.99049956
0.9967445
0.9969963
0.99800843
0.9665337
0.9060881
0.99113387
0.9987649
0.27521348
0.97636014
0.9506091
0.9465881
0.99185926
0.9889591
0.9765173
0.9934661
0.81170464
0.99744165
0.99458814
0.005727764
0.19868357
0.119680144
0.9979924
0.99068797
0.94306433
0.9964372
0.97026384
0.99315745
0.9207727
0.96456945
0.19324191
0.9975835
0.9958402
0.9861093
0.98672885
0.99761343
0.9973138
0.13135864
0.8475742
0.98282397
0.99346876
0.98281556
0.99767536
0.9565638
0.020270381
0.9973882
0.99778926
0.998811
0.9921068
0.89376813
0.99433523
0.93930155
0.48516923
0.99881566
0.041497856
0.98969215
0.9873756
0.29982352
0.92158353
0.11174657
0.9408906
0.9988311
0.25957963
0.9807186
0.7538638
0.99563307
0.9943697
0.050674755
0.52378523
0.9684988
0.9607884
0.9990676
0.8975736
0.9920283
0.9860941
0.9764063
0.9903555
0.9981184
0.052607555
0.98997855
0.9671527
0.99292094
0.996962
0.99809164
0.99872535
0.99678195
0.98872375
0.995736
0.99470323
0.995255
0.98790246
0.9866261
0.99826044
0.99306023
0.99306506
0.99429685
0.5645687
0.98977715
0.88211495
0.9987412
0.09278067
0.92919314
0.08879593
0.99858654
0.04131107
0.99648225
0.0055115577
0.99755573
0.5825325
0.4277694
0.1304824
0.997789
0.9969572
0.993507
0.99735105
0.83574
0.9758362
0.06372135
0.9993765
0.99828136
0.9995988
0.7812124
0.9999385
0.99901867
0.0075175436
0.99934953
0.8106135
0.99194676
0.999907
0.99749136
0.99499464
0.9766376
0.046735983
0.7101059
0.9997973
0.9963804
0.9395052
0.86950415
0.071340464
0.9751415
0.99639744
0.997324
0.988669
0.0062264246
0.99854916
0.9914904
0.9929202
0.9977452
0.091797225
0.9976088
0.9887765
0.9990828
0.9959323
0.0817629
0.99991095
0.9954998
0.69939035
0.9947513
0.9954947
0.73401463
0.8668493
0.99111277
0.9978877
0.9830245
0.008035837
0.9989737
0.9953258
0.99866927
0.9959441
0.9987821
0.99842215
0.9905042
0.9918337
0.037109546
0.82309484
0.9973265
0.99917895
0.9993544
0.9599298
0.9916517
0.9966757
0.9855407
0.01494208
0.9739411
0.9799501
0.99595886
0.9929155
0.047922444
0.010876166
0.9966059
0.4902637
0.99518603
0.15605222
0.99315953
0.9781321
0.07233544
0.9931458
0.9810544
0.9937086
0.9891426
0.9992761
0.7339003
0.99539584
0.8621622
0.9979754
0.95127916
0.99690694
0.9922969
0.97691363
0.99775094
0.99543035
0.16635442
0.9915285
0.88336277
0.052527547
0.9931252
0.98562765
0.3563956
0.99687696
0.9933028
0.99617994
0.9955218
0.9902891
0.9968815
0.9839357
0.989021
0.97242266
0.032352198
0.9996275
0.9233801
0.99900585
0.91348153
0.9900511
0.99841046
0.9766757
0.62156564
0.04130639
0.9969291
0.97395724
0.16721231
0.036395498
0.9903736
0.9997167
0.9979703
0.9489133
0.038737748
0.9988172
0.8624745
0.99214244
0.93690646
0.9983941
0.9992586
0.20353985
0.8406671
0.937289
0.97856516
0.9971762
0.9994809
0.8226937
0.99554235
0.9986191
0.999845
0.98799163
0.9861972
0.9987412
0.9961557
0.99931824
0.9975095
0.9985662
0.951671
0.9916681
0.9848572
0.98939973
0.994686
0.9875408
0.9967803
0.99804664
0.9985109
0.9931601
0.22308329
0.99044436
0.7714493
0.9943844
0.9979395
0.9105466
0.9878699
0.62255794
0.9904525
0.9915059
0.99602413
0.9973623
0.28194442
0.99988234
0.46614668
0.9889683
0.8778147
0.99263823
0.91054183
0.00934835
0.9734042
0.99689156
0.9906324
0.998495
0.97699237
0.9571147
0.9964784
0.010549379
0.99593997
0.9956143
0.9980459
0.028328784
0.99656725
0.8200218
0.99709225
0.94234306
0.99929154
0.8839511
0.98784584
0.9837827
0.025452347
0.98758894
0.991459
0.9992673
0.99792284
0.99778086
0.08888544
0.9999782
0.9972155
0.99713886
0.983225
0.96256834
0.9999399
0.6437781
0.11241556
0.9999368
0.48453024
0.14440773
0.99815553
0.019363413
0.99809426
0.9996989
0.9974316
0.9909223
0.99177426
0.8432984
0.9954797
0.037064403
0.09930461
0.58081275
0.998818
0.99883395
0.0037880442
0.9973647
0.9979786
0.9650234
0.9864029
0.9998542
0.994414
0.9961182
0.046862196
0.9917208
0.9693978
0.90177387
0.047010016
0.99496174
0.995889
0.9974607
0.9893729
0.3592245
0.97960335
0.06006293
0.9988034
0.9987287
0.03945345
0.98152494
0.900773
0.9962346
0.44681525
0.33589253
0.99193853
0.9993728
0.83226866
0.97567606
0.005528832
0.9976554
0.6689142
0.006027557
0.99884987
0.9948378
0.9917973
0.99214375
0.96923244
0.9857759
0.99799407
0.995297
0.94882464
0.9988103
0.9986518
0.99865484
0.8704215
0.91247857
0.99623907
0.0060607702
0.9843156
0.9963122
0.6870391
0.9816713
0.99822134
0.9863333
0.8391624
0.99789375
0.9726078
0.9908511
0.1887541
0.91109973
0.83625805
0.97782886
0.04366685
0.054114807
0.18375212
0.9900484
0.9967962
0.07415748
0.9997472
0.99481034
0.983123
0.9946733
0.012705308
0.99174964
0.98661256
0.99580884
0.95103675
0.9944272
0.28154334
0.99966276
0.99786
0.99082464
0.06567896
0.9900961
0.99338657
0.99976736
0.81812704
0.27963433
0.20970315
0.9973435
0.99364483
0.98388517
0.9991073
0.9778842
0.9398311
0.020067856
0.8449397
0.9902007
0.9962494
0.99817085
0.99099827
0.015608957
0.9699831
0.99527293
0.99629873
0.9594064
0.9919127
0.9969373
0.03202708
0.071755834
0.99704844
0.9921969
0.9917408
0.48572627
0.9801499
0.99321496
0.9856871
0.97514707
0.9969379
0.010145945
0.99406576
0.9927112
0.9961176
0.9949597
0.99376667
0.9986946
0.8987597
0.99552274
0.9919281
0.9996706
0.9901248
0.10341958
0.99861276
0.9843965
0.93837
0.9886165
0.88796294
0.035344645
0.9166522
0.98956084
0.034071565
0.9881445
0.012941349
0.9910405
0.8211139
0.52042675
0.9736009
0.07271705
0.9530486
0.016565586
0.9818102
0.99981695
0.9913516
0.9985637
0.25551346
0.99709487
0.9899615
0.9890891
0.123155
0.10755734
0.98900664
0.85004604
0.7936279
0.03828591
0.99277824
0.99870443
0.045255184
0.9950665
0.9984458
0.9988788
0.045560773
0.02020212
0.73871434
0.9955011
0.9990908
0.9977229
0.95823425
0.990825
0.995229
0.9987877
0.99498534
0.9100543
0.9933001
0.9957842
0.05504797
0.99088645
0.9880519
0.87403804
0.99915767
0.037601653
0.99634856
0.99712867
0.17994694
0.9976071
0.9943078
0.018044649
0.9583823
0.9993381
0.9986909
0.998447
0.028304301
0.99945396
0.99655473
0.95218176
0.9952165
0.9999285
0.9415758
0.14748515
0.97697073
0.9720104
0.9879126
0.63101494
0.012234652
0.9949951
0.99052083
0.02054806
0.99876404
0.997623
0.99771273
0.92125714
0.93835723
0.9973705
0.9930507
0.97405064
0.01414325
0.90788186
0.99738866
0.9941459
0.9986499
0.26126525
0.0148067195
0.9998965
0.9980388
0.98481596
0.758814
0.034098092
0.97355676
0.022063654
0.994288
0.9907116
0.9787168
0.0062314626
0.022031205
0.9950388
0.9941011
0.99913824
0.9968593
0.99970204
0.9984491
0.9994369
0.9989919
0.98722976
0.99630547
0.99698395
0.9418504
0.99196726
0.062105663
0.9066131
0.9312035
0.7342511
0.009826426
0.49940217
0.7956156
0.9946201
0.933659
0.9953158
0.9978788
0.99702233
0.9994615
0.99481446
0.9916665
0.9969739
0.98819435
0.95111406
0.9933803
0.99045724
0.005503874
0.04408165
0.99364024
0.86915004
0.99863535
0.7255557
0.9943224
0.9987348
0.99949193
0.9983364
0.9988649
0.8185806
0.99655616
0.011897671
0.032987498
0.80543274
0.005054825
0.69928485
0.9984341
0.9879403
0.28647578
0.06410625
0.99992394
0.99838555
0.99212074
0.99210346
0.9900815
0.99671847
0.9956886
0.1195735
0.99730814
0.99792874
0.76854277
0.9568528
0.99199635
0.8040885
0.99938893
0.99005544
0.9977168
0.99725133
0.98028356
0.9795395
0.7043395
0.99771047
0.84553605
0.99942636
0.99891984
0.9966853
0.995613
0.99184704
0.99328995
0.99823356
0.9909672
0.98081553
0.99616635
0.99460405
0.9961915
0.962368
0.9941858
0.99373007
0.9904143
0.6419753
0.9928873
0.9895046
0.906557
0.9989329
0.9775254
0.005177949
0.01657167
0.8964093
0.9783553
0.99979454
0.99974555
0.99915195
0.30823156
0.9982139
0.99547476
0.89784
0.8683178
0.6362307
0.9934163
0.0438239
0.6040214
0.00708103
0.03305378
0.9966689
0.9950867
0.9247592
0.9865841
0.9520128
0.99832326
0.8347848
0.98574346
0.8093844
0.99792814
0.99217916
0.5386404
0.9906064
0.99011314
0.5956507
0.99911684
0.83495843
0.9971028
0.9321869
0.2759817
0.9910924
0.9239609
0.99932957
0.9687515
0.9919316
0.005316712
0.9980276
0.9998179
0.9998485
0.44399264
0.9985911
0.76823926
0.99676466
0.99608177
0.99691653
0.39293003
0.99986386
0.80176294
0.99984396
0.9979796
0.9861261
0.5797838
0.99915886
0.9940783
0.0076864325
0.92697436
0.99614453
0.018467965
0.94899595
0.9982679
0.99409497
0.99787426
0.064713195
0.9973248
0.9744753
0.9048726
0.9554393
0.9766625
0.040087283
0.99983525
0.989204
0.99240416
0.9974179
0.9991617
0.752954
0.0062330514
0.9981811
0.99709797
0.9117813
0.9977301
0.99474746
0.9849946
0.9820287
0.99068695
0.952476
0.98892605
0.82233256
0.9916495
0.95332414
0.96151966
0.8336479
0.99838686
0.025385328
0.9959651
0.9959418
0.0033957537
0.99367875
0.9572176
0.9985355
0.9893595
0.84958607
0.99772435
0.9951434
0.9964012
0.7562373
0.999759
0.057485294
0.9801483
0.9700144
0.9997688
0.9955356
0.99571264
0.9985055
0.9991768
0.97776365
0.99868983
0.74468
0.08467947
0.98369884
0.98553073
0.41515213
0.03937839
0.9989667
0.9802223
0.034934398
0.9547265
0.997465
0.97955656
0.9877501
0.9993687
0.7228014
0.9964393
0.99618006
0.002855946
0.94157314
0.9570611
0.98246187
0.9995209
0.99657875
0.072112665
0.9985927
0.9994017
0.9787709
0.99645823
0.99569345
0.84300816
0.98884016
0.99994004
0.9968907
0.9971764
0.030188456
0.9814399
0.03487397
0.99140793
0.8311868
0.99243826
0.030852582
0.99395096
0.9967908
0.96204567
0.99939406
0.9785364
0.7577287
0.9376737
0.8585424
0.9968784
0.9998135
0.7468139
0.9535357
0.9615936
0.9880939
0.23922622
0.07728536
0.99495476
0.9945522
0.9955315
0.9935777
0.9958072
0.9602155
0.85860157
0.9874277
0.9976693
0.9924689
0.9831769
0.86582285
0.9987118
0.99968565
0.9048432
0.9978162
0.8067099
0.9905494
0.9968411
0.0318247
0.9976145
0.8997812
0.9787446
0.99239105
0.97864074
0.99672604
0.8656062
0.9985569
0.99687433
0.9042415
0.99557257
0.79510146
0.16232015
0.020519156
0.9736535
0.9985373
0.94899404
0.040665973
0.46487886
0.99854565
0.99280167
0.99354047
0.9980482
0.027081857
0.997769
0.9796514
0.99411595
0.99912673
0.9872242
0.9857428
0.9893372
0.9650776
0.9919166
0.03927539
0.99898857
0.9941425
0.9987779
0.15793596
0.96455497
0.16510224
0.99667054
0.15287383
0.04573253
0.9955647
0.4639379
0.9293656
0.11667649
0.98511964
0.8909122
0.12345018
0.86473274
0.99973816
0.16616777
0.0337273
0.9689965
0.018159648
0.9975133
0.996461
0.99537647
0.9940058
0.9893526
0.75904405
0.9980653
0.9974443
0.99790335
0.7863171
0.9982925
0.009626958
0.9892102
0.9952507
0.9587452
0.015337744
0.01839434
0.9981323
0.9974936
0.99360985
0.9949575
0.5461627
0.9983296
0.013712649
0.9987513
0.9985599
0.99875116
0.007137587
0.1571702
0.9830716
0.9948009
0.99502736
0.99644595
0.99460655
0.9966312
0.583772
0.9772076
0.998887
0.99536824
0.9708619
0.8875291
0.9985727
0.26025006
0.9998796
0.9983518
0.9984565
0.99841654
0.990831
0.99286604
0.9974496
0.98751706
0.98998266
0.98452675
0.09020223
0.9615167
0.48385876
0.9849406
0.008852998
0.040412176
0.997283
0.999032
0.99993145
0.21283817
0.98382944
0.99548066
0.54852706
0.94397986
0.7230534
0.9941702
0.6480201
0.9802904
0.024400258
0.9972831
0.009433331
0.03283844
0.9922948
0.9981432
0.15387386
0.99894434
0.99272716
0.99901307
0.9986933
0.9981476
0.98588264
0.9843233
0.9956381
0.20618188
0.98190147
0.88608205
0.99484324
0.99541855
0.9861763
0.995424
0.012305718
0.9852278
0.99868625
0.9779717
0.9869425
0.5341226
0.9968585
0.13206096
0.6592565
0.99297637
0.99244505
0.9881213
0.9744669
0.1925386
0.99945873
0.95189077
0.315913
0.9186623
0.87116915
0.99937916
0.9596812
0.99412584
0.99822575
0.99529284
0.9978017
0.9951401
0.9964142
0.9803091
0.9835323
0.9486526
0.9986601
0.9575642
0.8259364
0.99580693
0.97360724
0.037815787
0.9894455
0.9446629
0.8386294
0.9982521
0.80926454
0.025392272
0.99760455
0.8190081
0.9758725
0.9981384
0.037413806
0.99843997
0.8500298
0.99676514
0.9874679
0.99668556
0.9941962
0.9961804
0.6654067
0.020876998
0.7257517
0.88900733
0.97405916
0.9910857
0.44194093
0.11585295
0.07795877
0.5721374
0.9946609
0.995626
0.88691324
0.9975629
0.0014054967
0.99995136
0.8903677
0.9631345
0.9913566
0.97956836
0.92359906
0.99402446
0.99836296
0.9980959
0.96569455
0.84049785
0.05575216
0.9947189
0.03794149
0.92534226
0.9994918
0.9890147
0.98684675
0.99425226
0.9986778
0.98360205
0.9806964
0.99975854
0.5422241
0.9953015
0.99764985
0.9960129
0.99019885
0.99525994
0.9980732
0.8878477
0.9967974
0.99780923
0.87083834
0.99459153
0.9865498
0.030618047
0.9993767
0.9892608
0.94353855
0.99389416
0.07365165
0.9998487
0.9971921
0.9907403
0.06680696
0.9844514
0.9489921
0.9998746
0.056024455
0.99989414
0.98884076
0.9997002
0.99647766
0.13367483
0.9979619
0.07235051
0.4771348
0.978239
0.99458635
0.888386
0.9982217
0.9970227
0.9940209
0.99189985
0.41674367
0.9957425
0.9931437
0.99412847
0.8854796
0.75826234
0.80847335
0.9725152
0.992463
0.9939405
0.99939835
0.123159744
0.9952129
0.99737096
0.9972721
0.9991903
0.9987953
0.9982413
0.99543166
0.9975896
0.99959356
0.9957729
0.9985032
0.98372275
0.87495023
0.99770015
0.95049417
0.46603057
0.97930646
0.99914634
0.99886656
0.9976688
0.92523074
0.9983742
0.99823487
0.98475975
0.9954946
0.9952226
0.026083538
0.99528605
0.9560991
0.9992723
0.72837615
0.97716004
0.9596934
0.99784386
0.015751364
0.98939973
0.0072191493
0.99838793
0.9988078
0.010721149
0.037618864
0.9986966
0.7385197
0.60678214
0.9984724
0.9143901
0.99741435
0.986963
0.18598944
0.94846684
0.99776435
0.99837637
0.9969175
0.9998354
0.7769754
0.99574393
0.02419283
0.99783236
0.97384906
0.9812042
0.9965913
0.42125428
0.9355741
0.99819165
0.78581154
0.9960234
0.9932433
0.9916997
0.9645424
0.99682415
0.99645436
0.21781622
0.99930346
0.9879411
0.96132845
0.93381834
0.9976774
0.9512793
0.9970921
0.029489568
0.061777577
0.9995254
0.9935236
0.99191475
0.99637103
0.9925761
0.96832645
0.997715
0.9964587
0.9297058
0.99773055
0.99918646
0.032582764
0.99832934
0.04025322
0.9975962
0.99148494
0.9619242
0.027783442
0.98541707
0.92283386
0.9991721
0.01825652
0.9898516
0.996007
0.98460335
0.9990219
0.99415004
0.98847276
0.039109543
0.9891216
0.9949325
0.06956316
0.99908006
0.99977225
0.98188055
0.9970849
0.98048615
0.9781562
0.9771088
0.99307853
0.9262058
0.99389267
0.018485498
0.8243184
0.99905735
0.99930596
0.9866208
0.99785537
0.9978806
0.70661163
0.98852193
0.9970241
0.015580313
0.99917275
0.95710194
0.015076975
0.99365085
0.9736191
0.8973175
0.9939896
0.94584525
0.46450195
0.9960239
0.99888545
0.9542683
0.9976878
0.043435127
0.9960376
0.09609888
0.9980135
0.6392294
0.78544647
0.99781847
0.8613775
0.611652
0.99156195
0.99838984
0.96797645
0.99672323
0.013921374
0.9955022
0.9998665
0.99795556
0.9879782
0.9946464
0.99815935
0.893693
0.99832696
0.99982005
0.04322724
0.9867784
0.98661476
0.009812727
0.6831646
0.49525186
0.89978504
0.9682344
0.1323153
0.9691575
0.007481186
0.99983335
0.05208065
0.9953963
0.9986223
0.049160846
0.9936178
0.022677181
0.9999101
0.98293996
0.971485
0.9716063
0.99140984
0.99370754
0.15308353
0.9971336
0.012530864
0.9229208
0.99673223
0.99706
0.99599826
0.9904351
0.99741554
0.9863251
0.9950336
0.9909933
0.9628017
0.10144481
0.9953458
0.9954834
0.017351827
0.9990933
0.06362206
0.99941874
0.63796043
0.99504846
0.98550504
0.9689455
0.98759556
0.0057946616
0.99387383
0.97196937
0.09142404
0.003444249
0.9910149
0.95936865
0.9960908
0.90627426
0.3510484
0.8297094
0.0541013
0.99423605
0.9966491
0.99649894
0.9884984
0.99430275
0.9954632
0.901585
0.97206813
0.9967608
0.97691786
0.9965836
0.9197797
0.9892218
0.9885584
0.98596627
0.9972018
0.10416991
0.98381156
0.42935777
0.054059245
0.011941795
0.9953629
0.99424237
0.011721742
0.99874496
0.04129118
0.9981323
0.9908312
0.9982747
0.9746756
0.005462509
0.9636406
0.9934504
0.97904736
0.9934802
0.13745978
0.9998555
0.9123086
0.9869552
0.47725987
0.95269597
0.9985769
0.12957495
0.87030655
0.9978275
0.9857778
0.9939241
0.97622126
0.9916854
0.9962329
0.30785525
0.9901841
0.06420276
0.99920076
0.016617332
0.9150498
0.90448374
0.97121596
0.9984623
0.020286988
0.16176583
0.9921217
0.9956285
0.87585276
0.9483005
0.19951887
0.01382953
0.99800557
0.99886787
0.010072613
0.99789727
0.74920034
0.9973755
0.009647785
0.9369646
0.8745054
0.9997459
0.8114417
0.99406284
0.9950459
0.9972562
0.7781618
0.99903107
0.99772483
0.9996675
0.9454053
0.9915856
0.9961747
0.99016553
0.6716739
0.90425515
0.99770916
0.93675196
0.83600754
0.9080634
0.6532141
0.62180233
0.9828341
0.5998754
0.99856085
0.027837744
0.997331
0.99072003
0.024505055
0.01166467
0.9984616
0.99986947
0.01212788
0.99636686
0.20468828
0.9891627
0.9981925
0.99775714
0.9901681
0.99707747
0.99948955
0.062416725
0.99265724
0.3456658
0.079520755
0.9915724
0.9482492
0.99989355
0.99725085
0.99993956
0.9944817
0.97501105
0.9480871
0.011219661
0.9868824
0.9952172
0.99843544
0.9900113
0.9863115
0.9997731
0.9989604
0.96730596
0.9904558
0.84585315
0.99357337
0.9971444
0.058088437
0.9817873
0.9974241
0.9897765
0.99636346
0.98822534
0.9677421
0.9424603
0.9916328
0.9995043
0.9893622
0.014972528
0.9931815
0.9969921
0.99633825
0.9994741
0.99458367
0.9968746
0.023993934
0.9978479
0.024845667
0.99678695
0.99189985
0.99407804
0.9951887
0.18502444
0.008643724
0.11389169
0.97662544
0.10885583
0.007422876
0.997387
0.9941341
0.99719256
0.9949687
0.12563947
0.99812406
0.98066586
0.9963799
0.99945015
0.9985745
0.17447743
0.99905854
0.97529685
0.9393188
0.8522175
0.84891284
0.97895265
0.99539655
0.9571934
0.9887911
0.92256206
0.9985127
0.9935563
0.9981629
0.99573827
0.9984238
0.019009
0.9965867
0.9891017
0.11300662
0.99461854
0.99942493
0.9969236
0.45936677
0.034479994
0.9920467
0.9995946
0.99816704
0.99005777
0.006656437
0.99847025
0.19738115
0.9875789
0.9938019
0.9964527
0.99297696
0.99555135
0.99081355
0.382337
0.9952473
0.79551315
0.99142236
0.99339104
0.9991516
0.9935829
0.019869171
0.90194607
0.98347485
0.20082822
0.9990293
0.99573493
0.99001515
0.98917764
0.56792223
0.6322952
0.09155349
0.99684036
0.9988931
0.97894955
0.8448452
0.005009861
0.030950159
0.56967926
0.9929476
0.009173852
0.99836224
0.961628
0.9983429
0.93168926
0.99966097
0.9968348
0.98734206
0.94185746
0.99700975
0.9903985
0.016173504
0.9981053
0.99027807
0.058831345
0.9925217
0.9989812
0.00738324
0.9995616
0.9955706
0.9992587
0.97343487
0.013167625
0.02557978
0.8475362
0.99740607
0.82867604
0.99548835
0.9992963
0.9972325
0.9751243
0.9977596
0.99089843
0.97031164
0.025128156
0.9982169
0.98762554
0.51828325
0.3012212
0.9678541
0.9944593
0.9994862
0.0287306
0.9995913
0.123367675
0.9140026
0.99159086
0.99516255
0.95837563
0.35387254
0.99915206
0.9999169
0.045223705
0.49350628
0.9997676
0.9936086
0.99795437
0.026049437
0.019009281
0.9237715
0.03552282
0.9981248
0.051517554
0.9857848
0.99620444
0.99293065
0.47502044
0.83354676
0.984574
0.9880679
0.4767732
0.99634224
0.9975279
0.89192176
0.98821825
0.030259276
0.14395317
0.9948756
0.99702245
0.99578875
0.99703
0.9989888
0.025337052
0.89290905
0.88700795
0.9981232
0.99578863
0.020797594
0.98303
0.9984334
0.9966467
0.43386662
0.50553477
0.9996432
0.9016386
0.9844358
0.122055456
0.0044872984
0.99796826
0.9998692
0.016707633
0.9913435
0.99719316
0.99137795
0.99890435
0.9952988
0.1180417
0.99209505
0.99169695
0.8635896
0.013886666
0.9982389
0.99691474
0.25763977
0.99937373
0.9930636
0.020530272
0.9881301
0.9959268
0.98014647
0.99863094
0.9552238
0.979618
0.99704856
0.9906081
0.99399745
0.9994466
0.999201
0.9299369
0.9671319
0.994882
0.02283499
0.9980082
0.9139453
0.021917935
0.028356077
0.8963961
0.21685617
0.24657251
0.9974617
0.37555
0.0084353825
0.9949773
0.9993907
0.9891367
0.9957624
0.5263966
0.16028005
0.9971945
0.004590507
0.9967002
0.9968213
0.98695636
0.99881506
0.9936706
0.94718236
0.99815744
0.8854064
0.9628219
0.69288117
0.99219936
0.854157
0.9925644
0.92006814
0.9950311
0.59370947
0.37572145
0.7531118
0.9092019
0.81857693
0.9945511
0.99627566
0.97293484
0.9959914
0.9978877
0.997849
0.97419894
0.9655317
0.9686118
0.99873585
0.9982016
0.98695356
0.93802834
0.9953703
0.9803151
0.99557674
0.99233454
0.9969645
0.91747785
0.99671566
0.031804044
0.038836185
0.03243295
0.09302302
0.96489686
0.7018442
0.99458754
0.026799163
0.9931177
0.9993493
0.99921787
0.9966562
0.98925924
0.9456971
0.9674789
0.008619882
0.99562484
0.08070239
0.4146499
0.11843587
0.99995744
0.99797124
0.002179152
0.10468753
0.8906685
0.9970579
0.98258454
0.9924811
0.9961564
0.99718946
0.08856723
0.9995332
0.37630782
0.008902098
0.9952813
0.98513633
0.99869114
0.9949181
0.99334997
0.99262625
0.9981502
0.99736965
0.9984831
0.99410605
0.9800403
0.9897227
0.7051035
0.75843006
0.9567204
0.8179559
0.9762982
0.9945931
0.99727064
0.9967206
0.99398935
0.99472946
0.9976418
0.9944022
0.9954051
0.9125512
0.9873705
0.6222852
0.17329742
0.9569838
0.0932021
0.99157315
0.9497619
0.9977348
0.9951568
0.9981477
0.7712732
0.11776211
0.31664437
0.9956892
0.9982332
0.9847787
0.97270477
0.9994647
0.08019144
0.99976987
0.9973828
0.99126035
0.98420805
0.99780434
0.9798331
0.9991709
0.04867127
0.8692642
0.99637127
0.9975878
0.017608596
0.99617517
0.9963251
0.9917352
0.35558861
0.35641915
0.9982383
0.9946636
0.99808913
0.99414164
0.9943989
0.9971341
0.017329685
0.9971433
0.9953597
0.97037953
0.9968176
0.84722453
0.9962775
0.9960639
0.9993618
0.99452055
0.90446615
0.111871324
0.9580063
0.99673414
0.9982667
0.9921732
0.99495715
0.9954295
0.07021304
0.9957456
0.9052532
0.99108094
0.99829584
0.98944634
0.9066416
0.9908399
0.99866223
0.99749374
0.72271067
0.1493378
0.99018794
0.89939886
0.03715591
0.038047675
0.9974311
0.994206
0.009599106
0.9799693
0.9844099
0.9980096
0.99468356
0.99839944
0.9904883
0.9227271
0.943075
0.98090935
0.99711704
0.9978187
0.9959566
0.9984862
0.9961856
0.98878783
0.99549294
0.0067244824
0.8298071
0.9815485
0.308259
0.9954204
0.99578506
0.9929342
0.9971192
0.7956959
0.9994863
0.9982021
0.9832938
0.999912
0.9590773
0.0051735416
0.996077
0.9939726
0.989707
0.9942154
0.9988194
0.02620817
0.9988826
0.901503
0.12037867
0.95955354
0.98235947
0.9979977
0.99605894
0.9989648
0.9996482
0.057602856
0.6298217
0.99639374
0.19450946
0.9834907
0.9883095
0.9955754
0.10906828
0.99881727
0.40301302
0.99833965
0.9971934
0.9858058
0.98046654
0.992343
0.99835443
0.9270908
0.98801696
0.998381
0.99291575
0.99942917
0.9040763
0.99843687
0.030294318
0.8451459
0.99513656
0.05318948
0.97574866
0.9113503
0.0410756
0.9960349
0.97534966
0.019813579
0.98632926
0.98710024
0.8755696
0.998429
0.9975925
0.98145664
0.99539244
0.99653757
0.99185526
0.9980996
0.99803776
0.62270904
0.99634796
0.9951179
0.99678016
0.85583735
0.99834764
0.98320067
0.0052652783
0.9965013
0.9847415
0.007868115
0.9930737
0.80431706
0.31920603
0.9986628
0.99384415
0.9856522
0.96792495
0.9830935
0.017502127
0.99561524
0.996894
0.99771833
0.8686083
0.13485155
0.9439964
0.9943468
0.92772096
0.4759652
0.9893317
0.989312
0.9938583
0.057760593
0.99478084
0.7850584
0.9974017
0.99644816
0.9959305
0.99935466
0.9787313
0.9985688
0.16016108
0.9972269
0.9942186
0.99528164
0.053052146
0.9158898
0.88580227
0.98436964
0.9979285
0.9993655
0.8268651
0.99416107
0.995256
0.9987722
0.99152607
0.9968466
0.9953478
0.9993405
0.07858095
0.99623823
0.9975854
0.9979336
0.9964958
0.9998518
0.02895491
0.29245153
0.963971
0.9963773
0.99426043
0.99680966
0.9966273
0.99780005
0.99257
0.99929035
0.9846808
0.99806815
0.93409187
0.7781224
0.9918189
0.9965216
0.98273534
0.9846816
0.9666528
0.99242276
0.027418707
0.9971908
0.99126315
0.99279284
0.99886155
0.08826193
0.9975783
0.05835284
0.98840904
0.98797065
0.9928363
0.99961215
0.9951401
0.98359656
0.99607074
0.84097695
0.99940777
0.025104558
0.7811434
0.019127065
0.9051375
0.053362053
0.9996511
0.99110657
0.96270514
0.98308265
0.9938647
0.9976412
0.9979231
0.015002095
0.99834144
0.9978377
0.9728737
0.9371353
0.9973424
0.99752825
0.06067683
0.768464
0.99340665
0.9998149
0.9834509
0.99133486
0.004545555
0.99802643
0.010669319
0.25095436
0.9973406
0.36131692
0.73188347
0.018254008
0.048434056
0.9932621
0.97929126
0.99565214
0.9988262
0.051858574
0.9992055
0.997214
0.9989511
0.99112624
0.99797887
0.99117553
0.0060860543
0.99840814
0.0086026145
0.99774927
0.91180086
0.9992987
0.99423885
0.9957
0.9958353
0.011369381
0.99588996
0.39062843
0.9994363
0.79080826
0.019164521
0.99568474
0.27682182
0.9974025
0.9972857
0.0384938
0.9978739
0.9949292
0.99550074
0.9986467
0.99551445
0.9931272
0.9981097
0.013496352
0.9982262
0.99646974
0.9694123
0.0298059
0.9672693
0.00969754
0.9909112
0.99444324
0.99458367
0.997491
0.9984811
0.9413408
0.9842572
0.9844698
0.9836143
0.98584497
0.036499023
0.019663827
0.9812102
0.1540247
0.034072723
0.16166422
0.9878555
0.999666
0.9891388
0.9991836
0.057070114
0.99865377
0.99499315
0.9974849
0.99645066
0.89221585
0.9964014
0.77664185
0.45843878
0.98774964
0.98714334
0.66023326
0.99956983
0.07245087
0.9135305
0.16158406
0.99636567
0.8741229
0.9621293
0.96708494
0.9890097
0.97273105
0.9914751
0.9568931
0.99929786
0.9990645
0.9900517
0.99734575
0.99460113
0.9848684
0.48707306
0.18344346
0.9969277
0.99800783
0.9983254
0.99453163
0.7201506
0.99243873
0.9942894
0.99359953
0.9990557
0.7362719
0.997045
0.98116875
0.99684274
0.99859565
0.9956019
0.99783856
0.65887344
0.9828425
0.8627814
0.9981713
0.99970967
0.9983558
0.99272037
0.02884726
0.9985006
0.99615
0.41877154
0.9812794
0.9844648
0.998013
0.990342
0.9953589
0.9866518
0.9993197
0.075811714
0.9922808
0.9958072
0.9985833
0.99707854
0.9506082
0.8884777
0.99736613
0.19337618
0.0071962844
0.034592785
0.0088214595
0.8323565
0.08259089
0.99844104
0.99900216
0.99573094
0.9701094
0.9932666
0.05259597
0.997145
0.9958033
0.99405295
0.9979965
0.98414445
0.9967781
0.9827892
0.96344614
0.99743074
0.96929705
0.99405473
0.9998505
0.9987099
0.99563897
0.9970842
0.8960559
0.99636465
0.033153333
0.9680112
0.97620505
0.99566156
0.7322412
0.9659275
0.68270713
0.98287463
0.9922156
0.99692106
0.91876584
0.9986318
0.010125607
0.9973188
0.9907995
0.98727083
0.9604531
0.8990172
0.87868637
0.8823351
0.9691148
0.9953146
0.9966011
0.99870265
0.9957908
0.02426083
0.9914402
0.7814982
0.0846798
0.99490863
0.99959296
0.3356137
0.9961396
0.99601775
0.013160278
0.106460854
0.97572213
0.99472165
0.99954575
0.99605465
0.863536
0.99913955
0.35829034
0.9978708
0.9993457
0.9964451
0.99787736
0.9836463
0.9983877
0.24566162
0.99927217
0.9971355
0.98791003
0.9977138
0.03180468
0.99729615
0.99536985
0.70235664
0.010563275
0.99650085
0.33676055
0.9910517
0.9989845
0.9898739
0.9979638
0.97066563
0.9917235
0.9796078
0.65142626
0.9991573
0.022950254
0.9920644
0.9968033
0.99591595
0.8016094
0.994591
0.97131604
0.99980813
0.5678893
0.9960116
0.9949409
0.9990069
0.014737058
0.9975809
0.97903293
0.9996443
0.6092045
0.4893799
0.84169674
0.9330301
0.005116374
0.9177413
0.03722527
0.9989969
0.051438622
0.9984451
0.9597953
0.99757177
0.03300304
0.8557184
0.9965396
0.9945958
0.94161636
0.96213514
0.99054986
0.9986737
0.998855
0.9983808
0.99523586
0.98976314
0.9986332
0.01833299
0.99566406
0.99357855
0.9983524
0.9244887
0.13379101
0.99756694
0.07840806
0.99851114
0.9944212
0.95720744
0.8450666
0.42662477
0.9976376
0.9996338
0.976765
0.9869191
0.9883342
0.99925655
0.9821066
0.4332554
0.98725253
0.4846449
0.9832682
0.89710844
0.99491864
0.9988181
0.99944264
0.99437356
0.92670494
0.023739537
0.66036993
0.99790335
0.99683315
0.9977229
0.99909496
0.97360206
0.99467933
0.9995864
0.9983682
0.9861252
0.9945115
0.89916956
0.9935726
0.99735284
0.9984621
0.99798137
0.9995271
0.9986313
0.99900407
0.94780886
0.9861119
0.90006787
0.99914956
0.9133683
0.9922261
0.9980306
0.7988918
0.98719585
0.9934104
0.9980788
0.9935869
0.9927263
0.9937011
0.98879504
0.99400276
0.9888011
0.9933782
0.9976992
0.9918492
0.99578685
0.8697653
0.9997944
0.9924973
0.96507573
0.9940825
0.99714214
0.9981951
0.9833309
0.99118817
0.99598616
0.21197419
0.6032921
0.92844886
0.9795506
0.86186296
0.9554287
0.9958734
0.97967863
0.0026305765
0.9970835
0.9941982
0.36578485
0.08182063
0.99352396
0.9854556
0.99266326
0.9321788
0.9982089
0.5480595
0.13477315
0.9958638
0.037068967
0.9800118
0.4814931
0.9991385
0.9982651
0.9481475
0.9994937
0.9607237
0.69357157
0.88045543
0.99744177
0.99931705
0.99898
0.9973187
0.99912196
0.99958104
0.93661326
0.01997473
0.995445
0.8174221
0.9377417
0.98100394
0.9908189
0.9081453
0.9991855
0.9900377
0.9961035
0.9927919
0.9971917
0.26503688
0.39812884
0.9996
0.99823415
0.15427823
0.98553026
0.017054986
0.55526066
0.49468774
0.80134165
0.999087
0.9966664
0.99736565
0.9839792
0.9959604
0.061536714
0.8948352
0.9806316
0.99104184
0.98735064
0.99893874
0.99218994
0.9970016
0.517915
0.033351388
0.998933
0.99963105
0.92549866
0.9971113
0.9951786
0.99859434
0.99976915
0.9997248
0.7770729
0.79911983
0.9979767
0.9925607
0.9998833
0.9919503
0.9871482
0.59253883
0.9651357
0.9972083
0.9955454
0.9698165
0.93829983
0.99959034
0.99399096
0.9809255
0.958334
0.98227787
0.028756639
0.9702783
0.9881711
0.033192582
0.096983485
0.5652767
0.99950445
0.5114439
0.9953548
0.5495527
0.9995945
0.9993843
0.9305039
0.99745804
0.027501276
0.9982376
0.9948909
0.3363721
0.9829668
0.05614479
0.99562943
0.99467766
0.010471368
0.9986461
0.98432124
0.997171
0.06652393
0.94886714
0.8851779
0.012328109
0.99651575
0.9859665
0.9927048
0.9955319
0.99361247
0.24423498
0.99578047
0.94901603
0.09797203
0.99741495
0.9972836
0.98267025
0.98105866
0.9959735
0.9972548
0.9952708
0.6600384
0.5313444
0.04716714
0.70082814
0.99877244
0.99918824
0.73129785
0.00551718
0.9956735
0.009167353
0.9974336
0.98955065
0.9924535
0.99022317
0.9863647
0.994158
0.97418016
0.99754226
0.98738563
0.9834342
0.9981067
0.05365559
0.9028499
0.9984426
0.95934546
0.9677963
0.99813783
0.9745215
0.0070245694
0.92569345
0.99415874
0.9969426
0.8675632
0.09786432
0.9705988
0.9998938
0.99573886
0.10709978
0.008887923
0.9896723
0.99691784
0.9877082
0.99868447
0.9926247
0.99973553
0.9996124
0.97557867
0.97064275
0.8453633
0.9917311
0.9389632
0.99490535
0.99193585
0.9661918
0.95515406
0.98333216
0.048038125
0.9979837
0.99755543
0.99894494
0.99829286
0.022931546
0.9787335
0.99717546
0.004987359
0.99320143
0.98599106
0.76229215
0.82165
0.9677213
0.99372756
0.9965237
0.9805818
0.0133756725
0.99625695
0.041008495
0.9983695
0.9885085
0.8886302
0.21945995
0.05352878
0.49400353
0.9872104
0.9978538
0.9959317
0.6057899
0.9851655
0.47428903
0.9969029
0.049825273
0.8152049
0.9251599
0.9978496
0.9519273
0.36294663
0.030371414
0.992785
0.98631907
0.0863438
0.99694294
0.032415736
0.9981669
0.9930091
0.9950895
0.7878631
0.6308828
0.93798214
0.98313934
0.99774665
0.992242
0.9949517
0.99817824
0.044694837
0.059552938
0.11844237
0.97484326
0.6921098
0.9898336
0.9994493
0.99879116
0.9960419
0.14751826
0.9982418
0.9276786
0.99832183
0.9983387
0.0941216
0.22981113
0.3055124
0.894725
0.7158142
0.99730647
0.040625956
0.9947631
0.9942836
0.99000627
0.98567724
0.9800931
0.9898829
0.99828243
0.057682753
0.9981103
0.9998222
0.99761933
0.99804014
0.99516845
0.9425969
0.985783
0.7671453
0.97066385
0.99640226
0.9973719
0.99129546
0.9978155
0.9842868
0.96110904
0.9986796
0.99566853
0.99179596
0.9459056
0.9955272
0.808572
0.99470645
0.8588561
0.1718182
0.99920976
0.99636555
0.033172008
0.992916
0.9956995
0.9875257
0.9973447
0.11534495
0.51978284
0.0107741235
0.9298774
0.67021877
0.99512106
0.9985233
0.9967691
0.95895153
0.99979204
0.99204284
0.9983485
0.11479807
0.9838792
0.9958955
0.99920434
0.9739914
0.99734277
0.9967675
0.9938996
0.027145717
0.9303648
0.24233751
0.9983302
0.9971008
0.88598645
0.011100715
0.9982545
0.98533314
0.998879
0.99339676
0.9996542
0.99264044
0.99959964
0.49062052
0.99791366
0.9919813
0.9968617
0.99711204
0.98312783
0.9964528
0.9949909
0.99365073
0.0065532224
0.997198
0.97534126
0.9954608
0.99771845
0.99449134
0.9981292
0.99694544
0.9997756
0.9971403
0.9878984
0.99760133
0.99540734
0.00935879
0.9833446
0.99802786
0.9923206
0.9723222
0.9973769
0.9995994
0.9994868
0.9991053
0.9155061
0.9866579
0.76931256
0.06770351
0.99837154
0.99701035
0.9989041
0.008749193
0.7610314
0.99876165
0.21904854
0.9974584
0.97877264
0.9968881
0.005808664
0.98921275
0.023394717
0.96137416
0.9995285
0.9971921
0.9985281
0.99631727
0.99852425
0.9981084
0.9975184
0.015750373
0.7211959
0.9369278
0.024012277
0.99710137
0.99804235
0.03343289
0.98981726
0.98217267
0.9886634
0.9901895
0.98390996
0.9668432
0.99775046
0.9950418
0.6837794
0.99407685
0.24742635
0.99024814
0.99877936
0.98070407
0.995858
0.9936479
0.9913317
0.99128574
0.9972596
0.9756379
0.021101171
0.95408195
0.050563306
0.99668014
0.41954404
0.9894093
0.9974402
0.9990233
0.99504375
0.9981615
0.9971852
0.9281822
0.8600261
0.99594903
0.99513537
0.99762374
0.94584996
0.9898078
0.99119055
0.9982509
0.8649728
0.9530227
0.9972038
0.99476177
0.11094248
0.9979857
0.98619264
0.99848527
0.8125002
0.9977724
0.99865556
0.89823973
0.9731439
0.99862003
0.9989171
0.99651295
0.99838805
0.99827015
0.9953133
0.6821921
0.97837436
0.033907942
0.9961941
0.99936575
0.43617055
0.9993401
0.99635077
0.9944993
0.9989741
0.9555265
0.010276956
0.998451
0.0053760167
0.9980167
0.9990896
0.99527186
0.9923471
0.54766536
0.98084885
0.9957985
0.99478537
0.99679476
0.7298696
0.97793543
0.3111653
0.9907974
0.99757403
0.7955507
0.9962586
0.9948931
0.98739874
0.9879237
0.99565566
0.9694289
0.98228675
0.9939726
0.99974626
0.9993563
0.9972453
0.9981026
0.9973851
0.9936748
0.9677308
0.99853563
0.9973116
0.09291331
0.9882733
0.9994698
0.9953886
0.9997837
0.9996106
0.9976186
0.98944914
0.99806136
0.9987017
0.8965533
0.99961996
0.9989575
0.02038623
0.98301965
0.42411888
0.1459958
0.99448556
0.8172548
0.99831855
0.9983215
0.18971215
0.020326076
0.9971187
0.9972753
0.99970967
0.9958347
0.99457645
0.08164014
0.092571676
0.9991246
0.998565
0.18882903
0.9977563
0.99375445
0.9977769
0.68929565
0.9979202
0.85753393
0.7542181
0.9991517
0.9994172
0.98296356
0.86904275
0.98612416
0.99813205
0.99706346
0.99645644
0.06566765
0.7304104
0.8287055
0.99878794
0.84101343
0.9997863
0.1857808
0.99326044
0.012587012
0.90924793
0.99446374
0.96671563
0.99506986
0.98547006
0.40660903
0.99725085
0.052655123
0.99980146
0.99813795
0.97452354
0.018027661
0.99608177
0.9996604
0.9897085
0.94376427
0.9967578
0.998755
0.99653435
0.25967744
0.998589
0.1307461
0.9880212
0.99667716
0.8961958
0.70268315
0.9857568
0.9998349
0.9236205
0.9506781
0.9974305
0.99823415
0.039882883
0.98969495
0.9805447
0.997701
0.98251176
0.9969512
0.9923045
0.9631913
0.97937566
0.042907923
0.06739977
0.007224261
0.9982363
0.9996203
0.7083975
0.7951043
0.9821745
0.9908601
0.01829249
0.999509
0.9989743
0.4917258
0.9978516
0.99385035
0.01618953
0.84900177
0.016530007
0.9951137
0.99815065
0.99861133
0.9976351
0.99569404
0.99235755
0.03671858
0.9908983
0.999926
0.01626657
0.011190207
0.25448292
0.99465114
0.99481404
0.97877365
0.006469185
0.99774987
0.9967204
0.021274079
0.010107042
0.9172139
0.99755496
0.9937937
0.95788896
0.3436995
0.99521893
0.05184009
0.9979988
0.99641377
0.99167657
0.9985551
0.27807406
0.95638686
0.81334555
0.9993462
0.9985123
0.96984756
0.9958461
0.9985499
0.98475015
0.9994018
0.971375
0.9925419
0.719625
0.9898197
0.9457481
0.4204376
0.9721538
0.99929893
0.9913181
0.9912451
0.9975497
0.9958016
0.017695995
0.9927496
0.9341102
0.99612314
0.985297
0.997109
0.7903828
0.9884425
0.98381674
0.9773907
0.9971801
0.68645287
0.04354301
0.90617806
0.94693387
0.9981856
0.9912656
0.9790982
0.9969471
0.1480897
0.17678466
0.99591774
0.99592847
0.034662105
0.99838114
0.99777955
0.99411064
0.99870586
0.9978387
0.09547731
0.9978543
0.08404845
0.011429125
0.9938432
0.9959603
0.98796415
0.99820316
0.9982085
0.9994661
0.98905635
0.04646943
0.5180332
0.70153475
0.9992926
0.9942285
0.9924505
0.9980325
0.9971956
0.9943732
0.98564714
0.98972076
0.9954507
0.99664176
0.9381613
0.6700452
0.9939109
0.98166037
0.3224349
0.99657106
0.69442976
0.9826978
0.99535674
0.994352
0.98884237
0.9972633
0.98516303
0.004689054
0.9970795
0.03655298
0.9492112
0.53766966
0.9855928
0.9977575
0.056470275
0.9890113
0.99876046
0.88532805
0.82855386
0.99622357
0.99895275
0.019161673
0.9580639
0.99923885
0.5459353
0.012266676
0.989416
0.9818881
0.46359548
0.9988587
0.98909503
0.03457357
0.9275135
0.9929813
0.98941153
0.9959914
0.97943467
0.98649603
0.03703404
0.9919172
0.98964244
0.64556193
0.9988287
0.032477137
0.9937689
0.99723697
0.9899594
0.99040914
0.014958275
0.99468744
0.018827597
0.9836283
0.9891361
0.9939521
0.99987364
0.99816483
0.821872
0.7049011
0.994793
0.99980634
0.9957651
0.98910284
0.8505639
0.99532676
0.9967057
0.004741884
0.9977366
0.9995128
0.99770784
0.84591705
0.15661757
0.99249035
0.9363494
0.9998418
0.9979286
0.9929577
0.8021125
0.9989581
0.9936312
0.11394248
0.9956364
0.9964269
0.75165814
0.99926156
0.04044804
0.99719834
0.9919876
0.8584813
0.99862933
0.07343511
0.9114123
0.85454166
0.032935705
0.9898258
0.013827911
0.32131052
0.7903445
0.9996087
0.9997371
0.9855548
0.96430826
0.09679647
0.07644202
0.99675936
0.9706139
0.9949078
0.98754334
0.9980495
0.9940754
0.68656063
0.98517555
0.99752206
0.9974673
0.99552345
0.99850637
0.14831755
0.99527824
0.9911437
0.99971133
0.9967181
0.74764663
0.99800926
0.9950605
0.99599046
0.99903643
0.9925499
0.9968906
0.9861908
0.99432546
0.8448667
0.9024379
0.99453133
0.9744555
0.9985239
0.9905725
0.93858236
0.03390674
0.9684704
0.06381712
0.76882315
0.86390144
0.9997489
0.4981944
0.97938466
0.9984894
0.99712735
0.9966432
0.9990715
0.99444336
0.9917747
0.99783295
0.02656652
0.9979171
0.99546576
0.99054986
0.99862456
0.9957777
0.9966845
0.99192154
0.9993253
0.9511469
0.99332386
0.9225941
0.9909127
0.7046051
0.98813653
0.9797473
0.9897176
0.0029612854
0.81472427
0.9988386
0.6341756
0.46835616
0.99636465
0.9998739
0.9943557
0.99485874
0.28011352
0.9832113
0.011985896
0.99740076
0.9721729
0.9966182
0.047538664
0.2924805
0.99124056
0.8141834
0.96037304
0.9940654
0.9981116
0.050176978
0.99854064
0.9998809
0.99762374
0.9972894
0.028213337
0.9547606
0.9947748
0.9995449
0.9996464
0.9935148
0.99895775
0.84908366
0.97109365
0.93334085
0.8727293
0.99871707
0.99720275
0.9990102
0.9999466
0.9851231
0.9847869
0.04208345
0.91361904
0.19356735
0.97639084
0.05453893
0.068434626
0.92641723
0.0117991455
0.9984794
0.07823051
0.9964869
0.9939275
0.9872136
0.99968076
0.89368373
0.9961593
0.9945651
0.13408409
0.9965025
0.58589834
0.9960687
0.9984723
0.99986565
0.98992026
0.9068545
0.87348104
0.9979305
0.9961164
0.96236825
0.49799392
0.9933658
0.9949949
0.54311335
0.99986994
0.9937098
0.9952474
0.9779874
0.99945575
0.14602613
0.94335
0.99623054
0.99857295
0.9983512
0.99919087
0.85110253
0.7211181
0.9881251
0.9983236
0.9968144
0.9988098
0.99736077
0.99262965
0.998828
0.99782854
0.5613775
0.64757663
0.99970055
0.9967096
0.007304984
0.9921969
0.9667594
0.020923048
0.9988733
0.9974566
0.94225407
0.99772996
0.98068476
0.12600552
0.99860126
0.93325436
0.9975938
0.8566839
0.9922357
0.997614
0.999595
0.99594766
0.99903584
0.9965988
0.052783653
0.99627614
0.88362724
0.9923608
0.9634203
0.99886763
0.54235137
0.9973284
0.04295268
0.9980051
0.961284
0.99078244
0.27151453
0.96385676
0.9989429
0.038503483
0.99799275
0.9976301
0.9960752
0.9951029
0.8837887
0.037717268
0.9974146
0.013013965
0.98844624
0.9972704
0.7143433
0.0030976685
0.9278632
0.9998087
0.04620506
0.99594265
0.78877974
0.9969574
0.9960284
0.05694607
0.9971511
0.9939353
0.99605787
0.99644935
0.9992106
0.99756867
0.7065538
0.011785737
0.99714464
0.99887866
0.05727914
0.18401416
0.55545074
0.9746285
0.8852466
0.9893322
0.99316627
0.99592435
0.9971969
0.9975924
0.49459347
0.99851435
0.99662507
0.9936016
0.9977191
0.9960414
0.9644119
0.7885869
0.998719
0.9298039
0.09307763
0.9720079
0.9916824
0.936711
0.7462173
0.56693566
0.9995067
0.999138
0.99899405
0.97508925
0.9989128
0.9921085
0.9968227
0.9985669
0.9988117
0.7657143
0.91019505
0.99791414
0.9973254
0.9581279
0.99485874
0.9829807
0.9981882
0.99874026
0.98843414
0.99709487
0.99687386
0.99989927
0.99750084
0.21545967
0.9884266
0.99959916
0.99520063
0.07525241
0.10765716
0.90855926
0.9912425
0.99250257
0.9991115
0.9235511
0.9142534
0.99462944
0.88812983
0.9962339
0.97901905
0.94307345
0.999491
0.99647117
0.98660696
0.9976889
0.9951314
0.99959356
0.99623364
0.99638927
0.8851239
0.9939964
0.99741423
0.77788997
0.99796224
0.99749714
0.014779881
0.020902477
0.99013174
0.98332953
0.9653751
0.041074708
0.99794465
0.21590893
0.99174845
0.9783478
0.980441
0.9973236
0.9954645
0.62054664
0.8652051
0.99225557
0.9945168
0.9910501
0.99752504
0.9968606
0.9929798
0.9971226
0.99194896
0.9998528
0.99708325
0.95380193
0.98309463
0.60825455
0.21384303
0.99750227
0.59840107
0.9991092
0.9979279
0.99621505
0.9960361
0.091291875
0.99622065
0.9906713
0.083796896
0.5382087
0.9909003
0.99936324
0.013781915
0.9952447
0.9982576
0.8633608
0.99209833
0.01305272
0.9663834
0.9921727
0.9914655
0.9999387
0.9751432
0.030614678
0.99049485
0.96718216
0.99571687
0.2583285
0.9884864
0.9486196
0.8135983
0.9917744
0.98322695
0.99777955
0.021911016
0.7835104
0.9990521
0.5477088
0.98959035
0.04075696
0.9982476
0.99735534
0.96392804
0.98467374
0.97634774
0.99634403
0.9988977
0.98706925
0.89493775
0.9926524
0.9960484
0.095200926
0.9962351
0.93484443
0.02756104
0.5820799
0.9984084
0.9998598
0.9027656
0.89064467
0.78806585
0.15667498
0.9991308
0.0066272733
0.77821654
0.12137254
0.9885465
0.9981652
0.99520606
0.9919071
0.6424587
0.9961863
0.9981762
0.46009487
0.0037838018
0.9973387
0.900631
0.019248012
0.9928275
0.99609476
0.9982381
0.9994361
0.998887
0.9967623
0.99960536
0.038939856
0.25463635
0.9942159
0.91668737
0.9964419
0.99410677
0.9329663
0.94984186
0.9912747
0.9875552
0.9987865
0.99952865
0.03198196
0.99630594
0.94852716
0.06737181
0.8730637
0.97963244
0.99750084
0.9974578
0.9816699
0.9907486
0.997832
0.9958395
0.9998084
0.059142504
0.0631618
0.9964185
0.7498752
0.9989417
0.98022926
0.99764377
0.24473831
0.99597305
0.86144805
0.9952922
0.99776185
0.9999019
0.98882234
0.995887
0.9960735
0.010228868
0.8034251
0.9918046
0.9967458
0.9966176
0.99801105
0.9432906
0.042134438
0.99892163
0.9966833
0.99842215
0.46210954
0.9992692
0.95800054
0.9643075
0.99591714
0.9977301
0.9969338
0.9827005
0.9978102
0.07819842
0.5196833
0.9985397
0.9927411
0.990245
0.003272936
0.9940995
0.9989718
0.9989312
0.042120565
0.32323253
0.009881736
0.9574923
0.99606055
0.9158327
0.010881004
0.65489
0.17128256
0.8526709
0.99041134
0.9971112
0.13208549
0.7802289
0.99763024
0.019121286
0.97682744
0.99045837
0.9441237
0.99447626
0.5921232
0.99598324
0.99639255
0.9938299
0.99453473
0.997292
0.995484
0.9558102
0.9453578
0.22448665
0.9937236
0.9894471
0.993536
0.98759836
0.99072695
0.99079657
0.99556977
0.8959082
0.04938205
0.8627628
0.96575826
0.99591726
0.95350844
0.76583123
0.5887432
0.7201131
0.98975533
0.99443024
0.9935634
0.976255
0.99272025
0.14869025
0.99808455
0.9982236
0.038844194
0.99494123
0.90705293
0.9591201
0.045099437
0.99957377
0.99708265
0.99754
0.99316
0.99454725
0.9912334
0.3701245
0.9879496
0.99300706
0.99824667
0.9720054
0.9955604
0.9091768
0.9967698
0.99542964
0.9971288
0.9950787
0.9984994
0.942432
0.9998988
0.9821109
0.99917287
0.027237738
0.99619484
0.9939201
0.9869833
0.9909978
0.8470624
0.98004377
0.9957208
0.9670183
0.9999244
0.99300957
0.99933124
0.84708935
0.9987692
0.9940304
0.9981529
0.9777809
0.02783991
0.99822444
0.7172491
0.9951692
0.031871706
0.9932547
0.9971002
0.999212
0.015418594
0.99467164
0.98839056
0.93518704
0.99830794
0.9965797
0.99881625
0.991668
0.018960621
0.07973587
0.99743026
0.40885487
0.9817764
0.9388239
0.9957883
0.99459815
0.91041833
0.99797076
0.75315964
0.99637055
0.12117402
0.9904282
0.946563
0.9864183
0.9229214
0.9904828
0.76006585
0.99448603
0.9235008
0.98285705
0.99978286
0.7541513
0.00969303
0.16601554
0.040460367
0.9910477
0.9892754
0.98630375
0.1413415
0.9935749
0.8757851
0.09109714
0.9999323
0.9997296
0.9996247
0.99665415
0.9968209
0.01663275
0.9984358
0.9956462
0.99937576
0.9961313
0.039654855
0.03981588
0.99946815
0.99813336
0.99801
0.53042513
0.9983436
0.99373347
0.013758073
0.995018
0.98664224
0.9909621
0.78254396
0.9776199
0.020401949
0.9992182
0.9993536
0.9920201
0.9946355
0.97802645
0.05357027
0.99520075
0.99349535
0.37683317
0.9933837
0.9928744
0.031363007
0.99532795
0.99410313
0.011106437
0.99239844
0.9995634
0.38255486
0.9921916
0.97094
0.99222213
0.99573416
0.99911016
0.99987745
0.9971812
0.94561654
0.35285166
0.99398994
0.9977836
0.3299349
0.99349135
0.9686131
0.6371812
0.8062271
0.9552498
0.99437994
0.06299786
0.9983419
0.99419135
0.9954856
0.9942034
0.9951054
0.9942841
0.9987551
0.030675702
0.9956754
0.056768894
0.99803966
0.99669087
0.99455833
0.0022089742
0.9902097
0.0069290083
0.9872624
0.019046137
0.99840444
0.99377173
0.9521821
0.9954674
0.093907945
0.9921985
0.99731857
0.9974255
0.76668173
0.99818426
0.05046958
0.81758845
0.39632273
0.9823183
0.748801
0.79695255
0.9999654
0.81535923
0.99829286
0.9907194
0.8097983
0.9981146
0.7601567
0.98544693
0.97065073
0.9955049
0.01585329
0.9691817
0.2837921
0.98840255
0.7231282
0.996761
0.9988925
0.9977785
0.99588484
0.9953576
0.62033683
0.98517424
0.9988047
0.99308926
0.96643984
0.997343
0.9181677
0.9954888
0.121427864
0.35341662
0.99856997
0.99286264
0.99835014
0.99616134
0.9932279
0.99179256
0.99798405
0.9846927
0.99674916
0.99876285
0.9972638
0.9976127
0.0059078336
0.991617
0.66220784
0.028703813
0.9982486
0.9978598
0.9848355
0.035289712
0.03110729
0.9988444
0.05809255
0.80758864
0.9972511
0.024805289
0.7051252
0.99774325
0.9915167
0.44482842
0.74214655
0.9241243
0.9789438
0.97482795
0.028812226
0.9967315
0.9954579
0.99608225
0.99594384
0.06970536
0.93465334
0.99782205
0.06764949
0.99838626
0.72947335
0.102494024
0.9925345
0.9098361
0.085843705
0.43716067
0.96975493
0.23116271
0.053271722
0.9883708
0.027615895
0.9920066
0.19883604
0.62291837
0.9996375
0.9987394
0.997801
0.9939832
0.9425931
0.99604887
0.9936474
0.9908406
0.9871569
0.9974878
0.99579585
0.24503979
0.94730294
0.98249096
0.99091935
0.9970831
0.7388917
0.9969236
0.9952845
0.9906461
0.9209541
0.9956989
0.7521806
0.9904344
0.9955668
0.99636394
0.010553082
0.9998661
0.9744309
0.901884
0.99569356
0.9266908
0.99987257
0.10653644
0.9999076
0.99738127
0.71569157
0.8097026
0.9955877
0.9970035
0.018944783
0.9932852
0.52081597
0.995182
0.9462654
0.99348724
0.028811108
0.99425125
0.99926037
0.35526952
0.99811614
0.98841184
0.9593449
0.9949768
0.8026599
0.97552437
0.99743634
0.99876213
0.996669
0.99702066
0.6479207
0.9366143
0.091601565
0.99500704
0.996908
0.9980343
0.9715627
0.9886286
0.99780065
0.98672616
0.9501183
0.11839209
0.9905951
0.9962592
0.9855005
0.9941299
0.9993086
0.9968635
0.997908
0.9888743
0.99931467
0.99746764
0.99200493
0.55886674
0.8738152
0.9990952
0.9254126
0.9971623
0.9985807
0.99654883
0.98829824
0.08951451
0.9955729
0.9998746
0.9981737
0.044966053
0.991152
0.9855275
0.805959
0.87282085
0.99846506
0.08878887
0.99438643
0.99866295
0.64327025
0.011751122
0.9994168
0.99992144
0.60108626
0.9522365
0.012179662
0.99831116
0.9987657
0.9820212
0.9774991
0.99221486
0.9086538
0.99465877
0.8840244
0.09956217
0.9987231
0.9942638
0.9907793
0.95540327
0.9878313
0.9905343
0.9997335
0.97879684
0.052025724
0.99795496
0.9921765
0.99775666
0.33655927
0.9998977
0.99716634
0.9052599
0.99043804
0.9923774
0.9980452
0.9935597
0.056512848
0.9912934
0.99313885
0.9908484
0.88166565
0.9982697
0.51527286
0.994511
0.99592316
0.9970073
0.5862373
0.9956637
0.99864584
0.023229003
0.99850607
0.10858498
0.96192473
0.99917346
0.37978625
0.014720534
0.98791146
0.02265454
0.98292786
0.99178
0.99338984
0.9972977
0.91992074
0.99441975
0.9574864
0.9886353
0.8434643
0.9966704
0.9986461
0.9938698
0.08297544
0.97451234
0.9603305
0.9803454
0.967041
0.99873286
0.95291835
0.9956664
0.9997694
0.9530696
0.429345
0.99885035
0.996797
0.9942392
0.046718314
0.0082025295
0.9943297
0.006514196
0.012435474
0.7174845
0.99570626
0.9961456
0.95957583
0.95571035
0.9517733
0.049095817
0.9948938
0.9959585
0.99823606
0.8713986
0.9905503
0.98699605
0.87912315
0.9939545
0.99185735
0.99106604
0.991484
0.03990722
0.84024763
0.9992065
0.9938883
0.98851573
0.99793893
0.8973112
0.9983284
0.96141857
0.991646
0.99861634
0.9769284
0.9976802
0.18208472
0.567157
0.9967347
0.0310566
0.9916864
0.9970071
0.9396779
0.07650342
0.01200794
0.99644667
0.75821674
0.9997434
0.99888474
0.99974126
0.9886359
0.97881854
0.99328494
0.98688924
0.9971648
0.64165276
0.9975448
0.013388364
0.9992914
0.9935668
0.9852937
0.6713318
0.65230733
0.7401982
0.9981206
0.9912123
0.56454396
0.99433917
0.028578088
0.96046203
0.9928068
0.99950826
0.99196786
0.8148303
0.9753363
0.9564761
0.9827309
0.9391762
0.9981976
0.99028414
0.9950896
0.99752885
0.9952054
0.99672323
0.98557645
0.9958865
0.114957385
0.2636595
0.997985
0.98325944
0.9642633
0.88631827
0.040967803
0.95822793
0.98643386
0.99925274
0.18715669
0.98332465
0.068675674
0.99238765
0.9981483
0.99986374
0.99830675
0.9988593
0.07740787
0.9979784
0.94619584
0.9884444
0.9866258
0.99752647
0.18218122
0.97181726
0.9970847
0.99441904
0.99826604
0.059339732
0.99832386
0.86442316
0.18865447
0.026089614
0.99208856
0.9934203
0.9998561
0.9985709
0.92332554
0.989603
0.073785655
0.9941976
0.98711306
0.9962141
0.99743974
0.0074000326
0.9960388
0.9976459
0.99801564
0.9977221
0.9756613
0.666467
0.53593886
0.9942802
0.76398295
0.9830595
0.9982889
0.9992545
0.9995359
0.28921872
0.988629
0.9973985
0.9920568
0.9986846
0.8847724
0.9969861
0.9943394
0.4843702
0.15934186
0.58832043
0.9974718
0.99452966
0.92968994
0.9988016
0.9984138
0.99684924
0.3296863
0.86876374
0.92965335
0.99874854
0.9469864
0.98676515
0.99937063
0.9921211
0.9942064
0.9968533
0.99756986
0.6345225
0.99020714
0.9961414
0.9906385
0.99278015
0.9983885
0.9938465
0.9993709
0.99674124
0.99744403
0.99367976
0.98101246
0.40189663
0.998245
0.48566827
0.25458154
0.9508887
0.9972029
0.99243116
0.9977071
0.9844433
0.9968502
0.008524065
0.9946169
0.99196666
0.008678386
0.014162023
0.99277765
0.99173427
0.88203955
0.9797236
0.033662666
0.99667007
0.9975381
0.9985033
0.6516157
0.18940076
0.99759775
0.9986119
0.55777
0.70906293
0.5208193
0.9969246
0.99157614
0.9966898
0.9930276
0.9637668
0.99587554
0.98316103
0.9672269
0.99050635
0.99173623
0.9964134
0.18411738
0.95841795
0.70666766
0.99414057
0.11710299
0.99980444
0.95133364
0.9946017
0.94639224
0.99971646
0.9987233
0.9920895
0.99465287
0.99785066
0.9953323
0.9954136
0.9977756
0.93602276
0.9917312
0.9830702
0.10937127
0.9630701
0.4657139
0.24079074
0.98788303
0.9958639
0.9644621
0.9952749
0.9981389
0.993112
0.99877745
0.99684733
0.9949374
0.99821365
0.7047475
0.9873899
0.9998661
0.9998878
0.3760236
0.98965013
0.04604836
0.99809426
0.9293487
0.9969399
0.9958866
0.9924326
0.9937543
0.9991716
0.9935916
0.70069474
0.99508697
0.9882913
0.9898664
0.55951923
0.8519134
0.9903043
0.9976272
0.9962974
0.9992605
0.9951552
0.95452195
0.9971148
0.9960431
0.5469711
0.968435
0.9973744
0.9332505
0.0237458
0.9998394
0.15983495
0.98320305
0.98954684
0.73333144
0.99561876
0.9603315
0.9774099
0.9915269
0.97979033
0.99964297
0.99868053
0.39437935
0.9379081
0.98001784
0.24158338
0.06745366
0.9957761
0.9154434
0.98997307
0.9990754
0.06035427
0.9991647
0.81881315
0.99351996
0.53859824
0.99598503
0.9982889
0.77625823
0.84557414
0.38092956
0.99586415
0.9905061
0.8332049
0.99481696
0.8752789
0.99687564
0.97155434
0.81235623
0.9680876
0.99839056
0.014330375
0.97964925
0.9902338
0.13981286
0.99621296
0.9975938
0.996599
0.39695707
0.9716921
0.23995116
0.99638176
0.26944068
0.00800669
0.026712647
0.99758744
0.9191929
0.9849309
0.008252695
0.997514
0.031318136
0.7847875
0.1701936
0.99843186
0.9996623
0.9981483
0.73326623
0.9325014
0.08120036
0.9989446
0.8819775
0.9998043
0.09618205
0.9896045
0.9987018
0.99293256
0.97793895
0.9864803
0.2971985
0.9980128
0.97831374
0.99283797
0.29205343
0.9914465
0.92947185
0.8883465
0.98574406
0.9856808
0.99618185
0.96285075
0.014124054
0.96756136
0.9992349
0.99726874
0.99788374
0.92674595
0.9991227
0.9933188
0.98989177
0.9859585
0.99962926
0.9952748
0.7886994
0.01848876
0.9986804
0.040978782
0.99767154
0.29453498
0.9974003
0.9957632
0.8861812
0.015500955
0.9673429
0.9922963
0.9987136
0.011185808
0.94018334
0.09114518
0.99373806
0.033546988
0.99805945
0.9982551
0.9985078
0.95250493
0.9966883
0.9898095
0.99310416
0.2450448
0.020736447
0.095613584
0.9938578
0.99942553
0.9633552
0.7501309
0.9813716
0.95195454
0.03993771
0.9997024
0.038047545
0.9626592
0.9942293
0.9927417
0.98624265
0.99992466
0.9971283
0.99549425
0.9988127
0.92622024
0.9887382
0.9960516
0.9985109
0.9988053
0.99754816
0.9975311
0.6721777
0.99968886
0.95951754
0.9879473
0.23485923
0.9777679
0.9995586
0.86594033
0.9804874
0.9350065
0.9908785
0.99429554
0.99472976
0.9705682
0.99418443
0.9980063
0.7433965
0.99643457
0.9857145
0.99813443
0.99825734
0.9927424
0.9744116
0.99566156
0.8657521
0.98200744
0.51314014
0.01865106
0.9820709
0.9958853
0.9978009
0.9865731
0.9956548
0.9972832
0.027483355
0.7125883
0.8994358
0.995464
0.522215
0.9936047
0.99933064
0.9961451
0.9865426
0.99686545
0.004452324
0.8304821
0.013068441
0.9829131
0.94568855
0.025562096
0.9916435
0.20549756
0.9983223
0.80324847
0.66463596
0.99761105
0.99806696
0.99857867
0.22448511
0.028777588
0.994922
0.9857814
0.027897658
0.9984536
0.24206339
0.99537164
0.020250414
0.94667894
0.9934756
0.5977699
0.9952343
0.9964276
0.012964106
0.9514677
0.9880117
0.02396199
0.99476767
0.99509287
0.9995152
0.9929696
0.9327778
0.9970981
0.030960876
0.0615317
0.9977004
0.03101811
0.9962341
0.9947745
0.9973623
0.9962633
0.19722715
0.74845505
0.9892897
0.9977768
0.99523664
0.01662858
0.99420136
0.99739
0.03921218
0.96384454
0.9925769
0.033307217
0.9950658
0.99732345
0.03732228
0.8432145
0.9965963
0.15618473
0.9946233
0.99881303
0.9806402
0.85701436
0.9615485
0.013909356
0.99728703
0.9976676
0.9995902
0.05053334
0.9971123
0.99194956
0.9958016
0.99663407
0.9165886
0.03248289
0.5875855
0.9970444
0.99359447
0.9973423
0.45957088
0.78559905
0.99492943
0.9896688
0.9925148
0.1162513
0.121883765
0.017408945
0.14396277
0.9855885
0.98335415
0.9313507
0.9974137
0.39971653
0.99510455
0.39365262
0.2150413
0.82706106
0.9638254
0.4414758
0.9992968
0.9964161
0.99631435
0.99283946
0.7859386
0.99315095
0.9960278
0.9556731
0.026663536
0.20690659
0.9958454
0.9912402
0.9950895
0.99198335
0.98821765
0.9347229
0.016801968
0.10830403
0.9862627
0.08441367
0.9869012
0.9991659
0.9850079
0.99604934
0.99797827
0.9968359
0.9899541
0.95685524
0.99791235
0.99876463
0.012021342
0.97367406
0.9964103
0.9974342
0.998396
0.9957623
0.6737799
0.98767465
0.9922678
0.9105253
0.19555135
0.035607222
0.80241096
0.99633944
0.99542195
0.996274
0.9987124
0.06018204
0.9977921
0.9847052
0.99776864
0.9922144
0.99871194
0.9980685
0.99699116
0.8735723
0.99316734
0.38130197
0.9982438
0.023260346
0.94221914
0.9966073
0.9948625
0.9932239
0.9684903
0.8821866
0.9866752
0.9965913
0.99644154
0.178076
0.9998485
0.9927181
0.99807847
0.99952066
0.97245747
0.90324557
0.9960064
0.98407793
0.9890398
0.997157
0.018867996
0.9997131
0.9930704
0.68134695
0.99972886
0.99967444
0.97556734
0.0058476236
0.96892154
0.9949896
0.81314856
0.9142989
0.9976451
0.99750036
0.9965132
0.3922602
0.0742405
0.99791783
0.9974355
0.9158872
0.09307602
0.994662
0.19387734
0.9928296
0.99663204
0.9996717
0.9997509
0.9021419
0.98974305
0.99424946
0.9037324
0.9841576
0.0054217624
0.99406564
0.99923754
0.65164125
0.99384415
0.9982243
0.99663025
0.9955271
0.04190536
0.985136
0.9953868
0.9933211
0.0091120135
0.9895566
0.79973316
0.05969502
0.019208755
0.9989072
0.997013
0.9676022
0.05706284
0.9951192
0.9859784
0.9982135
0.9972652
0.06736579
0.09377315
0.9837601
0.9836287
0.9989151
0.99858105
0.9301405
0.06351463
0.998319
0.04074589
0.92249036
0.02828526
0.79414403
0.99675167
0.9862628
0.997875
0.9792976
0.10564663
0.9686262
0.9987936
0.4495998
0.99954873
0.99572515
0.015305305
0.99097615
0.34237963
0.99950266
0.98777676
0.15542729
0.97629595
0.9970203
0.99708337
0.99128234
0.9816228
0.76016426
0.99788934
0.9545518
0.98779464
0.039017465
0.99269146
0.86462
0.9988275
0.6361055
0.39947206
0.9957848
0.03451314
0.035217658
0.9953418
0.99676645
0.9334449
0.9873483
0.87895375
0.96325475
0.020945072
0.9927061
0.9714651
0.99700195
0.9998776
0.37120202
0.99880934
0.43849558
0.9921286
0.9960006
0.99734664
0.9970235
0.98609143
0.011097109
0.4328773
0.9980932
0.8704429
0.9964275
0.9574007
0.74520403
0.99455726
0.9935749
0.9914484
0.9972066
0.98024964
0.97825533
0.9489162
0.9995301
0.70915616
0.50584704
0.99794143
0.0029321192
0.9969559
0.99708265
0.9282173
0.9991579
0.9890525
0.71105504
0.9949827
0.9868362
0.99447304
0.992934
0.9997907
0.9993005
0.98028654
0.99477106
0.99357164
0.98900455
0.994615
0.99300945
0.99792874
0.028601514
0.9928249
0.9927221
0.9975944
0.83553547
0.99409145
0.12268823
0.99712807
0.99369746
0.99714416
0.98852485
0.96979856
0.9967462
0.24811178
0.9913812
0.20957625
0.9949649
0.996449
0.8607781
0.12374026
0.14142197
0.9971608
0.99944884
0.823232
0.99722844
0.24523684
0.99685127
0.9991548
0.9907703
0.999062
0.99363637
0.99404967
0.9756708
0.9965969
0.99149466
0.9943184
0.2096166
0.98713696
0.530671
0.99154377
0.9984755
0.9950978
0.833822
0.9933963
0.9936778
0.9934528
0.9974262
0.35346755
0.99698573
0.6618679
0.9935563
0.9887659
0.110848844
0.999419
0.98520374
0.9960979
0.08081683
0.9974496
0.9925327
0.99465114
0.022413056
0.963845
0.9568088
0.08509221
0.9895242
0.9991609
0.96462095
0.9970722
0.9995783
0.99295616
0.50418514
0.99829835
0.19234803
0.7857424
0.98688847
0.99015474
0.98852074
0.066737786
0.99513197
0.026531449
0.0025385043
0.9920913
0.99955577
0.99544686
0.9976471
0.25004756
0.95945907
0.97063845
0.39311844
0.99543387
0.030026274
0.9963567
0.9933882
0.99574006
0.99136263
0.013888945
0.99678123
0.6731327
0.76092297
0.87957937
0.9959066
0.9933646
0.097621456
0.99833316
0.0041978704
0.9975834
0.99286157
0.9916385
0.034011956
0.9930084
0.99314064
0.998382
0.19112216
0.9846414
0.99155277
0.02996623
0.5816101
0.99255943
0.9895695
0.99618596
0.88904506
0.024807336
0.959228
0.9944929
0.97824144
0.97774124
0.89083874
0.99815506
0.9403239
0.9935029
0.99700695
0.98111
0.9960212
0.0829833
0.97740287
0.91385037
0.04641751
0.90810883
0.18106398
0.9993716
0.030123105
0.99942005
0.9998184
0.9908359
0.017875155
0.9502832
0.991469
0.99938416
0.9978935
0.99734986
0.98860556
0.9991197
0.9761648
0.81852067
0.9991534
0.9419688
0.056427762
0.9990791
0.9916328
0.86778164
0.060483035
0.8972628
0.6633116
0.9999305
0.9988286
0.99456704
0.9996836
0.0057264008
0.99763703
0.99469995
0.99521434
0.020759081
0.97960407
0.9854666
0.9976114
0.18452957
0.99677783
0.9951237
0.99731785
0.9981816
0.9994362
0.99989474
0.9865568
0.9131545
0.99075
0.99756646
0.95422053
0.93715966
0.996241
0.99725085
0.9802962
0.0031794067
0.99754435
0.9623178
0.9320471
0.99769175
0.9410122
0.20684032
0.010956817
0.88943535
0.6678577
0.9962496
0.99569476
0.9898028
0.9931852
0.9937483
0.09886595
0.9722797
0.9794254
0.042994834
0.075107574
0.8902331
0.8503283
0.998914
0.9968624
0.79286003
0.12241731
0.69604295
0.98933595
0.99654764
0.99983
0.99757534
0.014910033
0.98664165
0.009169428
0.015435576
0.9974337
0.9959629
0.43431094
0.9994899
0.9981896
0.9974184
0.99459743
0.99669695
0.1281687
0.011887271
0.91486895
0.9954845
0.99253744
0.9977018
0.9946832
0.98416835
0.98335576
0.9969309
0.9695575
0.445189
0.9990644
0.98856515
0.7517602
0.9986614
0.99143
0.99323165
0.9968606
0.48080343
0.9927999
0.90852547
0.99770653
0.9997526
0.9964721
0.99602926
0.9984042
0.12781088
0.9954585
0.13054848
0.99972993
0.9712408
0.59509736
0.020932848
0.86953413
0.02842381
0.016207585
0.99520326
0.99716175
0.9961635
0.9919173
0.99880147
0.044561993
0.9678049
0.8685884
0.9990227
0.9989008
0.9734547
0.9892513
0.90475744
0.92023176
0.9910507
0.9909593
0.98736167
0.9990916
0.99538285
0.0068760165
0.99869305
0.99571335
0.8950235
0.9997174
0.9989248
0.9991667
0.99584514
0.685913
0.4474361
0.93458366
0.6642993
0.9987872
0.931781
0.024025712
0.9867818
0.9716579
0.99832886
0.03501038
0.99993634
0.9966068
0.8753599
0.99619627
0.99024045
0.99613225
0.99684155
0.99209046
0.91224426
0.99418676
0.9976284
0.97755414
0.99976486
0.14785387
0.8618397
0.8646404
0.99657047
0.99723035
0.9984366
0.014281933
0.9865064
0.068988435
0.011105211
0.99300355
0.022324739
0.7267592
0.17473154
0.23749547
0.9908077
0.99810815
0.999126
0.80388445
0.9949934
0.9965378
0.99388546
0.99478006
0.9958675
0.9964729
0.018398073
0.09218126
0.03312761
0.9947248
0.9933124
0.99187917
0.28853488
0.9990663
0.99314475
0.99409264
0.96727383
0.9904523
0.9945971
0.9972566
0.9863711
0.99842983
0.9982663
0.50079465
0.9827512
0.99150944
0.01564583
0.99739945
0.364606
0.9619691
0.9978543
0.9849672
0.99489504
0.4419134
0.99799407
0.9919842
0.2288632
0.9992865
0.81792915
0.99422497
0.997439
0.6333508
0.9997948
0.9891866
0.9737211
0.07702773
0.9923435
0.25917065
0.9879624
0.9950825
0.035930727
0.99972874
0.99489826
0.9966377
0.7847502
0.9443368
0.9990829
0.9961904
0.9914102
0.9777998
0.6536575
0.99209726
0.61609757
0.9028132
0.66549784
0.98275405
0.9976413
0.9994911
0.9490115
0.034269344
0.99747247
0.05258355
0.99834824
0.7315786
0.07920481
0.9885923
0.99871373
0.9710724
0.9962381
0.8575466
0.998971
0.9945311
0.40422842
0.99683005
0.99668294
0.988453
0.9745301
0.7547834
0.99345845
0.99785763
0.99393314
0.9955615
0.06987208
0.99493635
0.99209553
0.9996075
0.99709237
0.9881253
0.03306595
0.88549066
0.9944695
0.08129735
0.99832493
0.94250154
0.99788374
0.99965644
0.014093192
0.08205737
0.9998153
0.66365623
0.9997938
0.25802913
0.25377664
0.85171074
0.98949045
0.9987262
0.86693805
0.98993707
0.8368751
0.99812156
0.99811625
0.97342616
0.99632394
0.9850107
0.99655885
0.4432686
0.9957695
0.99712425
0.9942439
0.9378556
0.9934487
0.99792236
0.9927013
0.9983479
0.9980236
0.9902148
0.3454022
0.92975724
0.5252445
0.99787855
0.062435485
0.98924935
0.99598527
0.92324907
0.9287799
0.9872723
0.98499125
0.16655852
0.94505334
0.035972886
0.08138561
0.98116666
0.99587196
0.9949373
0.9970017
0.995806
0.9858004
0.97972715
0.9993273
0.9936055
0.050831385
0.9988607
0.995667
0.9953225
0.9818687
0.14250904
0.79347533
0.9967451
0.99880993
0.98212135
0.009708829
0.9935767
0.9996182
0.989954
0.9688357
0.997454
0.9996582
0.9708322
0.9959947
0.99476165
0.99089843
0.93161386
0.9976573
0.47924906
0.9986559
0.8645998
0.9998827
0.99511886
0.9937297
0.53495604
0.97497356
0.99976295
0.8713375
0.03033692
0.99251646
0.3742476
0.99943286
0.99663526
0.99600524
0.9793874
0.6664924
0.8109533
0.90667355
0.86148006
0.9943445
0.9994305
0.9855881
0.15707837
0.9956827
0.99854726
0.9822212
0.28536034
0.9974941
0.012160699
0.6133519
0.99583757
0.999243
0.052534867
0.99759585
0.9962767
0.99755245
0.99636686
0.44368806
0.9713315
0.9959698
0.029296713
0.9971206
0.994696
0.99787235
0.9975502
0.9981798
0.9961991
0.9831924
0.047200643
0.9056477
0.697513
0.99982053
0.9145033
0.93820804
0.9954978
0.9931653
0.014905467
0.99333405
0.9946301
0.9963366
0.9431282
0.98156273
0.9992168
0.9939492
0.9973896
0.9838927
0.017690063
0.9539502
0.9979097
0.9959622
0.9975897
0.70159864
0.35738683
0.511937
0.9938083
0.0069416617
0.9906102
0.99562234
0.99783844
0.057892766
0.9978532
0.9963864
0.85389394
0.05451602
0.022487782
0.03634185
0.9981462
0.9984705
0.9980034
0.9862817
0.9497746
0.012049244
0.9811236
0.044704914
0.02318128
0.9997305
0.024178488
0.042727023
0.9995931
0.9978077
0.9881527
0.99960035
0.99510396
0.9967901
0.9924809
0.99837226
0.98964065
0.99661416
0.99442446
0.98765415
0.9773146
0.9938798
0.9962967
0.9172182
0.9976497
0.9936591
0.9981541
0.9996265
0.9913169
0.9889607
0.9967691
0.99222285
0.98677385
0.99445665
0.9817238
0.995886
0.9944382
0.9953178
0.010100293
0.06499289
0.9324597
0.9998976
0.99611264
0.9967404
0.43294093
0.09379595
0.9977527
0.9977192
0.9982115
0.87826246
0.8531115
0.42446095
0.9942747
0.0031556154
0.035700325
0.9978022
0.99447316
0.9957747
0.9935267
0.34993812
0.99560297
0.99773586
0.9875551
0.99295336
0.9995235
0.9857094
0.06559962
0.9915638
0.99784076
0.4669347
0.0066013224
0.99728894
0.996482
0.99499524
0.99475753
0.9983169
0.8285811
0.99993515
0.99971634
0.99285275
0.9980737
0.9970811
0.98184884
0.9962655
0.039502878
0.033693273
0.990335
0.49852568
0.15405904
0.9435222
0.005576254
0.9979292
0.9964805
0.9902958
0.9994444
0.9960939
0.97487235
0.9967919
0.8531877
0.99764353
0.9930118
0.2859895
0.9983773
0.9933109
0.99588627
0.9957045
0.09695062
0.996772
0.9957208
0.99819475
0.04853493
0.99795794
0.89452094
0.99185693
0.98457646
0.98716486
0.014777852
0.9911841
0.98373735
0.99573106
0.995008
0.99935323
0.94427544
0.989578
0.9921813
0.9927873
0.99969876
0.99589527
0.504781
0.9950472
0.99375993
0.9946824
0.9949588
0.981486
0.9286675
0.999876
0.99930966
0.9955369
0.99571854
0.6953948
0.8763368
0.99920005
0.95421445
0.9872594
0.99524045
0.9958294
0.121928975
0.9902749
0.99652797
0.9680016
0.99538416
0.998926
0.9900711
0.9969318
0.9890541
0.9993963
0.9989849
0.99805754
0.99876535
0.9383944
0.9990144
0.11405439
0.9964927
0.99748814
0.99638224
0.9861444
0.9990693
0.9916454
0.99640024
0.9952932
0.99819946
0.99584275
0.99641645
0.46189094
0.9979031
0.015163606
0.8282319
0.99808514
0.9972019
0.98125666
0.7434534
0.75733966
0.024499174
0.015169717
0.05052547
0.9473365
0.99894065
0.80919653
0.97249615
0.06860443
0.9615111
0.99285394
0.99676335
0.99440634
0.9993212
0.9966934
0.9945543
0.027478673
0.97945434
0.9949713
0.98386616
0.998869
0.44978088
0.20351942
0.974381
0.9889531
0.9975781
0.01646734
0.8111273
0.9946904
0.9970546
0.8639564
0.9745883
0.024328856
0.99348193
0.9969632
0.99491286
0.9892799
0.99296427
0.33414662
0.9862309
0.99436486
0.038254786
0.07337636
0.9772349
0.9941064
0.9991872
0.85735977
0.0380459
0.02081196
0.994695
0.9986524
0.99869174
0.991814
0.9987457
0.47620714
0.9972011
0.006420436
0.9631019
0.09060155
0.9971999
0.015665988
0.99727684
0.9839462
0.99990964
0.9919247
0.997718
0.9985336
0.44484842
0.09983731
0.98175687
0.99631053
0.9975424
0.055082794
0.9956899
0.98056203
0.9132201
0.94499254
0.9865508
0.07475165
0.99478984
0.9957145
0.9961104
0.14350139
0.99478215
0.41188467
0.9805368
0.98977906
0.999042
0.9997944
0.96048754
0.009341533
0.99114156
0.9987325
0.22156012
0.99892324
0.98032653
0.9943468
0.9968407
0.99643636
0.99626833
0.99388665
0.9929877
0.854785
0.9982167
0.99792373
0.38115764
0.9945345
0.94296384
0.9961927
0.9995783
0.96436423
0.99684346
0.9790111
0.99964786
0.05533591
0.8228273
0.9979309
0.9628686
0.75279903
0.99776304
0.9743188
0.99657154
0.9972807
0.9586343
0.071103334
0.90024143
0.9998091
0.97302204
0.9538182
0.9980447
0.98179483
0.9937262
0.98348075
0.83757657
0.997928
0.010777748
0.9973393
0.97287637
0.9976737
0.9978962
0.48067933
0.992421
0.99982446
0.99846053
0.029507797
0.6016699
0.4178067
0.1840065
0.9527911
0.02004324
0.9964939
0.9943861
0.9172041
0.9861077
0.028154807
0.4707368
0.9986469
0.7021365
0.6591557
0.95556945
0.9944745
0.9890627
0.9938021
0.99838257
0.33940727
0.9964354
0.99415684
0.99586475
0.9970335
0.98653376
0.85906535
0.010785528
0.99509203
0.99666226
0.9961635
0.067876525
0.09289777
0.08852711
0.17763525
0.5858617
0.81551206
0.99776554
0.9939375
0.9089772
0.9932093
0.99982786
0.084640004
0.9989748
0.74249136
0.9659222
0.9892954
0.9625839
0.9969116
0.044582605
0.074319564
0.08070209
0.6442989
0.9944173
0.01683818
0.1942689
0.43127635
0.9995691
0.9949563
0.37461096
0.9970445
0.9986228
0.9933501
0.9846714
0.997891
0.99801993
0.99493814
0.97581476
0.013692053
0.9992679
0.028489202
0.8314906
0.98019356
0.5337931
0.055305533
0.9977975
0.99853134
0.99910825
0.9957624
0.9947108
0.33128858
0.9990108
0.7799708
0.9029111
0.7620413
0.99213
0.9959925
0.7378651
0.9998946
0.9322268
0.9958961
0.16366236
0.99076486
0.9963006
0.79239756
0.9936132
0.9933541
0.9897132
0.9969416
0.026828963
0.9459214
0.9956878
0.97572756
0.99227446
0.99382186
0.85663164
0.8094202
0.99780184
0.91739225
0.0065240045
0.9984767
0.9908352
0.8648932
0.76886487
0.99857676
0.2734395
0.99706334
0.99799
0.99319804
0.034095548
0.9975949
0.95552886
0.96597064
0.99602556
0.994638
0.9980786
0.8572537
0.9962446
0.99771947
0.8880289
0.017564759
0.99940276
0.022684058
0.9974642
0.98574173
0.9998435
0.5604579
0.9920894
0.99883
0.96585643
0.1709777
0.04892645
0.99172217
0.9969562
0.0126421815
0.9954509
0.99741805
0.996624
0.99472225
0.98895663
0.9886103
0.9973667
0.9990681
0.99490744
0.95853174
0.9997962
0.99127144
0.9863333
0.9976127
0.46406388
0.08492036
0.99859196
0.1021985
0.98264647
0.995826
0.21899168
0.9950199
0.99718314
0.0465997
0.9594948
0.82760257
0.011313178
0.9941543
0.9974886
0.9954352
0.9987777
0.026447967
0.9965313
0.5861386
0.9952786
0.9996922
0.9952638
0.99610186
0.9840941
0.9863268
0.9965502
0.99465346
0.22825722
0.99825984
0.99797183
0.9961468
0.9833667
0.9043967
0.98563296
0.99985456
0.9571055
0.09049876
0.9961831
0.99971896
0.2960302
0.3635551
0.654163
0.012549576
0.9940001
0.9982174
0.9962561
0.99558085
0.59214884
0.9916363
0.9958046
0.118604556
0.98504525
0.80739856
0.99371946
0.9728774
0.99685574
0.009447613
0.007802141
0.9962591
0.99906987
0.9907079
0.999894
0.99988365
0.98043436
0.9979804
0.996349
0.6532998
0.9609042
0.8038174
0.9971517
0.9452725
0.9995484
0.9904766
0.99261826
0.9980952
0.0091187935
0.997551
0.14840992
0.22727211
0.99975127
0.9958621
0.9980648
0.9835739
0.9976519
0.93326867
0.9969137
0.9965119
0.9788104
0.55861044
0.98408264
0.9967874
0.9960372
0.9928409
0.71220446
0.7702589
0.9858592
0.9970878
0.99901056
0.043059155
0.9699431
0.99802643
0.97343725
0.9907665
0.9997559
0.9996879
0.8496894
0.02542976
0.99663466
0.97544754
0.99740607
0.9833784
0.99944586
0.813719
0.95070165
0.9888236
0.026288407
0.7439696
0.99740463
0.99713635
0.9687091
0.6310417
0.9925248
0.99825186
0.23002453
0.56020284
0.17678116
0.97851896
0.9945268
0.9999
0.9933483
0.9895912
0.9968671
0.9781693
0.9662366
0.99806315
0.9846881
0.99629956
0.9985556
0.99663854
0.20184483
0.9978886
0.99966216
0.7059931
0.993034
0.055631176
0.992735
0.498339
0.9915352
0.9828593
0.99302036
0.98883516
0.080473654
0.9987268
0.9980725
0.95813435
0.73257107
0.03821693
0.9834601
0.9906811
0.9960317
0.9894823
0.98702997
0.9978846
0.998828
0.9995321
0.99784935
0.9475791
0.99346185
0.9748614
0.9981772
0.04444347
0.87697536
0.99916327
0.23536693
0.9997501
0.9983076
0.9935096
0.003383563
0.029609328
0.069091976
0.9714894
0.99671894
0.9480499
0.077925
0.9950536
0.07363516
0.90997565
0.9383994
0.99982053
0.8920193
0.69118124
0.99648064
0.9889255
0.008965524
0.9965867
0.9922644
0.9897037
0.9709547
0.81912196
0.9931907
0.0033886156
0.9998398
0.9852388
0.99250984
0.9997353
0.9874889
0.99450654
0.9964025
0.77177197
0.964774
0.9979589
0.9447685
0.032823253
0.9635557
0.9974316
0.99493706
0.7898015
0.9976693
0.943644
0.9991716
0.9704991
0.99586856
0.9992186
0.99911886
0.005768587
0.9199495
0.99659
0.9979284
0.062241673
0.030092467
0.80923754
0.9870433
0.9907164
0.992054
0.99802905
0.1340855
0.99634665
0.9986254
0.90258044
0.987672
0.99504036
0.08530444
0.9918377
0.9627617
0.9998555
0.9955226
0.9865601
0.9942591
0.9796738
0.17010191
0.081929594
0.9975707
0.9843664
0.99260265
0.99739623
0.5454326
0.9982638
0.9649411
0.015097042
0.9458887
0.36439613
0.17311089
0.9935415
0.049480524
0.97845334
0.61792123
0.98879784
0.84860766
0.9871618
0.19077511
0.006761122
0.9918543
0.7627437
0.2034921
0.99412066
0.9997092
0.9505354
0.97087234
0.9131043
0.9963335
0.99706334
0.93664074
0.9720818
0.0070241536
0.77608037
0.09572584
0.99485344
0.9931982
0.99601597
0.998744
0.9759375
0.9910774
0.9987178
0.997537
0.9779023
0.9844013
0.957824
0.9967805
0.08532714
0.93061084
0.967535
0.99893516
0.9951722
0.7528111
0.9931391
0.04494293
0.0668158
0.9996884
0.4934913
0.9917687
0.97584265
0.9965706
0.98916733
0.97407687
0.9980598
0.8893294
0.99776757
0.9968021
0.99738044
0.9754819
0.99843496
0.99644214
0.9982998
0.79600495
0.9955621
0.99776244
0.9958021
0.07458597
0.995786
0.99639916
0.05479386
0.99793905
0.03610029
0.9994049
0.9956268
0.9981048
0.9985808
0.97495973
0.84244007
0.9915166
0.9491477
0.98844683
0.94009006
0.15973882
0.99432904
0.3003073
0.9983903
0.98442394
0.9917697
0.025707824
0.18200982
0.31756836
0.008512076
0.9975878
0.9996018
0.52468544
0.9911765
0.85802937
0.9766517
0.9970145
0.9349891
0.023989826
0.9934034
0.99680007
0.9967649
0.99567467
0.99783903
0.9944676
0.8063191
0.9665582
0.99054635
0.9970721
0.036343507
0.9998528
0.38206413
0.12633848
0.99817693
0.9814601
0.70837045
0.99207324
0.6592661
0.010689012
0.9580384
0.7744159
0.31888923
0.057579808
0.990914
0.99709415
0.9979851
0.9899393
0.9927006
0.9792372
0.9942027
0.99676955
0.9998652
0.061778594
0.991634
0.9996586
0.9931866
0.9996214
0.99777204
0.89693373
0.9991874
0.34395218
0.9058476
0.86544234
0.99584913
0.054076962
0.9999149
0.98954237
0.98883945
0.9879531
0.99969316
0.88609964
0.5473478
0.23739183
0.91991335
0.14748473
0.955423
0.9944172
0.9971571
0.02291457
0.99936634
0.027381778
0.9979146
0.026041055
0.9945269
0.9929715
0.85628325
0.9976851
0.999212
0.9981681
0.70495373
0.9987884
0.8886378
0.9887509
0.010168136
0.014279853
0.988298
0.99679273
0.9986082
0.98413473
0.9110641
0.18085901
0.9907828
0.9639276
0.9936056
0.91179305
0.99767226
0.120183855
0.97269034
0.99853003
0.052735824
0.9997267
0.9972115
0.060420107
0.99725986
0.82149166
0.9981558
0.01484103
0.041643966
0.991356
0.9945294
0.72082186
0.99792635
0.9967784
0.5792239
0.9914846
0.97279906
0.3989887
0.9974138
0.99983096
0.99557364
0.99650675
0.99957246
0.9989292
0.00654488
0.017455868
0.9805346
0.023436544
0.9753136
0.9989711
0.99573404
0.004718703
0.99992466
0.99716765
0.99753666
0.99320614
0.050821755
0.9237295
0.73965
0.7473398
0.9975114
0.99331033
0.9945748
0.98757523
0.9398337
0.99659663
0.99898213
0.99484104
0.9879609
0.90813917
0.99483323
0.9761825
0.99727976
0.99777895
0.99931705
0.82385254
0.9984218
0.5840516
0.9667913
0.934911
0.9734682
0.99547076
0.4991624
0.9995734
0.99138075
0.9977748
0.9951799
0.5464015
0.9823086
0.995852
0.98806703
0.9923045
0.9980046
0.50355595
0.7463551
0.99918216
0.6573913
0.9979943
0.98724306
0.99640536
0.88780195
0.20016918
0.94950265
0.9993389
0.8761252
0.99734074
0.0064940695
0.79110706
0.9820603
0.9976126
0.99450374
0.9841632
0.97051424
0.9947102
0.9712029
0.999813
0.020923126
0.004954376
0.9946138
0.9925799
0.9911096
0.97027147
0.9111516
0.9867177
0.99813336
0.36238968
0.9961532
0.98067755
0.9979983
0.9969813
0.99072266
0.9966723
0.9988366
0.99356234
0.9981858
0.99780613
0.9827962
0.99427515
0.030067565
0.95703685
0.8983553
0.73226434
0.92905647
0.89673775
0.010212871
0.9941104
0.057610635
0.72229654
0.9919418
0.9935195
0.9942286
0.8653486
0.9938665
0.99277955
0.9977889
0.9781929
0.9966863
0.9981488
0.9989172
0.99945766
0.6980506
0.99764735
0.99639773
0.9858686
0.9986688
0.9847727
0.9889664
0.9862316
0.99832505
0.997905
0.97738147
0.9863492
0.99338174
0.48967016
0.99932647
0.95308435
0.019766154
0.99240303
0.8796456
0.9216858
0.7986124
0.9987374
0.99589455
0.99296194
0.9816975
0.5916167
0.98303014
0.99979323
0.973176
0.0900127
0.9983423
0.9784362
0.99540627
0.07276965
0.99808276
0.9938046
0.99967957
0.9927279
0.029166564
0.995464
0.94794434
0.16852927
0.9999231
0.99626154
0.7835463
0.9924601
0.9980312
0.008165326
0.5526154
0.9284793
0.108959794
0.8265702
0.99713373
0.9986091
0.99074394
0.99785656
0.9586685
0.99407685
0.018125348
0.887541
0.07647188
0.99829906
0.95097494
0.994941
0.9771488
0.26691884
0.9457172
0.9977763
0.99821067
0.84202427
0.79600185
0.87233245
0.8521711
0.03440257
0.9623268
0.98660165
0.99602723
0.9209552
0.030060334
0.9978607
0.22197492
0.9907923
0.9601775
0.9994067
0.09399128
0.977892
0.99977356
0.9952179
0.15391003
0.7930661
0.99599445
0.9963966
0.9973116
0.99567825
0.9990631
0.98513746
0.04187913
0.9978709
0.7743756
0.9901183
0.99253416
0.9951652
0.018740742
0.4976008
0.9844632
0.9608462
0.9979615
0.9856204
0.9116535
0.0060884748
0.97397184
0.99193525
0.037486978
0.027628388
0.9995696
0.9956766
0.85014796
0.62944007
0.6241016
0.9504051
0.9730129
0.9977506
0.016409935
0.083217934
0.99532986
0.99823546
0.99479806
0.99275076
0.9974585
0.9947502
0.9958616
0.99986994
0.011738094
0.93426055
0.7126267
0.54934096
0.019344226
0.9937376
0.9959908
0.9979578
0.9171928
0.99675304
0.99934655
0.7178462
0.9974179
0.8676249
0.9974692
0.98555875
0.9229396
0.9999373
0.99800664
0.9921995
0.99593747
0.06400452
0.99530435
0.59972525
0.99480826
0.99409443
0.023522273
0.986289
0.022428945
0.99540967
0.98343486
0.89841723
0.994134
0.78197116
0.016863467
0.09938923
0.38550964
0.99759537
0.9987967
0.22279908
0.99921596
0.9935336
0.69034696
0.9960503
0.98979586
0.9936791
0.9904274
0.9977042
0.997789
0.9969104
0.9976896
0.9241046
0.84457994
0.959964
0.9977209
0.99850875
0.90577656
0.95804375
0.95196027
0.9573979
0.99889827
0.5645921
0.69208723
0.95878637
0.99380577
0.14746945
0.99869883
0.020110752
0.9991652
0.99780434
0.98524886
0.9989611
0.38546973
0.08834228
0.07609273
0.75857145
0.006754359
0.9981029
0.9973665
0.46047387
0.9385385
0.99303246
0.9765648
0.9951615
0.9938107
0.99581724
0.80696356
0.997544
0.9880293
0.76232153
0.9588177
0.9913585
0.081478454
0.9999521
0.98514766
0.9985806
0.9872541
0.99798226
0.99548537
0.9680637
0.9849364
0.99840987
0.9933843
0.9994004
0.012618709
0.9897196
0.9835724
0.97530305
0.99045265
0.0073881834
0.9991398
0.77082235
0.99135524
0.99743074
0.9990095
0.99318755
0.99293834
0.26708743
0.9932167
0.99854267
0.9222262
0.33386356
0.9648698
0.9996432
0.99790895
0.99862456
0.9973285
0.9981205
0.019536402
0.9814015
0.99667466
0.04270761
0.9952674
0.99582666
0.9970022
0.9939978
0.96021485
0.99817467
0.990694
0.9972084
0.9916564
0.89681256
0.98868936
0.9937308
0.9980178
0.9894733
0.792441
0.9616138
0.9868901
0.9265079
0.9942753
0.9923969
0.79481757
0.9956518
0.2354977
0.9769448
0.99727434
0.99683845
0.99848205
0.9916278
0.9931914
0.9903037
0.9945971
0.9957568
0.9928889
0.9982058
0.8631843
0.99774015
0.26070908
0.98928165
0.9977575
0.9888011
0.008643761
0.019275995
0.017621558
0.99896204
0.98777443
0.98762673
0.8744409
0.9996743
0.99737537
0.9959246
0.9942986
0.9970849
0.9703216
0.9345715
0.8614068
0.9976441
0.060441658
0.99841595
0.993654
0.9983041
0.9936866
0.25579873
0.048823033
0.9958947
0.99139345
0.9921802
0.9974082
0.94270325
0.018207993
0.99789894
0.999716
0.99823207
0.9958677
0.9902942
0.9500767
0.9955319
0.9957486
0.9899144
0.9990663
0.9971259
0.9952598
0.99847156
0.99993336
0.996108
0.99967015
0.99379927
0.999233
0.99900454
0.17861494
0.7110442
0.98910785
0.99712664
0.98377776
0.02753241
0.990254
0.9992281
0.9564197
0.24515787
0.99799854
0.9971512
0.98959154
0.4566291
0.9979249
0.9993303
0.95334643
0.040313743
0.99919575
0.9971306
0.935861
0.9859233
0.30050394
0.36847848
0.99980706
0.7013413
0.87541664
0.9991715
0.095632866
0.99196035
0.99726236
0.99050397
0.8232722
0.080496944
0.9975337
0.13547203
0.99994004
0.99463356
0.9955586
0.9973236
0.99597424
0.9979437
0.9759444
0.9968947
0.9683935
0.99986756
0.9998611
0.9694363
0.9951214
0.4644425
0.99094397
0.09500383
0.9980343
0.027811592
0.9981699
0.9053671
0.98297113
0.99708706
0.996831
0.9923264
0.9537148
0.19492276
0.92694026
0.087531514
0.97349924
0.01745604
0.9928014
0.99130344
0.9928653
0.9994869
0.44233736
0.99795556
0.9991328
0.99640334
0.9958371
0.9949228
0.9988133
0.9732649
0.82109904
0.9808623
0.9994438
0.9958983
0.98242915
0.96862453
0.9157573
0.99510175
0.99792814
0.012087579
0.19890471
0.975422
0.99741155
0.8654348
0.88446087
0.4667492
0.999943
0.9323047
0.9835935
0.99959284
0.99895823
0.99729425
0.9980269
0.9905218
0.41725275
0.9996357
0.9919978
0.18406086
0.9766891
0.97857
0.98769647
0.8274085
0.99846673
0.9951662
0.99372125
0.6157193
0.04128869
0.97322243
0.29349783
0.5988316
0.9964455
0.9899531
0.050747912
0.9806433
0.94515246
0.9946391
0.03674584
0.9958015
0.8212422
0.9989673
0.99984646
0.99978
0.9892124
0.99391407
0.40788016
0.99394625
0.9887987
0.7440951
0.9971744
0.995276
0.9668481
0.8597314
0.68259925
0.42601186
0.9966395
0.036584448
0.99640155
0.92716306
0.8418183
0.9977049
0.9717861
0.71990806
0.9873453
0.9954726
0.8908446
0.9986866
0.9963031
0.9974956
0.9970488
0.9939155
0.99028254
0.9991578
0.9981117
0.9985135
0.5070336
0.9414998
0.999795
0.011465565
0.9945621
0.99426913
0.99854255
0.9495194
0.99990416
0.9823194
0.13334493
0.9995826
0.61448693
0.99638736
0.9894559
0.9750323
0.15697564
0.9880348
0.9013642
0.99651825
0.91391355
0.99936527
0.96069235
0.9994319
0.9955135
0.69802403
0.99766076
0.9987186
0.7980004
0.9985933
0.014554238
0.9980981
0.91961986
0.6856224
0.038912393
0.84988123
0.9661769
0.9964897
0.055077806
0.99990153
0.9893718
0.9950138
0.99462104
0.99069023
0.39989778
0.9982653
0.9862514
0.9840194
0.99646854
0.9927602
0.93249756
0.01964367
0.7747185
0.9953355
0.9981294
0.13045968
0.066615306
0.9763981
0.99746776
0.99574184
0.9994838
0.106341295
0.99460804
0.9949698
0.008443547
0.96585745
0.99153554
0.6873461
0.97852135
0.45236725
0.99536186
0.9938479
0.99444795
0.99740416
0.9978643
0.9975001
0.75742024
0.9845871
0.07514951
0.010532957
0.9860401
0.92070323
0.98932505
0.997509
0.99553716
0.98193914
0.98451555
0.1170097
0.89238983
0.8399129
0.038476508
0.9947824
0.99892765
0.9956422
0.99868935
0.99896324
0.9992586
0.9870078
0.99824464
0.9977525
0.9982412
0.9984145
0.027533604
0.9997397
0.96855855
0.96485835
0.9964804
0.9956591
0.9912224
0.99943894
0.9979882
0.015875468
0.99686253
0.9984061
0.98980546
0.98911
0.9832404
0.98892385
0.45338905
0.9975993
0.91764975
0.98476416
0.03680336
0.9089212
0.96466774
0.99635434
0.9797503
0.99766445
0.94454885
0.017382424
0.9857722
0.9990859
0.9992537
0.99878806
0.99745005
0.98921865
0.9937395
0.006091644
0.9995555
0.99878114
0.03048374
0.97253126
0.99684143
0.995546
0.3769635
0.99307984
0.99670583
0.98910785
0.9921968
0.99704236
0.9996412
0.11000242
0.9500088
0.9991239
0.99686605
0.9925775
0.03280559
0.9904807
0.993415
0.99720544
0.99617577
0.996765
0.015954413
0.97816247
0.97904783
0.94457555
0.96725446
0.9945076
0.18475032
0.45564744
0.9732861
0.99624723
0.9897702
0.9511174
0.9998604
0.95761776
0.96452665
0.99576867
0.05967772
0.99743396
0.99251914
0.98893565
0.9904722
0.9982667
0.058277383
0.99753976
0.70684254
0.9542833
0.96541816
0.9927105
0.9736788
0.9996946
0.06460515
0.74175996
0.99828476
0.010384917
0.80351675
0.0324475
0.99417984
0.016878352
0.9990068
0.99635327
0.99355894
0.99161845
0.15833788
0.69922394
0.99532735
0.99589396
0.082925804
0.990357
0.9470825
0.9629793
0.99338645
0.018693022
0.9709944
0.08756129
0.22564915
0.99579984
0.99739045
0.9938548
0.99525946
0.9751315
0.99249744
0.9957728
0.9952302
0.9724495
0.5429005
0.92838025
0.93247783
0.9988599
0.8699996
0.9994235
0.99446374
0.42830276
0.99192506
0.96804684
0.9962282
0.0044531887
0.99759907
0.98419166
0.9274262
0.9901299
0.9988391
0.9974533
0.9982346
0.99954623
0.9961825
0.9970511
0.99431217
0.89597654
0.13421412
0.028694289
0.99564385
0.9892748
0.9978235
0.21675405
0.99419135
0.9080171
0.9908959
0.99490005
0.9919912
0.99162275
0.89567643
0.9915746
0.9896086
0.99766505
0.07848378
0.9809738
0.9942542
0.9977724
0.99914014
0.9983524
0.9955842
0.92372733
0.98618907
0.99813265
0.9960483
0.531807
0.8424834
0.92020005
0.95503336
0.9998957
0.98721164
0.9999043
0.9975133
0.46121958
0.99727064
0.9978033
0.99919254
0.99900657
0.9985695
0.9971137
0.9908375
0.95171195
0.5047023
0.9843536
0.9005008
0.43720642
0.99954945
0.89236635
0.9993186
0.99780434
0.99590176
0.9974381
0.59114885
0.024594527
0.8655353
0.99965334
0.98556143
0.04272205
0.9976718
0.895429
0.99881625
0.99809116
0.9765658
0.99857223
0.014897565
0.97033733
0.99895895
0.93869686
0.9989686
0.9972114
0.9971258
0.9975479
0.992253
0.9782809
0.08285892
0.9930565
0.017608084
0.9995895
0.8793189
0.91031224
0.008325088
0.065270506
0.999025
0.22178602
0.05395309
0.9931068
0.9983707
0.997326
0.97504926
0.98792136
0.99883133
0.98924786
0.7997185
0.88809144
0.9940258
0.9795461
0.21393031
0.99479514
0.968182
0.9975177
0.98250455
0.9960937
0.99645954
0.99352247
0.92812717
0.19205795
0.9874083
0.9335382
0.77807593
0.048811473
0.9993198
0.31363732
0.99923825
0.06594316
0.10803424
0.9933467
0.48288703
0.8457285
0.98392963
0.9984289
0.9675049
0.9596237
0.9960885
0.9994886
0.7745873
0.9970294
0.9959437
0.05535431
0.99520665
0.020731958
0.88297606
0.9986749
0.99612457
0.9951658
0.14465027
0.99612856
0.9971898
0.99475634
0.9999019
0.051696997
0.99419844
0.97764504
0.995069
0.9961557
0.98948306
0.0848121
0.9920529
0.06544215
0.82270616
0.98553663
0.9494277
0.9602625
0.21198891
0.9984378
0.017854374
0.9976507
0.93552536
0.071040556
0.99138254
0.97066104
0.9795308
0.91390204
0.5612474
0.99037933
0.9626078
0.19692835
0.04496028
0.9360306
0.99933285
0.7876642
0.99857473
0.99990594
0.94517183
0.00592005
0.9987997
0.9995511
0.99128306
0.99862695
0.025749164
0.994117
0.9901731
0.9604234
0.94710636
0.9999325
0.9689873
0.87928116
0.98424965
0.9715873
0.9959998
0.9958664
0.9951964
0.9956346
0.99634993
0.22226405
0.56253743
0.99837434
0.9119673
0.051511064
0.95784104
0.9978327
0.91340536
0.010366151
0.051013853
0.99778444
0.7412197
0.044973098
0.9766384
0.9977829
0.997357
0.9769602
0.009627208
0.98788434
0.9841329
0.81019676
0.29830346
0.9934691
0.6803167
0.93442845
0.04454123
0.996527
0.9982337
0.11915119
0.98826337
0.8955878
0.92688656
0.9959416
0.80984586
0.62837464
0.9071559
0.998686
0.96835023
0.9980404
0.9999323
0.9963946
0.8605589
0.99502784
0.9995035
0.9912292
0.9850043
0.8561207
0.5293464
0.69143176
0.99790454
0.9112824
0.99557745
0.9488623
0.8795063
0.9964881
0.9933356
0.9862178
0.99361354
0.99961925
0.9894118
0.081962384
0.58323723
0.5298638
0.99070495
0.9812066
0.96669346
0.98755926
0.023774024
0.97848666
0.7952068
0.9990491
0.9160252
0.9906426
0.9931966
0.9881726
0.9874306
0.99488586
0.9920149
0.306221
0.7517436
0.99770397
0.006040481
0.24960607
0.9988537
0.99893624
0.9890505
0.7171291
0.9993426
0.9949261
0.5055648
0.99810165
0.06435779
0.029672042
0.9987355
0.9956964
0.84260696
0.77555984
0.977794
0.9961591
0.99824417
0.97199047
0.9959674
0.95684016
0.18936291
0.952193
0.99867517
0.9671465
0.99081063
0.86566365
0.98535246
0.9756699
0.273826
0.9945045
0.81666434
0.9165091
0.98235095
0.9983323
0.72956306
0.9837054
0.9906668
0.0020275463
0.9517033
0.9969478
0.98866546
0.99802506
0.9490546
0.5489998
0.9951142
0.8028388
0.094530135
0.89968926
0.98726404
0.999474
0.98497295
0.9990427
0.98956686
0.99670815
0.9990073
0.99995625
0.99064016
0.9918258
0.006302498
0.99949
0.99793017
0.7637503
0.9784152
0.99792635
0.99669373
0.992486
0.9911344
0.6558169
0.9972242
0.9958062
0.99501604
0.99389184
0.100824855
0.9933576
0.7325675
0.999684
0.90160155
0.99723685
0.86851573
0.99578553
0.9805635
0.9927751
0.9969104
0.99585116
0.99020725
0.8492473
0.9960079
0.014087258
0.9958792
0.99843913
0.005391925
0.97831124
0.9983273
0.99849844
0.9994998
0.5821421
0.99811953
0.99862754
0.9979393
0.098256715
0.9982039
0.99634993
0.9961111
0.0032766713
0.99201477
0.9979455
0.9998186
0.99872583
0.011184147
0.63715065
0.074114926
0.10093676
0.997209
0.98699176
0.99664235
0.9965228
0.9964772
0.923106
0.9995734
0.9566283
0.017712539
0.90104777
0.03433862
0.06418843
0.8488746
0.9985655
0.8025362
0.3424916
0.9900075
0.9736009
0.11401722
0.9976394
0.99593395
0.99796706
0.04463341
0.50284404
0.947075
0.99936575
0.98154724
0.9985493
0.99485886
0.99562943
0.9946437
0.9954205
0.99975413
0.9995902
0.9985488
0.9975037
0.9388472
0.27335903
0.9995454
0.9977187
0.0195396
0.024442628
0.9865238
0.98894966
0.9949753
0.99534976
0.99872583
0.9999057
0.95041263
0.9870407
0.9952276
0.8969691
0.9937926
0.99738497
0.9976615
0.9641066
0.97827977
0.0901179
0.65316474
0.68391764
0.9956773
0.9648102
0.014636458
0.9577982
0.99951124
0.042163998
0.9991505
0.99523145
0.9913421
0.9974227
0.104284056
0.99055475
0.9900242
0.022148864
0.99852693
0.99711406
0.99215066
0.9989188
0.99569136
0.9946873
0.9937249
0.9822119
0.99900025
0.83736736
0.998259
0.9901542
0.9997924
0.90163904
0.99464875
0.9988846
0.9919063
0.9998379
0.0028956847
0.995001
0.99474156
0.06978034
0.9988531
0.9915324
0.9750235
0.82788706
0.4180589
0.99554366
0.9942714
0.9507236
0.99770266
0.99225414
0.93508375
0.9919018
0.9498966
0.92400694
0.9861195
0.99758625
0.9997036
0.9863073
0.9945174
0.97992855
0.7948287
0.994476
0.9764088
0.97812325
0.8129499
0.99502605
0.9979638
0.99780566
0.97768825
0.10081379
0.99702114
0.99292845
0.9920827
0.98229766
0.985647
0.99954176
0.9785377
0.9951578
0.9924952
0.99945456
0.5000576
0.9989347
0.9971494
0.9949951
0.7655232
0.19325715
0.98975706
0.9998487
0.9961081
